File: C:\MED-PC\Data\2023-07-19_09h48m_Subject 137.txt


Start Date: 07/19/23
End Date: 07/19/23
Subject: 137
Experiment: 0
Group: 0
Box: 2
Start Time: 09:48:07
End Time: 11:11:02
MSN: CF-SetShifting07132023
B:       0.000
I:     191.000
N:      35.000
R:       2.000
T:    4500.000
V:       2.000
A:
     0:        8.000        9.000        5.000       14.000
C:
     0:        0.000        0.000        0.000        0.000        0.000
     5:        0.000      147.160      168.920      192.760      210.380
    10:      239.010      261.480      269.170      285.730      318.120
    15:      348.530      361.180      378.010      399.740      425.340
    20:      448.830      469.250      485.100      509.510      527.170
    25:      549.680      571.780      581.010      604.640      622.190
    30:      640.180      655.910      678.270      692.010      708.060
    35:      725.100      737.000      754.460      774.830      792.760
    40:      813.250      829.880      852.050      861.520      884.010
    45:        0.000      917.360      927.580      944.900      963.680
    50:      984.810     1006.530     1024.940     1054.450     1079.700
    55:     1102.910     1123.050     1146.360        0.000     1191.130
    60:     1217.240     1239.250     1254.190        0.000     1290.750
    65:     1298.510     1323.760     1351.370     1374.000     1383.470
    70:        0.000     1420.130        0.000     1464.680     1472.270
    75:     1498.240     1518.130     1530.940     1550.880     1562.790
    80:     1592.740     1608.750     1632.300     1640.610     1660.450
    85:     1678.630     1700.980     1708.290     1733.440     1754.800
    90:     1777.120     1802.150     1832.200     1863.280     1886.370
    95:        0.000     1936.700     1950.860     1972.600        0.000
   100:        0.000     2044.380     2062.460     2089.110     2110.270
   105:     2138.210     2146.620     2170.040        0.000     2214.730
   110:     2250.070     2267.830     2292.280     2306.740     2336.100
   115:     2361.260     2385.610     2410.230     2420.400     2440.870
   120:     2464.860        0.000        0.000     2538.810        0.000
   125:        0.000     2606.400        0.000     2641.000     2656.420
   130:     2669.260     2692.480        0.000     2733.780        0.000
   135:     2776.340     2791.370     2811.760        0.000     2846.710
   140:        0.000        0.000     2913.030        0.000     2945.860
   145:     2971.320        0.000     3009.160     3020.110     3034.480
   150:     3069.930     3079.320     3103.190     3126.690     3141.090
   155:     3158.400     3173.010        0.000        0.000     3246.030
   160:     3260.560     3273.720     3292.470     3303.870        0.000
   165:     3343.190     3354.580     3364.460     3378.990     3393.580
   170:     3412.650     3424.240     3448.940     3456.900     3483.090
   175:        0.000     3525.250        0.000     3570.560        0.000
   180:     3604.560     3622.430     3632.100        0.000     3679.510
   185:     3693.920     3703.050     3715.770     3729.020     3739.850
   190:     3749.870
D:
     0:        0.000        0.000        0.000        0.000        0.000
     5:        0.000        1.310        0.810        0.820        0.950
    10:        0.730        0.770        0.710        0.980        0.820
    15:        0.680        0.840        1.060        0.940        0.940
    20:        1.280        1.220        1.200        1.270        0.680
    25:        0.940        0.910        2.010        2.760        1.050
    30:        1.400        1.790        0.740        0.590        1.230
    35:        0.770        0.690        1.840        0.890        1.200
    40:        0.910        2.780        1.960        1.090        3.220
    45:        0.000        0.730        0.730        3.090        1.460
    50:        2.020        1.260        0.640        3.280        1.050
    55:        0.860        0.980        1.950        0.000        1.320
    60:        1.140        0.950        0.830        0.000        1.020
    65:        0.730        1.030        1.560        0.770        0.800
    70:        0.000        0.710        0.000        0.980        0.780
    75:        0.840        0.770        0.760        0.930        0.930
    80:        0.880        1.120        0.960        0.770        0.850
    85:        1.020        1.580        0.650        2.570        0.920
    90:        1.020        3.800        1.260        3.010        3.910
    95:        0.000        1.090        0.740        0.770        0.000
   100:        0.000        1.420        1.210        1.170        1.090
   105:        1.460        0.750        1.030        0.000        1.020
   110:        2.610        0.840        0.970        0.880        1.200
   115:        1.160        0.740        1.060        0.980        2.920
   120:        0.740        0.000        0.000        1.280        0.000
   125:        0.000        1.020        0.000        1.420        0.770
   130:        1.210        1.750        0.000        0.950        0.000
   135:        0.790        0.620        2.890        0.000        1.210
   140:        0.000        0.000        0.910        0.000        0.770
   145:        0.880        0.000        0.860        0.950        0.910
   150:        1.120        1.400        0.840        1.290        1.350
   155:        2.640        2.450        0.000        0.000        0.900
   160:        1.260        2.170        0.900        1.280        0.000
   165:        1.270        1.480        1.720        0.920        1.660
   170:        1.530        1.060        1.830        1.100        1.980
   175:        0.000        0.870        0.000        0.840        0.000
   180:        0.770        3.390        2.150        0.000        0.800
   185:        0.850        0.770        1.750        2.090        0.840
   190:        2.000
F:
     0:        0.000        0.000        0.000        0.000        0.000
     5:        0.000        3.000        2.000        1.000        4.000
    10:        1.000        3.000        2.000        4.000        4.000
    15:        3.000        1.000        2.000        1.000        3.000
    20:        4.000        2.000        2.000        4.000        3.000
    25:        1.000        4.000        1.000        2.000        3.000
    30:        4.000        3.000        1.000        2.000        3.000
    35:        2.000        1.000        4.000        3.000        4.000
    40:        2.000        1.000        4.000        2.000        1.000
    45:        0.000        3.000        2.000        4.000        3.000
    50:        1.000        4.000        1.000        2.000        3.000
    55:        2.000        1.000        4.000        0.000        3.000
    60:        3.000        2.000        1.000        0.000        4.000
    65:        1.000        3.000        4.000        2.000        3.000
    70:        0.000        4.000        0.000        1.000        2.000
    75:        4.000        2.000        3.000        1.000        3.000
    80:        2.000        4.000        1.000        2.000        3.000
    85:        4.000        1.000        2.000        3.000        4.000
    90:        4.000        3.000        1.000        2.000        2.000
    95:        0.000        3.000        1.000        4.000        0.000
   100:        0.000        1.000        2.000        4.000        3.000
   105:        3.000        4.000        1.000        0.000        2.000
   110:        2.000        3.000        4.000        1.000        3.000
   115:        4.000        1.000        2.000        1.000        2.000
   120:        4.000        0.000        0.000        3.000        0.000
   125:        0.000        2.000        0.000        4.000        3.000
   130:        1.000        4.000        0.000        1.000        0.000
   135:        3.000        2.000        4.000        0.000        1.000
   140:        0.000        0.000        3.000        0.000        2.000
   145:        2.000        0.000        3.000        1.000        4.000
   150:        3.000        4.000        2.000        1.000        1.000
   155:        2.000        4.000        0.000        0.000        3.000
   160:        4.000        1.000        3.000        2.000        0.000
   165:        4.000        2.000        3.000        1.000        2.000
   170:        4.000        3.000        1.000        3.000        1.000
   175:        0.000        2.000        0.000        4.000        0.000
   180:        4.000        2.000        3.000        0.000        1.000
   185:        1.000        4.000        3.000        2.000        4.000
   190:        2.000
G:
     0:      108.000       49.000       59.000        0.000
H:
     0:        0.000        0.000        0.000        0.000        0.000
     5:        0.000        1.000        2.000        1.000        2.000
    10:        2.000        1.000        2.000        2.000        2.000
    15:        1.000        2.000        1.000        2.000        2.000
    20:        2.000        1.000        2.000        2.000        1.000
    25:        2.000        1.000        1.000        1.000        2.000
    30:        1.000        2.000        1.000        1.000        2.000
    35:        1.000        1.000        1.000        1.000        2.000
    40:        1.000        2.000        1.000        1.000        1.000
    45:        0.000        1.000        1.000        2.000        1.000
    50:        1.000        2.000        1.000        1.000        1.000
    55:        1.000        1.000        1.000        0.000        1.000
    60:        1.000        1.000        1.000        0.000        1.000
    65:        1.000        2.000        2.000        1.000        1.000
    70:        0.000        1.000        0.000        1.000        1.000
    75:        1.000        1.000        1.000        1.000        1.000
    80:        4.000        4.000        3.000        4.000        4.000
    85:        4.000        3.000        4.000        4.000        4.000
    90:        4.000        4.000        4.000        4.000        4.000
    95:        0.000        3.000        4.000        4.000        0.000
   100:        0.000        4.000        3.000        3.000        4.000
   105:        3.000        4.000        3.000        0.000        4.000
   110:        4.000        3.000        3.000        4.000        3.000
   115:        3.000        4.000        3.000        4.000        4.000
   120:        3.000        0.000        0.000        3.000        0.000
   125:        0.000        3.000        0.000        3.000        3.000
   130:        4.000        3.000        0.000        4.000        0.000
   135:        3.000        3.000        3.000        0.000        4.000
   140:        0.000        0.000        3.000        0.000        3.000
   145:        3.000        0.000        3.000        3.000        4.000
   150:        3.000        3.000        3.000        3.000        3.000
   155:        3.000        3.000        0.000        0.000        3.000
   160:        3.000        3.000        3.000        3.000        0.000
   165:        3.000        3.000        3.000        3.000        3.000
   170:        3.000        4.000        3.000        4.000        3.000
   175:        0.000        3.000        0.000        3.000        0.000
   180:        3.000        3.000        3.000        0.000        3.000
   185:        3.000        3.000        3.000        3.000        3.000
   190:        3.000
J:
     0:        0.000        0.000        0.000        0.000        0.000
     5:        0.000        1.000        1.000        1.000        1.000
    10:        1.000        1.000        1.000        1.000        1.000
    15:        1.000        1.000        1.000        1.000        1.000
    20:        1.000        1.000        1.000        1.000        1.000
    25:        1.000        1.000        1.000        1.000        1.000
    30:        1.000        1.000        1.000        1.000        1.000
    35:        1.000        1.000        1.000        1.000        1.000
    40:        1.000        1.000        1.000        1.000        1.000
    45:        0.000        1.000        1.000        1.000        1.000
    50:        1.000        1.000        1.000        1.000        1.000
    55:        1.000        1.000        1.000        0.000        1.000
    60:        1.000        1.000        1.000        0.000        1.000
    65:        1.000        1.000        1.000        1.000        1.000
    70:        0.000        1.000        0.000        1.000        1.000
    75:        1.000        1.000        1.000        1.000        1.000
    80:        1.000        0.000        0.000        0.000        0.000
    85:        0.000        0.000        0.000        0.000        0.000
    90:        0.000        0.000        0.000        0.000        0.000
    95:        0.000        0.000        0.000        0.000        0.000
   100:        0.000        0.000        0.000        0.000        0.000
   105:        0.000        0.000        0.000        0.000        0.000
   110:        0.000        0.000        0.000        0.000        0.000
   115:        0.000        0.000        0.000        0.000        0.000
   120:        0.000        0.000        0.000        0.000        0.000
   125:        0.000        0.000        0.000        0.000        0.000
   130:        0.000        0.000        0.000        0.000        0.000
   135:        0.000        0.000        0.000        0.000        0.000
   140:        0.000        0.000        0.000        0.000        0.000
   145:        0.000        0.000        0.000        0.000        0.000
   150:        0.000        0.000        0.000        0.000        0.000
   155:        0.000        0.000        0.000        0.000        0.000
   160:        0.000        0.000        0.000        0.000        0.000
   165:        0.000        0.000        0.000        0.000        0.000
   170:        0.000        0.000        0.000        0.000        0.000
   175:        0.000        0.000        0.000        0.000        0.000
   180:        0.000        0.000        0.000        0.000        0.000
   185:        0.000        0.000        0.000        0.000        0.000
   190:        0.000
K:
     0:        0.000        0.000        0.000        0.000        0.000
     5:        0.000        0.000        0.000        0.000        0.000
    10:        0.000        0.000        0.000        0.000        0.000
    15:        0.000        0.000        0.000        0.000        0.000
    20:        0.000        0.000        0.000        0.000        0.000
    25:        0.000        0.000        0.000        0.000        0.000
    30:        0.000        0.000        0.000        0.000        0.000
    35:        0.000        0.000        0.000        0.000        0.000
    40:        0.000        0.000        0.000        0.000        0.000
    45:        0.000        0.000        0.000        0.000        0.000
    50:        0.000        0.000        0.000        0.000        0.000
    55:        0.000        0.000        0.000        0.000        0.000
    60:        0.000        0.000        0.000        0.000        0.000
    65:        0.000        0.000        0.000        0.000        0.000
    70:        0.000        0.000        0.000        0.000        0.000
    75:        0.000        0.000        0.000        0.000        0.000
    80:        0.000        0.000        0.000        0.000        0.000
    85:        0.000        0.000        0.000        0.000        0.000
    90:        0.000        0.000        0.000        0.000        0.000
    95:        0.000        0.000        0.000        0.000        0.000
   100:        0.000        0.000        0.000        0.000        0.000
   105:        0.000        0.000        0.000        0.000        0.000
   110:        0.000        0.000        0.000        0.000        0.000
   115:        0.000        0.000        0.000        0.000        0.000
   120:        0.000        0.000        0.000        0.000        0.000
   125:        0.000        0.000        0.000        0.000        0.000
   130:        0.000        0.000        0.000        0.000        0.000
   135:        0.000        0.000        0.000        0.000        0.000
   140:        0.000        0.000        0.000        0.000        0.000
   145:        0.000        0.000        0.000        0.000        0.000
   150:        0.000        0.000        0.000        0.000        0.000
   155:        0.000        0.000        0.000        0.000        0.000
   160:        0.000        0.000        0.000        0.000        0.000
   165:        0.000        0.000        0.000        0.000        0.000
   170:        0.000        0.000        0.000        0.000        0.000
   175:        0.000        0.000        0.000        0.000        0.000
   180:        0.000        0.000        0.000        0.000        0.000
   185:        0.000        0.000        0.000        0.000        0.000
   190:        0.000
L:
     0:        0.000        0.000        0.000        0.000        0.000
     5:        0.000        5.000        2.000        2.000        5.000
    10:        2.000        5.000        2.000        5.000        5.000
    15:        5.000        2.000        2.000        2.000        5.000
    20:        5.000        2.000        2.000        5.000        5.000
    25:        2.000        5.000        2.000        2.000        5.000
    30:        5.000        5.000        2.000        2.000        5.000
    35:        2.000        2.000        5.000        5.000        5.000
    40:        2.000        2.000        5.000        2.000        2.000
    45:        0.000        5.000        2.000        5.000        5.000
    50:        2.000        5.000        2.000        2.000        5.000
    55:        2.000        2.000        5.000        0.000        5.000
    60:        5.000        2.000        2.000        0.000        5.000
    65:        2.000        5.000        5.000        2.000        5.000
    70:        0.000        5.000        0.000        2.000        2.000
    75:        5.000        2.000        5.000        2.000        5.000
    80:        1.000        4.000        1.000        1.000        4.000
    85:        4.000        1.000        1.000        4.000        4.000
    90:        4.000        4.000        1.000        1.000        1.000
    95:        0.000        4.000        1.000        4.000        0.000
   100:        0.000        1.000        1.000        4.000        4.000
   105:        4.000        4.000        1.000        0.000        1.000
   110:        1.000        4.000        4.000        1.000        4.000
   115:        4.000        1.000        1.000        1.000        1.000
   120:        4.000        0.000        0.000        4.000        0.000
   125:        0.000        1.000        0.000        4.000        4.000
   130:        1.000        4.000        0.000        1.000        0.000
   135:        4.000        1.000        4.000        0.000        1.000
   140:        0.000        0.000        4.000        0.000        1.000
   145:        1.000        0.000        4.000        1.000        4.000
   150:        4.000        4.000        1.000        1.000        1.000
   155:        1.000        4.000        0.000        0.000        4.000
   160:        4.000        1.000        4.000        1.000        0.000
   165:        4.000        1.000        4.000        1.000        1.000
   170:        4.000        4.000        1.000        4.000        1.000
   175:        0.000        1.000        0.000        4.000        0.000
   180:        4.000        1.000        4.000        0.000        1.000
   185:        1.000        4.000        4.000        1.000        4.000
   190:        1.000
M:
     0:        0.000        0.000        0.000        0.000
O:
     0:        0.000        0.000        0.000        0.000        0.000
     5:        0.000        0.000        0.000        0.000        0.000
    10:        0.000        0.000        0.000        0.000        0.000
    15:        0.000        0.000        0.000        0.000        0.000
    20:        0.000        0.000        0.000        0.000        0.000
    25:        0.000        0.000        0.000        0.000        0.000
    30:        0.000        0.000        0.000        0.000        0.000
    35:        0.000        0.000        0.000        0.000        0.000
    40:        0.000        0.000        0.000        0.000        0.000
    45:        0.000        0.000        0.000        0.000        0.000
    50:        0.000        0.000        0.000        0.000        0.000
    55:        0.000        0.000        0.000        0.000        0.000
    60:        0.000        0.000        0.000        0.000        0.000
    65:        0.000        0.000        0.000        0.000        0.000
    70:        0.000        0.000        0.000        0.000        0.000
    75:        0.000        0.000        0.000        0.000        0.000
    80:        1.000        1.000        1.000        1.000        1.000
    85:        1.000        1.000        1.000        1.000        1.000
    90:        1.000        1.000        1.000        1.000        1.000
    95:        0.000        1.000        1.000        1.000        0.000
   100:        0.000        1.000        1.000        1.000        1.000
   105:        1.000        1.000        1.000        0.000        1.000
   110:        1.000        1.000        1.000        1.000        1.000
   115:        1.000        1.000        1.000        1.000        1.000
   120:        1.000        0.000        0.000        1.000        0.000
   125:        0.000        1.000        0.000        1.000        1.000
   130:        1.000        1.000        0.000        1.000        0.000
   135:        1.000        1.000        1.000        0.000        1.000
   140:        0.000        0.000        1.000        0.000        1.000
   145:        1.000        0.000        1.000        1.000        1.000
   150:        1.000        1.000        1.000        1.000        1.000
   155:        1.000        1.000        0.000        0.000        1.000
   160:        1.000        1.000        1.000        1.000        0.000
   165:        1.000        1.000        1.000        1.000        1.000
   170:        1.000        1.000        1.000        1.000        1.000
   175:        0.000        1.000        0.000        1.000        0.000
   180:        1.000        1.000        1.000        0.000        1.000
   185:        1.000        1.000        1.000        1.000        1.000
   190:        1.000
P:
     0:        0.000        0.000        0.000
Q:
     0:       16.000      191.000      184.000
S:
     0:        0.000        0.000        0.000        0.000        0.000
     5:        0.000        5.000        3.000        5.000        3.000
    10:        5.000        5.000        3.000        3.000        3.000
    15:        5.000        5.000        3.000        5.000        5.000
    20:        3.000        3.000        3.000        3.000        5.000
    25:        5.000        3.000        5.000        3.000        5.000
    30:        3.000        5.000        5.000        3.000        5.000
    35:        3.000        5.000        3.000        5.000        3.000
    40:        3.000        5.000        3.000        3.000        5.000
    45:        0.000        5.000        3.000        3.000        5.000
    50:        5.000        3.000        5.000        3.000        5.000
    55:        3.000        5.000        3.000        0.000        5.000
    60:        5.000        3.000        5.000        0.000        3.000
    65:        5.000        5.000        3.000        3.000        5.000
    70:        0.000        3.000        0.000        5.000        3.000
    75:        3.000        3.000        5.000        5.000        5.000
    80:        4.000        4.000        2.000        4.000        2.000
    85:        4.000        2.000        4.000        2.000        4.000
    90:        4.000        2.000        2.000        4.000        4.000
    95:        0.000        2.000        2.000        4.000        0.000
   100:        0.000        2.000        4.000        4.000        2.000
   105:        2.000        4.000        2.000        0.000        4.000
   110:        4.000        2.000        4.000        2.000        2.000
   115:        4.000        2.000        4.000        2.000        4.000
   120:        4.000        0.000        0.000        2.000        0.000
   125:        0.000        4.000        0.000        4.000        2.000
   130:        2.000        4.000        0.000        2.000        0.000
   135:        2.000        4.000        4.000        0.000        2.000
   140:        0.000        0.000        2.000        0.000        4.000
   145:        4.000        0.000        2.000        2.000        4.000
   150:        2.000        4.000        4.000        2.000        2.000
   155:        4.000        4.000        0.000        0.000        2.000
   160:        4.000        2.000        2.000        4.000        0.000
   165:        4.000        4.000        2.000        2.000        4.000
   170:        4.000        2.000        2.000        2.000        2.000
   175:        0.000        4.000        0.000        4.000        0.000
   180:        4.000        4.000        2.000        0.000        2.000
   185:        2.000        4.000        2.000        4.000        4.000
   190:        4.000
W:
     0:       53.000       23.000       30.000
