File: C:\MED-PC\Data\2023-07-27_09h12m_Subject 138.txt


Start Date: 07/27/23
End Date: 07/27/23
Subject: 138
Experiment: 0
Group: 0
Box: 3
Start Time: 09:12:50
End Time: 10:38:10
MSN: CF_SetShifting
I:     268.000
N:      25.000
R:       1.000
T:    4500.000
U:       0.000
V:       1.000
A:
     0:        5.000       14.000        7.000       13.000
B:
     0:        0.000        0.000        0.000        0.000        0.000
     5:        0.000        0.000        0.000        0.000        0.000
    10:        0.000        0.000        0.000        0.000        0.000
    15:        0.000        0.000        0.000        0.000        0.000
    20:        0.000        0.000        0.000        0.000        0.000
    25:        0.000        0.000        0.000        0.000        0.000
    30:        0.000        0.000        0.000        0.000        0.000
    35:        0.000        0.000        0.000        0.000        0.000
    40:        0.000        0.000        0.000        0.000        0.000
    45:        0.000        0.000        0.000        0.000        0.000
    50:        0.000        0.000        0.000        0.000        0.000
    55:        0.000        0.000        0.000        0.000        0.000
    60:        0.000        0.000        0.000        0.000        0.000
    65:        0.000        0.000        0.000        0.000        0.000
    70:        0.000        0.000        0.000        0.000        0.000
    75:        0.000        0.000        0.000        0.000        0.000
    80:        0.000        0.000        0.000        0.000        0.000
    85:        0.000        0.000        0.000        0.000        0.000
    90:        0.000        0.000        0.000        0.000        0.000
    95:        0.000        0.000        0.000        0.000        0.000
   100:        0.000        0.000        0.000        0.000        0.000
   105:        0.000        0.000        0.000        0.000        0.000
   110:        0.000        0.000        0.000        0.000        0.000
   115:        0.000        0.000        0.000        0.000        0.000
   120:        0.000        0.000        0.000        0.000        0.000
   125:        0.000        0.000        0.000        0.000        0.000
   130:        0.000        0.000        0.000        0.000        0.000
   135:        0.000        0.000        0.000        0.000        0.000
   140:        0.000        0.000        0.000        0.000        0.000
   145:        0.000        0.000        0.000        0.000        0.000
   150:        0.000        0.000        0.000        0.000        0.000
   155:        0.000        0.000        0.000        0.000        0.000
   160:        0.000        0.000        0.000        0.000        0.000
   165:        0.000        0.000        0.000        0.000        0.000
   170:        0.000        0.000        0.000        0.000        0.000
   175:        0.000        0.000        0.000        0.000        0.000
   180:        0.000        0.000        0.000        0.000        0.000
   185:        0.000        0.000        0.000        0.000        0.000
   190:        0.000        0.000        0.000        0.000        0.000
   195:        0.000        0.000        0.000        0.000        0.000
   200:        0.000        0.000        0.000        0.000        0.000
   205:        0.000        0.000        0.000        0.000        0.000
   210:        0.000        0.000        0.000        0.000        0.000
   215:        0.000        0.000        0.000        0.000        0.000
   220:        0.000        0.000        0.000        0.000        0.000
   225:        0.000        0.000        0.000        0.000        0.000
   230:        0.000        0.000        0.000        0.000        0.000
   235:        0.000        0.000        0.000        0.000        0.000
   240:        0.000        0.000        0.000        0.000        0.000
   245:        0.000        0.000        0.000        0.000        0.000
   250:        0.000        0.000        0.000        0.000        0.000
   255:        0.000        0.000        0.000        0.000        0.000
   260:        0.000        0.000        0.000        0.000        0.000
   265:        0.000        0.000        0.000
C:
     0:        0.000        0.000        0.000       69.370      102.420
     5:      122.750      134.540      150.720      159.360      178.140
    10:      187.670      212.280      229.080      248.290      256.450
    15:        0.000      292.820      300.540      321.010      332.920
    20:      349.470      367.350      380.300      398.020      409.040
    25:      425.070      446.170      455.090      473.340      482.400
    30:      500.350      518.830      527.950      546.580      557.680
    35:      568.580      589.950      608.240      615.940      624.820
    40:      642.860      660.590      672.460      686.440      704.130
    45:      721.470      743.290      754.540      765.050      783.570
    50:      802.410      812.290      837.940      850.170      869.040
    55:      879.390      904.460      922.340      934.210      950.720
    60:      968.290      978.960      992.300     1008.580     1024.240
    65:     1034.000     1052.920     1074.620     1084.730     1101.840
    70:     1112.170     1132.450     1144.720     1162.240     1176.140
    75:     1193.930     1203.100     1225.120     1233.770     1249.220
    80:     1270.290     1288.020     1298.180     1323.140     1333.920
    85:     1354.350     1364.050     1385.720     1393.760     1403.790
    90:     1425.100     1442.980     1451.700     1469.630     1480.270
    95:     1502.040     1509.830     1526.510     1538.830     1556.550
   100:     1577.180     1588.930     1606.130     1622.870     1650.560
   105:     1660.090     1678.530     1702.140     1720.860     1731.040
   110:     1747.300     1767.570     1791.220     1812.400     1830.480
   115:     1841.400     1854.290     1865.270     1888.210     1897.580
   120:     1915.310     1924.570     1942.640     1960.580     1971.850
   125:     1993.930     2012.340     2021.360     2031.030     2046.410
   130:     2063.100     2073.950     2089.950     2110.040     2132.080
   135:     2155.150     2163.370     2180.420     2190.060     2210.470
   140:     2224.720     2243.950     2252.020     2277.000     2286.500
   145:     2297.600     2314.090     2336.880     2357.950     2365.690
   150:     2376.540     2398.100     2407.210     2425.980     2435.560
   155:     2454.060     2462.350     2480.250     2500.960     2510.200
   160:     2523.110     2532.970     2551.100     2574.740     2605.160
   165:     2617.940     2626.780     2645.760     2657.340     2674.240
   170:     2683.880        0.000     2737.010     2746.280     2765.300
   175:     2786.540     2804.680     2824.390     2832.350     2853.170
   180:     2860.600     2869.470     2881.180     2907.250     2931.410
   185:     2938.910     2970.730     2990.950     3014.580     3033.720
   190:     3049.530     3069.260     3077.590     3098.060     3125.030
   195:     3134.620     3144.900     3161.390     3181.080     3189.470
   200:     3198.990     3217.860     3228.800     3255.550     3264.310
   205:     3276.060     3295.280     3318.480     3327.160     3338.270
   210:     3352.920     3375.060     3392.380        0.000     3439.530
   215:        0.000        0.000        0.000     3526.220     3540.400
   220:     3559.580     3585.010     3592.460        0.000        0.000
   225:     3650.530     3663.670        0.000     3709.530     3730.850
   230:     3738.700     3756.740     3774.330     3793.370     3803.230
   235:        0.000     3845.670        0.000     3883.140     3891.370
   240:     3915.290     3923.900     3931.940     3960.940     3979.720
   245:        0.000     4030.450     4040.210     4048.610        0.000
   250:     4091.460     4099.790     4120.230        0.000        0.000
   255:        0.000        0.000        0.000        0.000        0.000
   260:     4305.530        0.000     4347.140     4378.100        0.000
   265:        0.000        0.000        0.000
D:
     0:        0.000        0.000        0.000        2.490        0.720
     5:        1.350        0.630        0.840        0.650        0.670
    10:        0.750        0.610        0.660        0.580        0.650
    15:        0.000        0.600        0.580        1.400        1.610
    20:        0.950        0.700        0.690        0.620        0.660
    25:        0.560        1.630        1.030        0.660        1.750
    30:        0.930        0.610        1.860        0.750        1.380
    35:        1.760        1.640        0.600        0.970        2.080
    40:        0.630        1.010        1.130        2.320        1.160
    45:        1.990        1.750        2.350        1.230        1.130
    50:        0.650        1.570        0.800        2.260        0.920
    55:        2.530        2.220        0.800        2.110        2.240
    60:        0.910        0.880        2.090        0.660        0.650
    65:        1.680        0.850        0.730        1.930        0.840
    70:        1.830        1.720        2.360        2.510        2.710
    75:        0.820        2.270        1.910        1.720        3.030
    80:        1.340        1.090        2.220        2.100        2.980
    85:        0.930        1.970        0.770        0.740        2.290
    90:        0.930        0.610        2.070        0.980        2.330
    95:        1.360        1.190        0.660        1.550        2.480
   100:        0.850        2.500        2.960        0.670        0.730
   105:        2.270        0.770        0.890        0.730        1.160
   110:        2.580        1.700        4.210        1.350        0.730
   115:        1.700        1.670        2.190        1.010        2.140
   120:        0.640        2.000        0.710        0.590        0.690
   125:        1.810        1.670        1.940        0.730        2.690
   130:        0.700        1.970        0.790        1.700        2.300
   135:        0.630        0.890        1.250        1.590        1.970
   140:        1.640        1.220        1.660        0.650        0.790
   145:        3.980        1.010        1.580        1.450        0.630
   150:        1.770        0.850        0.620        1.280        1.050
   155:        0.740        1.450        0.990        3.570        1.760
   160:        2.190        1.420        0.750        4.460        1.520
   165:        0.630        0.660        1.080        1.510        1.320
   170:        1.460        0.000        0.630        0.890        1.740
   175:        1.540        0.600        1.020        0.650        0.560
   180:        0.820        1.790        0.850        0.780        0.580
   185:        0.840        0.760        1.660        0.580        0.600
   190:        1.310        1.360        1.280        3.910        0.640
   195:        2.400        0.620        0.560        0.880        0.610
   200:        0.650        1.830        0.980        2.030        1.770
   205:        0.690        0.630        0.650        1.950        3.330
   210:        0.530        0.720        0.630        0.000        0.620
   215:        0.000        0.000        0.000        1.800        1.610
   220:        0.530        0.650        0.550        0.000        0.000
   225:        0.690        0.580        0.000        0.560        0.550
   230:        0.520        0.600        0.890        0.540        2.020
   235:        0.000        0.910        0.000        0.770        0.570
   240:        0.940        0.560        1.360        4.030        0.770
   245:        0.000        0.590        0.610        0.870        0.000
   250:        1.360        1.200        0.960        0.000        0.000
   255:        0.000        0.000        0.000        0.000        0.000
   260:        1.160        0.000        0.780        1.780        0.000
   265:        0.000        0.000        0.000
E:
     0:        0.000        0.000        0.000       66.880      101.700
     5:      121.400      133.910      149.880      158.710      177.470
    10:      186.920      211.670      228.420      247.710      255.800
    15:        0.000      292.220      299.960      319.610      331.310
    20:      348.520      366.650      379.610      397.400      408.380
    25:      424.510      444.540      454.060      472.680      480.650
    30:      499.420      518.220      526.090      545.830      556.300
    35:      566.820      588.310      607.640      614.970      622.740
    40:      642.230      659.580      671.330      684.120      702.970
    45:      719.480      741.540      752.190      763.820      782.440
    50:      801.760      810.720      837.140      847.910      868.120
    55:      876.860      902.240      921.540      932.100      948.480
    60:      967.380      978.080      990.210     1007.920     1023.590
    65:     1032.320     1052.070     1073.890     1082.800     1101.000
    70:     1110.340     1130.730     1142.360     1159.730     1173.430
    75:     1193.110     1200.830     1223.210     1232.050     1246.190
    80:     1268.950     1286.930     1295.960     1321.040     1330.940
    85:     1353.420     1362.080     1384.950     1393.020     1401.500
    90:     1424.170     1442.370     1449.630     1468.650     1477.940
    95:     1500.680     1508.640     1525.850     1537.280     1554.070
   100:     1576.330     1586.430     1603.170     1622.200     1649.830
   105:     1657.820     1677.760     1701.250     1720.130     1729.880
   110:     1744.720     1765.870     1787.010     1811.050     1829.750
   115:     1839.700     1852.620     1863.080     1887.200     1895.440
   120:     1914.670     1922.570     1941.930     1959.990     1971.160
   125:     1992.120     2010.670     2019.420     2030.300     2043.720
   130:     2062.400     2071.980     2089.160     2108.340     2129.780
   135:     2154.520     2162.480     2179.170     2188.470     2208.500
   140:     2223.080     2242.730     2250.360     2276.350     2285.710
   145:     2293.620     2313.080     2335.300     2356.500     2365.060
   150:     2374.770     2397.250     2406.590     2424.700     2434.510
   155:     2453.320     2460.900     2479.260     2497.390     2508.440
   160:     2520.920     2531.550     2550.350     2570.280     2603.640
   165:     2617.310     2626.120     2644.680     2655.830     2672.920
   170:     2682.420        0.000     2736.380     2745.390     2763.560
   175:     2785.000     2804.080     2823.370     2831.700     2852.610
   180:     2859.780     2867.680     2880.330     2906.470     2930.830
   185:     2938.070     2969.970     2989.290     3014.000     3033.120
   190:     3048.220     3067.900     3076.310     3094.150     3124.390
   195:     3132.220     3144.280     3160.830     3180.200     3188.860
   200:     3198.340     3216.030     3227.820     3253.520     3262.540
   205:     3275.370     3294.650     3317.830     3325.210     3334.940
   210:     3352.390     3374.340     3391.750        0.000     3438.910
   215:        0.000        0.000        0.000     3524.420     3538.790
   220:     3559.050     3584.360     3591.910     3600.270        0.000
   225:     3649.840     3663.090        0.000     3708.970     3730.300
   230:     3738.180     3756.140     3773.440     3792.830     3801.210
   235:        0.000     3844.760     3864.870     3882.370     3890.800
   240:     3914.350     3923.340     3930.580     3956.910     3978.950
   245:        0.000     4029.860     4039.600     4047.740        0.000
   250:     4090.100     4098.590     4119.270        0.000        0.000
   255:        0.000        0.000        0.000        0.000        0.000
   260:     4304.370        0.000     4346.360     4376.320        0.000
   265:        0.000        0.000        0.000
F:
     0:        0.000        0.000        0.000        4.000        2.000
     5:        1.000        3.000        1.000        2.000        3.000
    10:        4.000        4.000        2.000        1.000        3.000
    15:        0.000        3.000        4.000        1.000        2.000
    20:        2.000        1.000        4.000        3.000        4.000
    25:        2.000        3.000        1.000        1.000        4.000
    30:        2.000        3.000        4.000        3.000        1.000
    35:        2.000        2.000        1.000        3.000        4.000
    40:        4.000        3.000        1.000        2.000        2.000
    45:        4.000        3.000        1.000        1.000        2.000
    50:        3.000        4.000        3.000        4.000        1.000
    55:        2.000        2.000        3.000        1.000        4.000
    60:        3.000        1.000        2.000        4.000        3.000
    65:        2.000        4.000        1.000        4.000        1.000
    70:        2.000        3.000        2.000        1.000        4.000
    75:        3.000        4.000        3.000        1.000        2.000
    80:        4.000        1.000        2.000        3.000        4.000
    85:        1.000        2.000        3.000        1.000        2.000
    90:        4.000        3.000        2.000        3.000        4.000
    95:        1.000        4.000        3.000        1.000        2.000
   100:        1.000        3.000        2.000        4.000        3.000
   105:        4.000        2.000        1.000        1.000        3.000
   110:        2.000        4.000        2.000        4.000        3.000
   115:        1.000        1.000        2.000        3.000        4.000
   120:        3.000        4.000        2.000        1.000        2.000
   125:        4.000        1.000        3.000        1.000        4.000
   130:        3.000        2.000        3.000        4.000        2.000
   135:        3.000        2.000        1.000        4.000        1.000
   140:        4.000        3.000        2.000        3.000        1.000
   145:        2.000        4.000        4.000        1.000        3.000
   150:        2.000        3.000        2.000        1.000        4.000
   155:        3.000        2.000        4.000        1.000        3.000
   160:        1.000        4.000        2.000        2.000        3.000
   165:        1.000        4.000        1.000        2.000        3.000
   170:        4.000        0.000        3.000        2.000        4.000
   175:        1.000        4.000        3.000        2.000        1.000
   180:        3.000        1.000        4.000        2.000        3.000
   185:        2.000        1.000        4.000        4.000        3.000
   190:        2.000        1.000        4.000        2.000        1.000
   195:        3.000        4.000        2.000        3.000        1.000
   200:        2.000        3.000        4.000        1.000        3.000
   205:        2.000        4.000        1.000        1.000        3.000
   210:        2.000        4.000        2.000        0.000        1.000
   215:        0.000        0.000        0.000        3.000        4.000
   220:        2.000        3.000        1.000        4.000        0.000
   225:        3.000        2.000        0.000        4.000        1.000
   230:        4.000        2.000        3.000        1.000        4.000
   235:        0.000        2.000        3.000        1.000        4.000
   240:        1.000        3.000        2.000        4.000        2.000
   245:        0.000        1.000        3.000        4.000        0.000
   250:        3.000        2.000        1.000        0.000        0.000
   255:        0.000        0.000        0.000        0.000        0.000
   260:        1.000        0.000        2.000        4.000        0.000
   265:        0.000        0.000        0.000
G:
     0:      119.000        0.000      119.000
H:
     0:        0.000        0.000        0.000        2.000        2.000
     5:        1.000        1.000        1.000        2.000        1.000
    10:        2.000        2.000        2.000        1.000        1.000
    15:        0.000        1.000        2.000        1.000        2.000
    20:        2.000        1.000        2.000        1.000        2.000
    25:        2.000        1.000        1.000        1.000        2.000
    30:        2.000        1.000        2.000        1.000        1.000
    35:        2.000        2.000        1.000        1.000        2.000
    40:        2.000        1.000        1.000        2.000        2.000
    45:        2.000        1.000        1.000        2.000        2.000
    50:        1.000        2.000        1.000        2.000        1.000
    55:        2.000        2.000        1.000        1.000        2.000
    60:        1.000        1.000        2.000        2.000        1.000
    65:        2.000        2.000        1.000        2.000        1.000
    70:        2.000        1.000        2.000        1.000        2.000
    75:        1.000        2.000        1.000        1.000        2.000
    80:        2.000        1.000        2.000        1.000        2.000
    85:        1.000        2.000        1.000        1.000        2.000
    90:        2.000        1.000        2.000        1.000        2.000
    95:        1.000        2.000        1.000        1.000        2.000
   100:        1.000        1.000        2.000        2.000        1.000
   105:        2.000        2.000        1.000        1.000        1.000
   110:        2.000        2.000        2.000        2.000        1.000
   115:        1.000        1.000        2.000        1.000        2.000
   120:        1.000        2.000        2.000        1.000        2.000
   125:        2.000        1.000        1.000        1.000        2.000
   130:        1.000        2.000        1.000        4.000        4.000
   135:        3.000        4.000        3.000        4.000        3.000
   140:        4.000        3.000        4.000        3.000        3.000
   145:        4.000        4.000        4.000        3.000        3.000
   150:        4.000        3.000        4.000        3.000        4.000
   155:        3.000        4.000        4.000        3.000        3.000
   160:        3.000        4.000        4.000        4.000        3.000
   165:        3.000        4.000        3.000        4.000        3.000
   170:        4.000        0.000        3.000        4.000        4.000
   175:        3.000        4.000        3.000        4.000        3.000
   180:        3.000        3.000        4.000        4.000        3.000
   185:        4.000        3.000        4.000        4.000        3.000
   190:        4.000        3.000        4.000        4.000        3.000
   195:        3.000        4.000        4.000        3.000        3.000
   200:        4.000        3.000        4.000        3.000        3.000
   205:        4.000        4.000        3.000        3.000        3.000
   210:        4.000        4.000        4.000        0.000        3.000
   215:        0.000        0.000        0.000        3.000        4.000
   220:        4.000        3.000        3.000        0.000        0.000
   225:        3.000        4.000        0.000        4.000        3.000
   230:        4.000        4.000        3.000        3.000        4.000
   235:        0.000        4.000        0.000        3.000        4.000
   240:        3.000        3.000        4.000        4.000        4.000
   245:        0.000        3.000        3.000        4.000        0.000
   250:        3.000        4.000        3.000        0.000        0.000
   255:        0.000        0.000        0.000        0.000        0.000
   260:        3.000        0.000        4.000        4.000        0.000
   265:        0.000        0.000        0.000
J:
     0:        0.000        0.000        0.000        1.000        1.000
     5:        0.000        0.000        0.000        1.000        0.000
    10:        1.000        1.000        1.000        0.000        0.000
    15:        0.000        0.000        1.000        0.000        1.000
    20:        1.000        0.000        1.000        0.000        1.000
    25:        1.000        0.000        0.000        0.000        1.000
    30:        1.000        0.000        1.000        0.000        0.000
    35:        1.000        1.000        0.000        0.000        1.000
    40:        1.000        0.000        0.000        1.000        1.000
    45:        1.000        0.000        0.000        0.000        1.000
    50:        0.000        1.000        0.000        1.000        0.000
    55:        1.000        1.000        0.000        0.000        1.000
    60:        0.000        0.000        1.000        1.000        0.000
    65:        1.000        1.000        0.000        1.000        0.000
    70:        1.000        0.000        1.000        0.000        1.000
    75:        0.000        1.000        0.000        0.000        1.000
    80:        1.000        0.000        1.000        0.000        1.000
    85:        0.000        1.000        0.000        0.000        1.000
    90:        1.000        0.000        1.000        0.000        1.000
    95:        0.000        1.000        0.000        0.000        1.000
   100:        0.000        0.000        1.000        1.000        0.000
   105:        1.000        1.000        0.000        0.000        0.000
   110:        1.000        1.000        1.000        1.000        0.000
   115:        0.000        0.000        1.000        0.000        1.000
   120:        0.000        1.000        1.000        0.000        1.000
   125:        1.000        0.000        0.000        0.000        1.000
   130:        0.000        1.000        0.000        1.000        1.000
   135:        0.000        1.000        0.000        1.000        0.000
   140:        1.000        0.000        1.000        0.000        0.000
   145:        1.000        1.000        1.000        0.000        0.000
   150:        1.000        0.000        1.000        0.000        1.000
   155:        0.000        1.000        1.000        0.000        0.000
   160:        0.000        1.000        1.000        1.000        0.000
   165:        0.000        1.000        0.000        1.000        0.000
   170:        1.000        0.000        0.000        1.000        1.000
   175:        0.000        1.000        0.000        1.000        0.000
   180:        0.000        0.000        1.000        1.000        0.000
   185:        1.000        0.000        1.000        1.000        0.000
   190:        1.000        0.000        1.000        1.000        0.000
   195:        0.000        1.000        1.000        0.000        0.000
   200:        1.000        0.000        1.000        0.000        0.000
   205:        1.000        1.000        0.000        0.000        0.000
   210:        1.000        1.000        1.000        0.000        0.000
   215:        0.000        0.000        0.000        0.000        1.000
   220:        1.000        0.000        0.000        1.000        0.000
   225:        0.000        1.000        0.000        1.000        0.000
   230:        1.000        1.000        0.000        0.000        1.000
   235:        0.000        1.000        0.000        0.000        1.000
   240:        0.000        0.000        1.000        1.000        1.000
   245:        0.000        0.000        0.000        1.000        0.000
   250:        0.000        1.000        0.000        0.000        0.000
   255:        0.000        0.000        0.000        0.000        0.000
   260:        0.000        0.000        1.000        1.000        0.000
   265:        0.000        0.000        0.000
K:
     0:        0.000        0.000        0.000        1.000        1.000
     5:        2.000        2.000        2.000        1.000        2.000
    10:        1.000        1.000        1.000        2.000        2.000
    15:        0.000        2.000        1.000        2.000        1.000
    20:        1.000        2.000        1.000        2.000        1.000
    25:        1.000        2.000        2.000        2.000        1.000
    30:        1.000        2.000        1.000        2.000        2.000
    35:        1.000        1.000        2.000        2.000        1.000
    40:        1.000        2.000        2.000        1.000        1.000
    45:        1.000        2.000        2.000        1.000        1.000
    50:        2.000        1.000        2.000        1.000        2.000
    55:        1.000        1.000        2.000        2.000        1.000
    60:        2.000        2.000        1.000        1.000        2.000
    65:        1.000        1.000        2.000        1.000        2.000
    70:        1.000        2.000        1.000        2.000        1.000
    75:        2.000        1.000        2.000        2.000        1.000
    80:        1.000        2.000        1.000        2.000        1.000
    85:        2.000        1.000        2.000        2.000        1.000
    90:        1.000        2.000        1.000        2.000        1.000
    95:        2.000        1.000        2.000        2.000        1.000
   100:        2.000        2.000        1.000        1.000        2.000
   105:        1.000        1.000        2.000        2.000        2.000
   110:        1.000        1.000        1.000        1.000        2.000
   115:        2.000        2.000        1.000        2.000        1.000
   120:        2.000        1.000        1.000        2.000        1.000
   125:        1.000        2.000        2.000        2.000        1.000
   130:        2.000        1.000        2.000        1.000        1.000
   135:        2.000        1.000        2.000        1.000        2.000
   140:        1.000        2.000        1.000        2.000        2.000
   145:        1.000        1.000        1.000        2.000        2.000
   150:        1.000        2.000        1.000        2.000        1.000
   155:        2.000        1.000        1.000        2.000        2.000
   160:        2.000        1.000        1.000        1.000        2.000
   165:        2.000        1.000        2.000        1.000        2.000
   170:        1.000        0.000        2.000        1.000        1.000
   175:        2.000        1.000        2.000        1.000        2.000
   180:        2.000        2.000        1.000        1.000        2.000
   185:        1.000        2.000        1.000        1.000        2.000
   190:        1.000        2.000        1.000        1.000        2.000
   195:        2.000        1.000        1.000        2.000        2.000
   200:        1.000        2.000        1.000        2.000        2.000
   205:        1.000        1.000        2.000        2.000        2.000
   210:        1.000        1.000        1.000        0.000        2.000
   215:        0.000        0.000        0.000        2.000        1.000
   220:        1.000        2.000        2.000        0.000        0.000
   225:        2.000        1.000        0.000        1.000        2.000
   230:        1.000        1.000        2.000        2.000        1.000
   235:        0.000        1.000        0.000        2.000        1.000
   240:        2.000        2.000        1.000        1.000        1.000
   245:        0.000        2.000        2.000        1.000        0.000
   250:        2.000        1.000        2.000        0.000        0.000
   255:        0.000        0.000        0.000        0.000        0.000
   260:        2.000        0.000        1.000        1.000        0.000
   265:        0.000        0.000        0.000
L:
     0:        0.000        0.000        0.000        1.000        2.000
     5:        2.000        1.000        2.000        2.000        1.000
    10:        1.000        1.000        2.000        2.000        1.000
    15:        0.000        1.000        1.000        2.000        2.000
    20:        2.000        2.000        1.000        1.000        1.000
    25:        2.000        1.000        2.000        2.000        1.000
    30:        2.000        1.000        1.000        1.000        2.000
    35:        2.000        2.000        2.000        1.000        1.000
    40:        1.000        1.000        2.000        2.000        2.000
    45:        1.000        1.000        2.000        2.000        2.000
    50:        1.000        1.000        1.000        1.000        2.000
    55:        2.000        2.000        1.000        2.000        1.000
    60:        1.000        2.000        2.000        1.000        1.000
    65:        2.000        1.000        2.000        1.000        2.000
    70:        2.000        1.000        2.000        2.000        1.000
    75:        1.000        1.000        1.000        2.000        2.000
    80:        1.000        2.000        2.000        1.000        1.000
    85:        2.000        2.000        1.000        2.000        2.000
    90:        1.000        1.000        2.000        1.000        1.000
    95:        2.000        1.000        1.000        2.000        2.000
   100:        2.000        1.000        2.000        1.000        1.000
   105:        1.000        2.000        2.000        2.000        1.000
   110:        2.000        1.000        2.000        1.000        1.000
   115:        2.000        2.000        2.000        1.000        1.000
   120:        1.000        1.000        2.000        2.000        2.000
   125:        1.000        2.000        1.000        2.000        1.000
   130:        1.000        2.000        1.000        5.000        3.000
   135:        5.000        3.000        3.000        5.000        3.000
   140:        5.000        5.000        3.000        5.000        3.000
   145:        3.000        5.000        5.000        3.000        5.000
   150:        3.000        5.000        3.000        3.000        5.000
   155:        5.000        3.000        5.000        3.000        5.000
   160:        3.000        5.000        3.000        3.000        5.000
   165:        3.000        5.000        3.000        3.000        5.000
   170:        5.000        0.000        5.000        3.000        5.000
   175:        3.000        5.000        5.000        3.000        3.000
   180:        5.000        3.000        5.000        3.000        5.000
   185:        3.000        3.000        5.000        5.000        5.000
   190:        3.000        3.000        5.000        3.000        3.000
   195:        5.000        5.000        3.000        5.000        3.000
   200:        3.000        5.000        5.000        3.000        5.000
   205:        3.000        5.000        3.000        3.000        5.000
   210:        3.000        5.000        3.000        0.000        3.000
   215:        0.000        0.000        0.000        5.000        5.000
   220:        3.000        5.000        3.000        5.000        0.000
   225:        5.000        3.000        0.000        5.000        3.000
   230:        5.000        3.000        5.000        3.000        5.000
   235:        0.000        3.000        5.000        3.000        5.000
   240:        3.000        5.000        3.000        5.000        3.000
   245:        0.000        3.000        5.000        5.000        0.000
   250:        5.000        3.000        3.000        0.000        0.000
   255:        0.000        0.000        0.000        0.000        0.000
   260:        3.000        0.000        3.000        5.000        0.000
   265:        0.000        0.000        0.000
M:
     0:        2.000        0.000        0.000
O:
     0:        0.000        0.000        0.000        0.000        0.000
     5:        1.000        1.000        1.000        0.000        1.000
    10:        0.000        0.000        0.000        1.000        1.000
    15:        0.000        1.000        0.000        1.000        0.000
    20:        0.000        1.000        0.000        1.000        0.000
    25:        0.000        1.000        1.000        1.000        0.000
    30:        0.000        1.000        0.000        1.000        1.000
    35:        0.000        0.000        1.000        1.000        0.000
    40:        0.000        1.000        1.000        0.000        0.000
    45:        0.000        1.000        1.000        1.000        0.000
    50:        1.000        0.000        1.000        0.000        1.000
    55:        0.000        0.000        1.000        1.000        0.000
    60:        1.000        1.000        0.000        0.000        1.000
    65:        0.000        0.000        1.000        0.000        1.000
    70:        0.000        1.000        0.000        1.000        0.000
    75:        1.000        0.000        1.000        1.000        0.000
    80:        0.000        1.000        0.000        1.000        0.000
    85:        1.000        0.000        1.000        1.000        0.000
    90:        0.000        1.000        0.000        1.000        0.000
    95:        1.000        0.000        1.000        1.000        0.000
   100:        1.000        1.000        0.000        0.000        1.000
   105:        0.000        0.000        1.000        1.000        1.000
   110:        0.000        0.000        0.000        0.000        1.000
   115:        1.000        1.000        0.000        1.000        0.000
   120:        1.000        0.000        0.000        1.000        0.000
   125:        0.000        1.000        1.000        1.000        0.000
   130:        1.000        0.000        1.000        1.000        0.000
   135:        1.000        0.000        1.000        0.000        1.000
   140:        0.000        1.000        0.000        1.000        1.000
   145:        0.000        0.000        0.000        1.000        1.000
   150:        0.000        1.000        0.000        1.000        0.000
   155:        1.000        0.000        0.000        1.000        1.000
   160:        1.000        0.000        0.000        0.000        1.000
   165:        1.000        0.000        1.000        0.000        1.000
   170:        0.000        0.000        1.000        0.000        0.000
   175:        1.000        0.000        1.000        0.000        1.000
   180:        1.000        1.000        0.000        0.000        1.000
   185:        0.000        1.000        0.000        0.000        1.000
   190:        0.000        1.000        0.000        0.000        1.000
   195:        1.000        0.000        0.000        1.000        1.000
   200:        0.000        1.000        0.000        1.000        1.000
   205:        0.000        0.000        1.000        1.000        1.000
   210:        0.000        0.000        0.000        0.000        1.000
   215:        0.000        0.000        0.000        1.000        0.000
   220:        0.000        1.000        1.000        0.000        0.000
   225:        1.000        0.000        0.000        0.000        1.000
   230:        0.000        0.000        1.000        1.000        0.000
   235:        0.000        0.000        1.000        1.000        0.000
   240:        1.000        1.000        0.000        0.000        0.000
   245:        0.000        1.000        1.000        0.000        0.000
   250:        1.000        0.000        1.000        0.000        0.000
   255:        0.000        0.000        0.000        0.000        0.000
   260:        1.000        0.000        0.000        0.000        0.000
   265:        0.000        0.000        0.000
P:
     0:       12.000      127.000      120.000        0.000        0.000
     5:        0.000        1.000        1.000        2.000        2.000
    10:        2.000        1.000        2.000        1.000        0.000
    15:        0.000        0.000        0.000        0.000        0.000
    20:        0.000        0.000        0.000        0.000        0.000
    25:        0.000        0.000        0.000        0.000        0.000
    30:        0.000        0.000        0.000        0.000        0.000
    35:        0.000        0.000        0.000        0.000        0.000
    40:        0.000        0.000        0.000        0.000        0.000
    45:        0.000        0.000        0.000        0.000        0.000
    50:        0.000        0.000        0.000        0.000        0.000
    55:        0.000        0.000        0.000        0.000        0.000
    60:        0.000        0.000        0.000        0.000        0.000
    65:        0.000        0.000        0.000        0.000        0.000
    70:        0.000        0.000        0.000        0.000        0.000
    75:        0.000        0.000        0.000        0.000        0.000
    80:        0.000        0.000        0.000        0.000        0.000
    85:        0.000        0.000        0.000        0.000        0.000
    90:        0.000        0.000        0.000        0.000        0.000
    95:        0.000        0.000        0.000        0.000        0.000
   100:        0.000        0.000        0.000        0.000        0.000
   105:        0.000        0.000        0.000        0.000        0.000
   110:        0.000        0.000        0.000        0.000        0.000
   115:        0.000        0.000        0.000        0.000        0.000
   120:        0.000        0.000        0.000        0.000        0.000
   125:        0.000        0.000        0.000        0.000        0.000
   130:        0.000        0.000        0.000        0.000        0.000
   135:        0.000        0.000        0.000        0.000        0.000
   140:        0.000        0.000        0.000        0.000        0.000
   145:        0.000        0.000        0.000        0.000        0.000
   150:        0.000        0.000        0.000        0.000        0.000
   155:        0.000        0.000        0.000        0.000        0.000
   160:        0.000        0.000        0.000        0.000        0.000
   165:        0.000        0.000        0.000        0.000        0.000
   170:        0.000        0.000        0.000        0.000        0.000
   175:        0.000        0.000        0.000        0.000        0.000
   180:        0.000        0.000        0.000        0.000        0.000
   185:        0.000        0.000        0.000        0.000        0.000
   190:        0.000        0.000        0.000        0.000        0.000
   195:        0.000        0.000        0.000        0.000        0.000
   200:        0.000        0.000        0.000        0.000        0.000
   205:        0.000        0.000        0.000        0.000        0.000
   210:        0.000        0.000        0.000        0.000        0.000
   215:        0.000        0.000        0.000        0.000        0.000
   220:        0.000        0.000        0.000        0.000        0.000
   225:        0.000        0.000        0.000        0.000        0.000
   230:        0.000        0.000        0.000        0.000        0.000
   235:        0.000        0.000        0.000        0.000        0.000
   240:        0.000        0.000        0.000        0.000        0.000
   245:        0.000        0.000        0.000        0.000        0.000
   250:        0.000        0.000        0.000        0.000        0.000
   255:        0.000        0.000        0.000        0.000        0.000
   260:        0.000        0.000        0.000        0.000        0.000
   265:        0.000        0.000        0.000
Q:
     0:       12.000      135.000      120.000
S:
     0:        0.000        0.000        0.000        1.000        1.000
     5:        2.000        2.000        2.000        1.000        2.000
    10:        1.000        1.000        1.000        2.000        2.000
    15:        0.000        2.000        1.000        2.000        1.000
    20:        1.000        2.000        1.000        2.000        1.000
    25:        1.000        2.000        2.000        2.000        1.000
    30:        1.000        2.000        1.000        2.000        2.000
    35:        1.000        1.000        2.000        2.000        1.000
    40:        1.000        2.000        2.000        1.000        1.000
    45:        1.000        2.000        2.000        2.000        1.000
    50:        2.000        1.000        2.000        1.000        2.000
    55:        1.000        1.000        2.000        2.000        1.000
    60:        2.000        2.000        1.000        1.000        2.000
    65:        1.000        1.000        2.000        1.000        2.000
    70:        1.000        2.000        1.000        2.000        1.000
    75:        2.000        1.000        2.000        2.000        1.000
    80:        1.000        2.000        1.000        2.000        1.000
    85:        2.000        1.000        2.000        2.000        1.000
    90:        1.000        2.000        1.000        2.000        1.000
    95:        2.000        1.000        2.000        2.000        1.000
   100:        2.000        2.000        1.000        1.000        2.000
   105:        1.000        1.000        2.000        2.000        2.000
   110:        1.000        1.000        1.000        1.000        2.000
   115:        2.000        2.000        1.000        2.000        1.000
   120:        2.000        1.000        1.000        2.000        1.000
   125:        1.000        2.000        2.000        2.000        1.000
   130:        2.000        1.000        2.000        5.000        5.000
   135:        6.000        5.000        6.000        5.000        6.000
   140:        5.000        6.000        5.000        6.000        6.000
   145:        5.000        5.000        5.000        6.000        6.000
   150:        5.000        6.000        5.000        6.000        5.000
   155:        6.000        5.000        5.000        6.000        6.000
   160:        6.000        5.000        5.000        5.000        6.000
   165:        6.000        5.000        6.000        5.000        6.000
   170:        5.000        0.000        6.000        5.000        5.000
   175:        6.000        5.000        6.000        5.000        6.000
   180:        6.000        6.000        5.000        5.000        6.000
   185:        5.000        6.000        5.000        5.000        6.000
   190:        5.000        6.000        5.000        5.000        6.000
   195:        6.000        5.000        5.000        6.000        6.000
   200:        5.000        6.000        5.000        6.000        6.000
   205:        5.000        5.000        6.000        6.000        6.000
   210:        5.000        5.000        5.000        0.000        6.000
   215:        0.000        0.000        0.000        6.000        5.000
   220:        5.000        6.000        6.000        5.000        0.000
   225:        6.000        5.000        0.000        5.000        6.000
   230:        5.000        5.000        6.000        6.000        5.000
   235:        0.000        5.000        6.000        6.000        5.000
   240:        6.000        6.000        5.000        5.000        5.000
   245:        0.000        6.000        6.000        5.000        0.000
   250:        6.000        5.000        6.000        0.000        0.000
   255:        0.000        0.000        0.000        0.000        0.000
   260:        6.000        0.000        5.000        5.000        0.000
   265:        0.000        0.000        0.000
W:
     0:      122.000      121.000        1.000
X:
     0:        3.000        4.000        5.000        6.000        7.000
     5:        8.000
Y:
     0:        9.000       10.000       11.000       12.000       13.000
     5:       14.000
Z:
     0:        1.000        2.000        3.000        4.000
