File: C:\MED-PC\Data\2023-08-25_09h32m_Subject 138.txt


Start Date: 08/25/23
End Date: 08/25/23
Subject: 138
Experiment: 0
Group: 0
Box: 3
Start Time: 09:32:23
End Time: 11:12:54
MSN: CF_SetShiftingV6
I:     170.000
M:       1.000
N:      21.000
R:       2.000
T:    5400.000
V:       3.000
A:
     0:        5.000        9.000        6.000       12.000       14.000
     5:        8.000     5400.000
B:
     0:        3.000        5.000        7.000
C:
     0:        0.000        9.780       18.700       36.350       65.540
     5:       91.600      103.830      131.090      147.330      168.260
    10:      198.900      223.630      230.400      250.370      257.200
    15:      271.410      303.770      332.390      350.900      367.600
    20:      382.580      407.330      469.510      479.090      486.640
    25:        0.000      554.280      569.050      595.450      605.620
    30:      630.200      642.780      651.580      681.330      701.860
    35:      724.630      740.860      750.880      763.340      787.500
    40:      808.050      862.980      903.630      921.400      932.680
    45:      954.680      970.720      992.410     1000.230     1009.000
    50:     1027.570     1036.620     1045.670     1070.520     1081.710
    55:     1093.550     1171.540     1193.250     1210.950     1219.160
    60:     1239.070     1247.010     1256.180     1274.000     1309.100
    65:     1317.110     1325.270     1342.770     1350.170     1375.590
    70:     1389.300     1411.360     1418.860     1428.160     1445.840
    75:     1467.750     1474.670     1484.700     1506.390     1514.070
    80:     1532.470     1543.650     1553.610     1564.100     1622.130
    85:     1643.290     1663.530     1691.450     1699.200     1717.380
    90:     1735.750     1753.600     1761.800     1770.510     1793.360
    95:     1810.480     1828.540     1839.250     1861.320     1870.100
   100:     1878.950     1904.720     1923.020     1931.100     1940.160
   105:     1966.420     1985.060     1994.360     2005.830     2034.130
   110:     2052.790     2074.380     2081.850     2093.970     2152.690
   115:     2159.970     2168.710     2234.690     2261.860     2273.320
   120:     2290.330     2297.990     2305.580     2313.880     2337.050
   125:     2354.810     2377.220     2384.750     2406.280     2428.810
   130:     2436.270     2444.850     2463.860     2484.540     2545.760
   135:     2552.790     2577.920     2586.050     2594.740     2605.250
   140:     2625.850     2644.190     2654.320     2679.000     2686.540
   145:     2703.070     2711.350     2733.930     2753.750     2767.020
   150:     2776.350     2785.150     2902.550     2926.650     2933.920
   155:     2955.120     2962.300     2983.450     2994.070     3001.720
   160:     3020.400     3038.700     3047.520     3055.840     3099.980
   165:     3116.740     3129.830     3148.180     3155.910     3183.350
D:
     0:        0.000        0.680        1.010        1.170        2.360
     5:        1.780        0.690        0.680        0.630        0.840
    10:        0.770        0.540        0.750        0.900        0.650
    15:        0.760        0.800        0.830        0.930        1.030
    20:        1.100        0.860        0.950        0.910        0.840
    25:        0.000        0.760        0.740        1.130        0.600
    30:        0.940        0.890        1.120        0.710        0.960
    35:        1.450        1.210        0.930        0.960        1.120
    40:        0.840        0.870        0.810        1.050        0.700
    45:        0.970        0.830        1.030        0.770        1.000
    50:        1.100        1.050        1.420        0.830        0.980
    55:        1.010        1.250        2.810        0.760        1.060
    60:        0.770        0.670        0.780        1.020        0.800
    65:        0.710        0.810        0.830        1.120        0.890
    70:        0.920        0.640        0.620        0.740        0.760
    75:        0.760        0.790        0.790        0.850        0.790
    80:        0.680        1.020        1.020        1.220        1.320
    85:        0.890        1.210        0.760        0.760        0.890
    90:        0.910        1.090        0.930        0.820        2.300
    95:        1.240        1.390        1.040        1.240        0.950
   100:        0.820        1.260        1.370        0.910        0.680
   105:        1.250        0.910        1.010        0.720        1.420
   110:        1.080        1.000        0.690        1.090        7.590
   115:        0.740        1.010        1.040        0.840        1.110
   120:        0.980        0.850        0.760        0.870        0.810
   125:        1.150        0.800        0.830        0.820        0.720
   130:        0.820        1.000        0.690        0.730        1.250
   135:        0.900        1.140        0.980        1.130        0.750
   140:        0.860        1.030        0.990        0.920        0.840
   145:        0.930        0.720        0.770        0.760        0.900
   150:        0.960        0.940        0.870        0.740        0.810
   155:        0.770        0.970        0.880        0.970        0.800
   160:        0.960        0.870        0.970        0.770        0.770
   165:        0.930        1.180        0.940        0.770        0.910
E:
     0:        0.000        9.100       17.690       35.180       63.180
     5:       89.820      103.140      130.410      146.700      167.420
    10:      198.130      223.090      229.650      249.470      256.550
    15:      270.650      302.970      331.560      349.970      366.570
    20:      381.480      406.470      468.560      478.180      485.800
    25:      502.940      553.520      568.310      594.320      605.020
    30:      629.260      641.890      650.460      680.620      700.900
    35:      723.180      739.650      749.950      762.380      786.380
    40:      807.210      862.110      902.820      920.350      931.980
    45:      953.710      969.890      991.380      999.460     1008.000
    50:     1026.470     1035.570     1044.250     1069.690     1080.730
    55:     1092.540     1170.290     1190.440     1210.190     1218.100
    60:     1238.300     1246.340     1255.400     1272.980     1308.300
    65:     1316.400     1324.460     1341.940     1349.050     1374.700
    70:     1388.380     1410.720     1418.240     1427.420     1445.080
    75:     1466.990     1473.880     1483.910     1505.540     1513.280
    80:     1531.790     1542.630     1552.590     1562.880     1620.810
    85:     1642.400     1662.320     1690.690     1698.440     1716.490
    90:     1734.840     1752.510     1760.870     1769.690     1791.060
    95:     1809.240     1827.150     1838.210     1860.080     1869.150
   100:     1878.130     1903.460     1921.650     1930.190     1939.480
   105:     1965.170     1984.150     1993.350     2005.110     2032.710
   110:     2051.710     2073.380     2081.160     2092.880     2145.100
   115:     2159.230     2167.700     2233.650     2261.020     2272.210
   120:     2289.350     2297.140     2304.820     2313.010     2336.240
   125:     2353.660     2376.420     2383.920     2405.460     2428.090
   130:     2435.450     2443.850     2463.170     2483.810     2544.510
   135:     2551.890     2576.780     2585.070     2593.610     2604.500
   140:     2624.990     2643.160     2653.330     2678.080     2685.700
   145:     2702.140     2710.630     2733.160     2752.990     2766.120
   150:     2775.390     2784.210     2901.680     2925.910     2933.110
   155:     2954.350     2961.330     2982.570     2993.100     3000.920
   160:     3019.440     3037.830     3046.550     3055.070     3099.210
   165:     3115.810     3128.650     3147.240     3155.140     3182.440
F:
     0:        0.000        2.000        1.000        4.000        3.000
     5:        4.000        1.000        2.000        3.000        3.000
    10:        1.000        2.000        4.000        2.000        1.000
    15:        4.000        3.000        4.000        2.000        1.000
    20:        3.000        3.000        1.000        2.000        4.000
    25:        2.000        4.000        3.000        1.000        1.000
    30:        2.000        4.000        3.000        3.000        1.000
    35:        4.000        2.000        4.000        1.000        2.000
    40:        3.000        1.000        3.000        2.000        4.000
    45:        1.000        3.000        2.000        4.000        1.000
    50:        4.000        2.000        3.000        2.000        4.000
    55:        3.000        1.000        1.000        4.000        3.000
    60:        2.000        2.000        3.000        1.000        4.000
    65:        4.000        1.000        2.000        3.000        3.000
    70:        1.000        2.000        4.000        3.000        1.000
    75:        2.000        4.000        1.000        2.000        3.000
    80:        4.000        2.000        4.000        1.000        3.000
    85:        2.000        4.000        3.000        1.000        1.000
    90:        2.000        4.000        3.000        3.000        1.000
    95:        2.000        4.000        1.000        4.000        3.000
   100:        2.000        1.000        4.000        3.000        2.000
   105:        1.000        3.000        4.000        2.000        2.000
   110:        1.000        4.000        3.000        2.000        3.000
   115:        4.000        1.000        1.000        3.000        2.000
   120:        4.000        3.000        4.000        2.000        1.000
   125:        3.000        4.000        1.000        2.000        4.000
   130:        3.000        1.000        2.000        2.000        4.000
   135:        1.000        3.000        4.000        3.000        1.000
   140:        2.000        4.000        1.000        3.000        2.000
   145:        3.000        2.000        1.000        4.000        3.000
   150:        4.000        1.000        2.000        4.000        2.000
   155:        3.000        1.000        4.000        3.000        1.000
   160:        2.000        4.000        3.000        1.000        2.000
   165:        4.000        1.000        3.000        2.000        2.000
G:
     0:       81.000       10.000       71.000
H:
     0:        0.000        1.000        1.000        2.000        1.000
     5:        1.000        2.000        2.000        2.000        2.000
    10:        2.000        1.000        2.000        1.000        1.000
    15:        2.000        2.000        2.000        2.000        1.000
    20:        2.000        1.000        1.000        1.000        2.000
    25:        0.000        1.000        2.000        1.000        2.000
    30:        1.000        1.000        2.000        2.000        2.000
    35:        2.000        1.000        1.000        2.000        2.000
    40:        2.000        2.000        2.000        1.000        2.000
    45:        2.000        2.000        1.000        1.000        2.000
    50:        1.000        1.000        2.000        1.000        1.000
    55:        4.000        4.000        3.000        3.000        4.000
    60:        3.000        3.000        4.000        4.000        3.000
    65:        3.000        4.000        3.000        4.000        3.000
    70:        4.000        3.000        3.000        4.000        4.000
    75:        3.000        3.000        4.000        3.000        4.000
    80:        3.000        3.000        3.000        6.000        6.000
    85:        6.000        6.000        5.000        6.000        6.000
    90:        6.000        5.000        5.000        5.000        5.000
    95:        6.000        5.000        6.000        5.000        7.000
   100:        8.000        8.000        7.000        7.000        8.000
   105:        8.000        7.000        7.000        8.000        8.000
   110:        8.000        7.000        7.000        8.000        7.000
   115:        7.000        8.000        8.000        7.000        8.000
   120:        7.000        7.000        7.000        8.000        8.000
   125:        8.000        7.000        8.000        8.000        7.000
   130:        7.000        8.000        8.000        8.000        7.000
   135:        8.000        7.000        7.000        7.000        8.000
   140:        8.000        7.000        8.000        7.000        8.000
   145:        7.000        8.000        8.000        7.000        7.000
   150:        7.000        8.000        8.000        7.000        8.000
   155:        7.000        8.000        7.000        7.000        8.000
   160:        8.000        7.000        7.000        8.000        8.000
   165:        7.000        8.000        7.000        8.000        8.000
J:
     0:        0.000        0.000        1.000        0.000        1.000
     5:        0.000        1.000        0.000        1.000        1.000
    10:        1.000        0.000        0.000        0.000        1.000
    15:        0.000        1.000        0.000        0.000        1.000
    20:        1.000        1.000        1.000        0.000        0.000
    25:        0.000        0.000        1.000        1.000        1.000
    30:        0.000        0.000        1.000        1.000        1.000
    35:        0.000        0.000        0.000        1.000        0.000
    40:        1.000        1.000        1.000        0.000        0.000
    45:        1.000        1.000        0.000        0.000        1.000
    50:        0.000        0.000        1.000        0.000        0.000
    55:        1.000        1.000        1.000        0.000        1.000
    60:        0.000        0.000        1.000        1.000        0.000
    65:        0.000        1.000        0.000        1.000        1.000
    70:        1.000        0.000        0.000        1.000        1.000
    75:        0.000        0.000        1.000        0.000        1.000
    80:        0.000        0.000        0.000        2.000        0.000
    85:        2.000        0.000        0.000        2.000        2.000
    90:        2.000        0.000        0.000        0.000        2.000
    95:        2.000        0.000        2.000        0.000        0.000
   100:        2.000        2.000        0.000        0.000        2.000
   105:        2.000        0.000        0.000        2.000        2.000
   110:        2.000        0.000        0.000        2.000        0.000
   115:        0.000        2.000        2.000        0.000        2.000
   120:        0.000        0.000        0.000        2.000        2.000
   125:        0.000        0.000        2.000        2.000        0.000
   130:        0.000        2.000        2.000        2.000        0.000
   135:        2.000        0.000        0.000        0.000        2.000
   140:        2.000        0.000        2.000        0.000        2.000
   145:        0.000        2.000        2.000        0.000        0.000
   150:        0.000        2.000        2.000        0.000        2.000
   155:        0.000        2.000        0.000        0.000        2.000
   160:        2.000        0.000        0.000        2.000        2.000
   165:        0.000        2.000        0.000        2.000        2.000
K:
     0:        0.000        2.000        2.000        1.000        2.000
     5:        2.000        1.000        1.000        1.000        1.000
    10:        1.000        2.000        1.000        2.000        2.000
    15:        1.000        1.000        1.000        1.000        2.000
    20:        1.000        2.000        2.000        2.000        1.000
    25:        0.000        2.000        1.000        2.000        1.000
    30:        2.000        2.000        1.000        1.000        1.000
    35:        1.000        2.000        2.000        1.000        1.000
    40:        1.000        1.000        1.000        2.000        1.000
    45:        1.000        1.000        2.000        2.000        1.000
    50:        2.000        2.000        1.000        2.000        2.000
    55:        1.000        1.000        2.000        2.000        1.000
    60:        2.000        2.000        1.000        1.000        2.000
    65:        2.000        1.000        2.000        1.000        2.000
    70:        1.000        2.000        2.000        1.000        1.000
    75:        2.000        2.000        1.000        2.000        1.000
    80:        2.000        2.000        2.000        1.000        1.000
    85:        1.000        1.000        2.000        1.000        1.000
    90:        1.000        2.000        2.000        2.000        2.000
    95:        1.000        2.000        1.000        2.000        2.000
   100:        1.000        1.000        2.000        2.000        1.000
   105:        1.000        2.000        2.000        1.000        1.000
   110:        1.000        2.000        2.000        1.000        2.000
   115:        2.000        1.000        1.000        2.000        1.000
   120:        2.000        2.000        2.000        1.000        1.000
   125:        1.000        2.000        1.000        1.000        2.000
   130:        2.000        1.000        1.000        1.000        2.000
   135:        1.000        2.000        2.000        2.000        1.000
   140:        1.000        2.000        1.000        2.000        1.000
   145:        2.000        1.000        1.000        2.000        2.000
   150:        2.000        1.000        1.000        2.000        1.000
   155:        2.000        1.000        2.000        2.000        1.000
   160:        1.000        2.000        2.000        1.000        1.000
   165:        2.000        1.000        2.000        1.000        1.000
L:
     0:        0.000        3.000        3.000        4.000        4.000
     5:        4.000        3.000        3.000        4.000        4.000
    10:        3.000        3.000        4.000        3.000        3.000
    15:        4.000        4.000        4.000        3.000        3.000
    20:        4.000        4.000        3.000        3.000        4.000
    25:        3.000        4.000        4.000        3.000        3.000
    30:        3.000        4.000        4.000        4.000        3.000
    35:        4.000        3.000        4.000        3.000        3.000
    40:        4.000        3.000        4.000        3.000        4.000
    45:        3.000        4.000        3.000        4.000        3.000
    50:        4.000        3.000        4.000        3.000        4.000
    55:        6.000        1.000        1.000        6.000        6.000
    60:        1.000        1.000        6.000        1.000        6.000
    65:        6.000        1.000        1.000        6.000        6.000
    70:        1.000        1.000        6.000        6.000        1.000
    75:        1.000        6.000        1.000        1.000        6.000
    80:        6.000        1.000        6.000        5.000        2.000
    85:        5.000        2.000        2.000        5.000        5.000
    90:        5.000        2.000        2.000        2.000        5.000
    95:        5.000        2.000        5.000        2.000        4.000
   100:        3.000        3.000        4.000        4.000        3.000
   105:        3.000        4.000        4.000        3.000        3.000
   110:        3.000        4.000        4.000        3.000        4.000
   115:        4.000        3.000        3.000        4.000        3.000
   120:        4.000        4.000        4.000        3.000        3.000
   125:        4.000        4.000        3.000        3.000        4.000
   130:        4.000        3.000        3.000        3.000        4.000
   135:        3.000        4.000        4.000        4.000        3.000
   140:        3.000        4.000        3.000        4.000        3.000
   145:        4.000        3.000        3.000        4.000        4.000
   150:        4.000        3.000        3.000        4.000        3.000
   155:        4.000        3.000        4.000        4.000        3.000
   160:        3.000        4.000        4.000        3.000        3.000
   165:        4.000        3.000        4.000        3.000        3.000
O:
     0:        0.000        1.000        0.000        1.000        0.000
     5:        1.000        0.000        1.000        0.000        0.000
    10:        0.000        1.000        1.000        1.000        0.000
    15:        1.000        0.000        1.000        1.000        0.000
    20:        0.000        0.000        0.000        1.000        1.000
    25:        1.000        1.000        0.000        0.000        0.000
    30:        1.000        1.000        0.000        0.000        0.000
    35:        1.000        1.000        1.000        0.000        1.000
    40:        0.000        0.000        0.000        1.000        1.000
    45:        0.000        0.000        1.000        1.000        0.000
    50:        1.000        1.000        0.000        1.000        1.000
    55:        0.000        0.000        0.000        1.000        0.000
    60:        1.000        1.000        0.000        0.000        1.000
    65:        1.000        0.000        1.000        0.000        0.000
    70:        0.000        1.000        1.000        0.000        0.000
    75:        1.000        1.000        0.000        1.000        0.000
    80:        1.000        1.000        1.000        0.000        2.000
    85:        0.000        2.000        2.000        0.000        0.000
    90:        0.000        2.000        2.000        2.000        0.000
    95:        0.000        2.000        0.000        2.000        2.000
   100:        0.000        0.000        2.000        2.000        0.000
   105:        0.000        2.000        2.000        0.000        0.000
   110:        0.000        2.000        2.000        0.000        2.000
   115:        2.000        0.000        0.000        2.000        0.000
   120:        2.000        2.000        2.000        0.000        0.000
   125:        2.000        2.000        0.000        0.000        2.000
   130:        2.000        0.000        0.000        0.000        2.000
   135:        0.000        2.000        2.000        2.000        0.000
   140:        0.000        2.000        0.000        2.000        0.000
   145:        2.000        0.000        0.000        2.000        2.000
   150:        2.000        0.000        0.000        2.000        0.000
   155:        2.000        0.000        2.000        2.000        0.000
   160:        0.000        2.000        2.000        0.000        0.000
   165:        2.000        0.000        2.000        0.000        0.000
P:
     0:       72.000
Q:
     0:       11.000      170.000      162.000
S:
     0:        0.000        2.000        5.000        2.000        5.000
     5:        2.000        5.000        2.000        5.000        5.000
    10:        5.000        2.000        2.000        2.000        5.000
    15:        2.000        5.000        2.000        2.000        5.000
    20:        5.000        5.000        5.000        2.000        2.000
    25:        2.000        2.000        5.000        5.000        5.000
    30:        2.000        2.000        5.000        5.000        5.000
    35:        2.000        2.000        2.000        5.000        2.000
    40:        5.000        5.000        5.000        2.000        2.000
    45:        5.000        5.000        2.000        2.000        5.000
    50:        2.000        2.000        5.000        2.000        2.000
    55:        1.000        1.000        1.000        4.000        1.000
    60:        4.000        4.000        1.000        1.000        4.000
    65:        4.000        1.000        4.000        1.000        1.000
    70:        1.000        4.000        4.000        1.000        1.000
    75:        4.000        4.000        1.000        4.000        1.000
    80:        4.000        4.000        4.000        3.000        3.000
    85:        6.000        6.000        3.000        3.000        3.000
    90:        6.000        6.000        3.000        3.000        3.000
    95:        6.000        6.000        3.000        6.000        1.000
   100:        4.000        1.000        4.000        1.000        4.000
   105:        1.000        1.000        4.000        4.000        4.000
   110:        1.000        4.000        1.000        4.000        1.000
   115:        4.000        1.000        1.000        1.000        4.000
   120:        4.000        1.000        4.000        4.000        1.000
   125:        1.000        4.000        1.000        4.000        4.000
   130:        1.000        1.000        4.000        4.000        4.000
   135:        1.000        1.000        4.000        1.000        1.000
   140:        4.000        4.000        1.000        1.000        4.000
   145:        1.000        4.000        1.000        4.000        1.000
   150:        4.000        1.000        4.000        4.000        4.000
   155:        1.000        1.000        4.000        1.000        1.000
   160:        4.000        4.000        1.000        1.000        4.000
   165:        4.000        1.000        1.000        4.000        4.000
U:
     0:        9.000       11.000       13.000
W:
     0:       87.000       74.000       13.000
X:
     0:        4.000        6.000        8.000
Y:
     0:       10.000       12.000       14.000
Z:
     0:        1.000        2.000        3.000        4.000
