File: C:\MED-PC\Data\2023-08-25_09h32m_Subject 137.txt


Start Date: 08/25/23
End Date: 08/25/23
Subject: 137
Experiment: 0
Group: 0
Box: 2
Start Time: 09:32:19
End Time: 11:12:54
MSN: CF_SetShiftingV6
I:     322.000
M:       0.000
N:      31.000
R:       1.000
T:    5400.000
V:       5.000
A:
     0:        7.000       11.000        8.000       10.000       14.000
     5:        8.000     5400.000
B:
     0:        3.000        5.000        7.000
C:
     0:        0.000        0.000       32.100       50.660       76.560
     5:       88.780       99.160      108.870      127.420      135.710
    10:      155.090      166.430      174.360      195.280      217.190
    15:      230.490      241.650      257.540      274.760      292.030
    20:      299.300      306.980      325.480      356.970      366.420
    25:      390.500      413.830      423.520      447.380      465.410
    30:      477.170      485.600      508.070      526.970      544.480
    35:      560.760      576.540      583.630      593.880      604.290
    40:      623.830      644.620      662.710      672.470      687.020
    45:      703.400      720.520      737.040      753.880      761.720
    50:      768.620      790.290      800.670      818.650      826.330
    55:      835.420      848.210      865.710      882.950      889.880
    60:      909.980      927.990      935.610      944.730      973.130
    65:      990.620     1001.660     1011.460     1034.700     1053.060
    70:     1059.720     1068.800     1086.460     1093.670     1110.450
    75:     1128.870     1144.900     1152.270     1161.490     1171.070
    80:     1193.060     1200.610     1218.340     1228.800     1246.710
    85:     1264.670     1271.880     1287.880     1296.910     1315.860
    90:     1325.320     1342.420     1371.500     1378.930     1389.670
    95:     1400.010     1418.390     1437.990     1445.330     1455.930
   100:     1472.850     1482.520     1499.380     1506.640     1523.690
   105:     1531.840     1549.890     1573.100     1581.180     1598.300
   110:     1607.630     1618.480     1634.520     1653.240     1662.470
   115:     1672.130     1691.030     1711.150     1718.220     1737.320
   120:     1745.220     1758.550     1775.800     1785.610     1803.370
   125:     1810.630     1841.710     1848.740     1864.800     1872.140
   130:     1889.220     1897.780     1915.350     1935.650     1942.980
   135:     1959.250     1978.400     1986.180     1995.080     2004.400
   140:     2019.240     2041.780     2058.100     2067.710     2087.760
   145:     2103.800     2111.170     2129.420     2137.800     2148.000
   150:     2163.950     2185.280     2192.940     2211.380     2221.980
   155:     2232.630     2251.100     2269.580     2277.550     2287.000
   160:     2308.180     2319.260     2337.290     2355.490     2362.530
   165:     2374.850     2392.950     2400.960     2416.970     2434.290
   170:     2443.000     2453.340     2470.940     2487.630     2495.060
   175:     2512.280     2528.590     2535.890     2543.900     2561.020
   180:     2568.720     2576.020     2595.150     2613.490     2622.060
   185:     2641.690     2648.300     2656.040     2665.460     2688.760
   190:     2707.160     2726.890     2737.390     2745.230     2766.390
   195:     2774.280     2791.360     2798.210     2816.870     2836.260
   200:     2843.240     2860.560     2867.500     2876.840     2898.440
   205:     2905.680     2925.520     2935.240     2952.470     2961.240
   210:     2978.130     2987.680     2997.890     3015.730     3032.610
   215:     3055.580     3062.430     3102.440     3110.910     3121.080
   220:     3142.160     3164.570     3186.490     3206.290     3216.250
   225:     3223.560     3240.520     3248.680     3269.670     3297.600
   230:     3313.060     3327.100     3349.050     3373.830     3381.720
   235:     3400.090     3408.890     3430.130     3437.570     3445.260
   240:     3453.860     3472.230     3503.530     3515.570     3522.480
   245:     3542.590     3558.680     3571.930     3581.510     3600.600
   250:     3618.090     3637.890     3648.510     3670.670     3677.970
   255:     3695.530     3715.320     3725.270     3739.570     3758.480
   260:     3770.200     3800.350     3817.690     3829.610     3840.500
   265:     3859.280     3869.110     3890.480     3909.180     3917.210
   270:     3924.890     3945.560     3965.390     3976.300     3985.020
   275:     4012.350     4022.600     4039.710     4054.740     4089.050
   280:     4112.850     4124.610     4134.610     4157.290     4168.620
   285:     4176.210     4303.270     4345.500     4356.910     4374.890
   290:     4382.210     4399.730     4417.470     4428.130     4436.070
   295:     4650.590     4691.400     4715.840     4733.570     4759.370
   300:     4776.060     4788.010     4795.780     4815.430     4836.690
   305:     4847.820     4856.160     4884.500     4906.890     4921.910
   310:     4929.490     4941.580     4956.530     5037.060     5070.750
   315:     5087.660     5103.430     5180.530     5221.440     5257.500
   320:     5268.750     5375.680
D:
     0:        0.000        0.000        1.030        0.690        0.920
     5:        0.620        1.090        0.790        0.600        0.640
    10:        0.890        0.900        0.930        0.890        1.750
    15:        1.060        0.660        0.620        0.990        0.650
    20:        1.210        0.640        0.670        1.050        0.690
    25:        0.520        0.800        0.770        0.720        0.660
    30:        4.790        0.610        0.780        0.630        0.620
    35:        0.550        0.620        0.590        0.610        0.540
    40:        0.600        0.920        0.990        0.910        0.680
    45:        0.660        0.640        0.740        0.700        0.850
    50:        0.640        0.570        1.990        1.020        0.940
    55:        0.680        0.750        0.700        0.560        0.620
    60:        0.610        0.920        0.780        0.640        0.860
    65:        0.790        2.790        0.730        0.800        0.890
    70:        0.550        0.810        0.650        0.620        0.740
    75:        0.900        0.740        0.790        0.670        0.880
    80:        0.570        0.750        0.630        1.440        0.650
    85:        0.700        0.680        0.850        0.900        0.740
    90:        0.780        0.890        0.730        0.640        0.820
    95:        0.660        0.850        0.760        0.620        0.800
   100:        0.580        1.120        0.720        0.630        0.630
   105:        0.580        0.650        0.900        0.910        0.810
   110:        0.660        0.650        0.640        0.620        0.660
   115:        0.750        0.690        0.770        0.790        0.610
   120:        0.710        1.140        0.910        0.720        0.660
   125:        0.650        0.750        0.660        0.940        0.750
   130:        0.610        0.670        0.720        3.860        0.730
   135:        0.820        0.830        0.740        0.970        1.010
   140:        0.870        0.690        0.690        0.580        0.700
   145:        0.760        0.700        0.620        0.620        0.720
   150:        0.610        0.590        0.650        1.020        0.860
   155:        1.270        0.730        0.880        0.650        0.640
   160:        0.650        0.930        0.940        0.600        0.810
   165:        0.710        0.630        0.690        0.940        0.700
   170:        0.950        0.670        0.770        0.790        0.860
   175:        0.870        0.630        0.630        0.880        1.010
   180:        1.680        0.630        0.650        0.590        0.840
   185:        0.780        0.530        0.680        0.700        0.630
   190:        0.720        0.580        0.630        0.650        0.670
   195:        0.700        0.580        0.500        0.700        0.620
   200:        0.610        0.640        0.660        0.660        0.700
   205:        0.550        0.650        0.690        0.610        0.660
   210:        0.850        0.660        0.860        0.980        0.610
   215:        3.310        0.810        0.800        0.660        0.770
   220:        0.580        0.620        0.910        0.850        0.720
   225:        0.570        1.120        0.680        0.610        0.570
   230:        0.640        0.760        0.500        0.760        0.620
   235:        0.540        0.740        0.620        0.760        0.700
   240:        0.770        0.700        0.740        0.640        0.600
   245:        1.140        0.830        1.240        1.020        0.570
   250:        0.590        0.780        0.670        0.560        0.560
   255:        0.600        0.660        0.650        0.670        0.570
   260:        0.900        0.700        0.820        0.670        0.740
   265:        0.920        1.190        0.730        0.580        0.640
   270:        0.670        1.150        0.700        0.540        0.720
   275:        0.690        1.740        0.760        6.780        0.920
   280:        0.600        0.740        0.740        0.580        0.630
   285:        0.730        1.850        0.610        0.750        0.730
   290:        0.670        0.700        1.410        0.510        1.170
   295:        0.890        0.950        1.060        0.610        0.620
   300:        0.700        0.640        0.760        0.980        0.630
   305:        0.800        0.640        0.620        0.670        0.610
   310:        0.760        0.670        0.810        1.870        0.620
   315:        0.700        0.610        1.200        0.750        0.750
   320:        0.630        0.680
E:
     0:        0.000        0.000       31.070       49.970       75.640
     5:       88.160       98.070      108.080      126.820      135.070
    10:      154.200      165.530      173.430      194.390      215.440
    15:      229.430      240.990      256.920      273.770      291.380
    20:      298.090      306.340      324.810      355.920      365.730
    25:      389.980      413.030      422.750      446.660      464.750
    30:      472.380      484.990      507.290      526.340      543.860
    35:      560.210      575.920      583.040      593.270      603.750
    40:      623.230      643.700      661.720      671.560      686.340
    45:      702.740      719.880      736.300      753.180      760.870
    50:      767.980      789.720      798.680      817.630      825.390
    55:      834.740      847.460      865.010      882.390      889.260
    60:      909.370      927.070      934.830      944.090      972.270
    65:      989.830      998.870     1010.730     1033.900     1052.170
    70:     1059.170     1067.990     1085.810     1093.050     1109.710
    75:     1127.970     1144.160     1151.480     1160.820     1170.190
    80:     1192.490     1199.860     1217.710     1227.360     1246.060
    85:     1263.970     1271.200     1287.030     1296.010     1315.120
    90:     1324.540     1341.530     1370.770     1378.290     1388.850
    95:     1399.350     1417.540     1437.230     1444.710     1455.130
   100:     1472.270     1481.400     1498.660     1506.010     1523.060
   105:     1531.260     1549.240     1572.200     1580.270     1597.490
   110:     1606.970     1617.830     1633.880     1652.620     1661.810
   115:     1671.380     1690.340     1710.380     1717.430     1736.710
   120:     1744.510     1757.410     1774.890     1784.890     1802.710
   125:     1809.980     1840.960     1848.080     1863.860     1871.390
   130:     1888.610     1897.110     1914.630     1931.790     1942.250
   135:     1958.430     1977.570     1985.440     1994.110     2003.390
   140:     2018.370     2041.090     2057.410     2067.130     2087.060
   145:     2103.040     2110.470     2128.800     2137.180     2147.280
   150:     2163.340     2184.690     2192.290     2210.360     2221.120
   155:     2231.360     2250.370     2268.700     2276.900     2286.360
   160:     2307.530     2318.330     2336.350     2354.890     2361.720
   165:     2374.140     2392.320     2400.270     2416.030     2433.590
   170:     2442.050     2452.670     2470.170     2486.840     2494.200
   175:     2511.410     2527.960     2535.260     2543.020     2560.010
   180:     2567.040     2575.390     2594.500     2612.900     2621.220
   185:     2640.910     2647.770     2655.360     2664.760     2688.130
   190:     2706.440     2726.310     2736.760     2744.580     2765.720
   195:     2773.580     2790.780     2797.710     2816.170     2835.640
   200:     2842.630     2859.920     2866.840     2876.180     2897.740
   205:     2905.130     2924.870     2934.550     2951.860     2960.580
   210:     2977.280     2987.020     2997.030     3014.750     3032.000
   215:     3052.270     3061.620     3101.640     3110.250     3120.310
   220:     3141.580     3163.950     3185.580     3205.440     3215.530
   225:     3222.990     3239.400     3248.000     3269.060     3297.030
   230:     3312.420     3326.340     3348.550     3373.070     3381.100
   235:     3399.550     3408.150     3429.510     3436.810     3444.560
   240:     3453.090     3471.530     3502.790     3514.930     3521.880
   245:     3541.450     3557.850     3570.690     3580.490     3600.030
   250:     3617.500     3637.110     3647.840     3670.110     3677.410
   255:     3694.930     3714.660     3724.620     3738.900     3757.910
   260:     3769.300     3799.650     3816.870     3828.940     3839.760
   265:     3858.360     3867.920     3889.750     3908.600     3916.570
   270:     3924.220     3944.410     3964.690     3975.760     3984.300
   275:     4011.660     4020.860     4038.950     4047.960     4088.130
   280:     4112.250     4123.870     4133.870     4156.710     4167.990
   285:     4175.480     4301.420     4344.890     4356.160     4374.160
   290:     4381.540     4399.030     4416.060     4427.620     4434.900
   295:     4649.700     4690.450     4714.780     4732.960     4758.750
   300:     4775.360     4787.370     4795.020     4814.450     4836.060
   305:     4847.020     4855.520     4883.880     4906.220     4921.300
   310:     4928.730     4940.910     4955.720     5035.190     5070.130
   315:     5086.960     5102.820     5179.330     5220.690     5256.750
   320:     5268.120     5375.000
F:
     0:        0.000        0.000        3.000        1.000        4.000
     5:        2.000        4.000        1.000        2.000        3.000
    10:        2.000        4.000        1.000        3.000        4.000
    15:        2.000        3.000        1.000        1.000        2.000
    20:        4.000        3.000        1.000        2.000        4.000
    25:        3.000        4.000        3.000        1.000        2.000
    30:        4.000        2.000        1.000        3.000        3.000
    35:        1.000        2.000        4.000        4.000        2.000
    40:        1.000        3.000        4.000        2.000        3.000
    45:        1.000        2.000        1.000        4.000        3.000
    50:        2.000        4.000        1.000        3.000        3.000
    55:        4.000        2.000        1.000        4.000        1.000
    60:        2.000        3.000        4.000        2.000        1.000
    65:        3.000        4.000        1.000        2.000        3.000
    70:        4.000        1.000        3.000        2.000        1.000
    75:        2.000        4.000        3.000        4.000        1.000
    80:        3.000        2.000        3.000        1.000        2.000
    85:        4.000        2.000        3.000        1.000        4.000
    90:        2.000        1.000        4.000        3.000        3.000
    95:        2.000        1.000        4.000        4.000        1.000
   100:        3.000        2.000        4.000        2.000        3.000
   105:        1.000        2.000        3.000        1.000        4.000
   110:        3.000        2.000        1.000        4.000        3.000
   115:        2.000        1.000        4.000        1.000        4.000
   120:        3.000        2.000        3.000        2.000        4.000
   125:        1.000        4.000        2.000        3.000        1.000
   130:        3.000        2.000        1.000        4.000        2.000
   135:        1.000        4.000        3.000        4.000        3.000
   140:        1.000        2.000        4.000        2.000        1.000
   145:        3.000        2.000        4.000        3.000        1.000
   150:        1.000        3.000        2.000        4.000        4.000
   155:        2.000        1.000        3.000        4.000        2.000
   160:        3.000        1.000        1.000        3.000        4.000
   165:        2.000        3.000        2.000        1.000        4.000
   170:        4.000        1.000        2.000        3.000        1.000
   175:        2.000        3.000        4.000        2.000        4.000
   180:        3.000        1.000        1.000        4.000        2.000
   185:        3.000        4.000        3.000        1.000        2.000
   190:        1.000        4.000        3.000        2.000        4.000
   195:        2.000        3.000        1.000        1.000        4.000
   200:        2.000        3.000        3.000        2.000        4.000
   205:        1.000        4.000        2.000        3.000        1.000
   210:        3.000        4.000        1.000        2.000        2.000
   215:        3.000        1.000        4.000        3.000        4.000
   220:        2.000        1.000        2.000        4.000        3.000
   225:        1.000        3.000        1.000        2.000        4.000
   230:        4.000        2.000        1.000        3.000        1.000
   235:        3.000        2.000        4.000        4.000        3.000
   240:        1.000        2.000        3.000        4.000        1.000
   245:        2.000        3.000        4.000        1.000        2.000
   250:        1.000        4.000        2.000        3.000        1.000
   255:        2.000        3.000        4.000        2.000        4.000
   260:        1.000        3.000        3.000        4.000        1.000
   265:        2.000        1.000        3.000        2.000        4.000
   270:        3.000        1.000        4.000        2.000        1.000
   275:        2.000        3.000        4.000        1.000        3.000
   280:        2.000        4.000        3.000        2.000        4.000
   285:        1.000        1.000        4.000        3.000        2.000
   290:        3.000        1.000        4.000        2.000        3.000
   295:        4.000        2.000        1.000        1.000        3.000
   300:        4.000        2.000        1.000        3.000        2.000
   305:        4.000        3.000        1.000        4.000        2.000
   310:        2.000        4.000        3.000        1.000        3.000
   315:        2.000        4.000        1.000        3.000        4.000
   320:        2.000        1.000
G:
     0:      162.000        0.000      162.000
H:
     0:        0.000        0.000        2.000        2.000        1.000
     5:        1.000        1.000        2.000        1.000        2.000
    10:        1.000        1.000        4.000        4.000        3.000
    15:        3.000        4.000        4.000        4.000        3.000
    20:        3.000        4.000        4.000        3.000        3.000
    25:        4.000        3.000        4.000        4.000        3.000
    30:        3.000        3.000        4.000        4.000        4.000
    35:        4.000        3.000        3.000        3.000        3.000
    40:        4.000        4.000        3.000        3.000        5.000
    45:        6.000        6.000        6.000        5.000        5.000
    50:        6.000        5.000        6.000        5.000        5.000
    55:        5.000        8.000        8.000        7.000        8.000
    60:        8.000        7.000        7.000        8.000        8.000
    65:        7.000        7.000        8.000        8.000        7.000
    70:        7.000        8.000        7.000        8.000        8.000
    75:        8.000        7.000        7.000        7.000        8.000
    80:        7.000        8.000        7.000        8.000        8.000
    85:        7.000        8.000        7.000        8.000        7.000
    90:        8.000        8.000        7.000        7.000        7.000
    95:        8.000        8.000        7.000        7.000        8.000
   100:        7.000        8.000        7.000        8.000        7.000
   105:        8.000        8.000        7.000        8.000        7.000
   110:        7.000        8.000        8.000        7.000        7.000
   115:        8.000        8.000        7.000        8.000        7.000
   120:        7.000        8.000        7.000        8.000        7.000
   125:        8.000        7.000        8.000        7.000        8.000
   130:        7.000        8.000        8.000        7.000        8.000
   135:        8.000        7.000        7.000        7.000        7.000
   140:        8.000        8.000        7.000        8.000        8.000
   145:        7.000        8.000        7.000        7.000        8.000
   150:        8.000        7.000        8.000        7.000        7.000
   155:        8.000        8.000        7.000        7.000        8.000
   160:        7.000        8.000        8.000        7.000        7.000
   165:        8.000        7.000        8.000        8.000        7.000
   170:        7.000        8.000        8.000        7.000        8.000
   175:        8.000        7.000        7.000        8.000        7.000
   180:        7.000        8.000        8.000        7.000        8.000
   185:        7.000        7.000        7.000        8.000        8.000
   190:        8.000        7.000        7.000        8.000        7.000
   195:        8.000        7.000        8.000        8.000        7.000
   200:        8.000        7.000        7.000        8.000        7.000
   205:        8.000        7.000        8.000        7.000        8.000
   210:        7.000        7.000        8.000        8.000        8.000
   215:        7.000        8.000        7.000        7.000        7.000
   220:        8.000        8.000        8.000        7.000        7.000
   225:        8.000        7.000        8.000        8.000        7.000
   230:        7.000        8.000        8.000        7.000        8.000
   235:        7.000        8.000        7.000        7.000        7.000
   240:        8.000        8.000        7.000        7.000        8.000
   245:        8.000        7.000        7.000        8.000        8.000
   250:        8.000        7.000        8.000        7.000        8.000
   255:        8.000        7.000        7.000        8.000        7.000
   260:        8.000        7.000        7.000        7.000       10.000
   265:        9.000       10.000       10.000        9.000        9.000
   270:       10.000       10.000        9.000        9.000       10.000
   275:        9.000       10.000        9.000       10.000       10.000
   280:        9.000        9.000       10.000        9.000        9.000
   285:       10.000       10.000        9.000       10.000        9.000
   290:       10.000       10.000        9.000        9.000       10.000
   295:        9.000        9.000       10.000       10.000       10.000
   300:        9.000        9.000       10.000       10.000        9.000
   305:        9.000       10.000       10.000        9.000        9.000
   310:        9.000        9.000       12.000       12.000       12.000
   315:       11.000       11.000       12.000       12.000       11.000
   320:       11.000       12.000
J:
     0:        0.000        0.000        1.000        1.000        0.000
     5:        0.000        0.000        1.000        0.000        1.000
    10:        0.000        0.000        1.000        1.000        0.000
    15:        0.000        1.000        1.000        1.000        0.000
    20:        0.000        1.000        1.000        0.000        0.000
    25:        1.000        0.000        1.000        1.000        0.000
    30:        0.000        0.000        1.000        1.000        1.000
    35:        1.000        0.000        0.000        0.000        0.000
    40:        1.000        1.000        0.000        0.000        0.000
    45:        2.000        2.000        2.000        0.000        0.000
    50:        2.000        0.000        2.000        0.000        0.000
    55:        0.000        2.000        2.000        0.000        2.000
    60:        2.000        0.000        0.000        2.000        2.000
    65:        0.000        0.000        2.000        2.000        0.000
    70:        0.000        2.000        0.000        2.000        2.000
    75:        2.000        0.000        0.000        0.000        2.000
    80:        0.000        2.000        0.000        2.000        2.000
    85:        0.000        2.000        0.000        2.000        0.000
    90:        2.000        2.000        0.000        0.000        0.000
    95:        2.000        2.000        0.000        0.000        2.000
   100:        0.000        2.000        0.000        2.000        0.000
   105:        2.000        2.000        0.000        2.000        0.000
   110:        0.000        2.000        2.000        0.000        0.000
   115:        2.000        2.000        0.000        2.000        0.000
   120:        0.000        2.000        0.000        2.000        0.000
   125:        2.000        0.000        2.000        0.000        2.000
   130:        0.000        2.000        2.000        0.000        2.000
   135:        2.000        0.000        0.000        0.000        0.000
   140:        2.000        2.000        0.000        2.000        2.000
   145:        0.000        2.000        0.000        0.000        2.000
   150:        2.000        0.000        2.000        0.000        0.000
   155:        2.000        2.000        0.000        0.000        2.000
   160:        0.000        2.000        2.000        0.000        0.000
   165:        2.000        0.000        2.000        2.000        0.000
   170:        0.000        2.000        2.000        0.000        2.000
   175:        2.000        0.000        0.000        2.000        0.000
   180:        0.000        2.000        2.000        0.000        2.000
   185:        0.000        0.000        0.000        2.000        2.000
   190:        2.000        0.000        0.000        2.000        0.000
   195:        2.000        0.000        2.000        2.000        0.000
   200:        2.000        0.000        0.000        2.000        0.000
   205:        2.000        0.000        2.000        0.000        2.000
   210:        0.000        0.000        2.000        2.000        2.000
   215:        0.000        2.000        0.000        0.000        0.000
   220:        2.000        2.000        2.000        0.000        0.000
   225:        2.000        0.000        2.000        2.000        0.000
   230:        0.000        2.000        2.000        0.000        2.000
   235:        0.000        2.000        0.000        0.000        0.000
   240:        2.000        2.000        0.000        0.000        2.000
   245:        2.000        0.000        0.000        2.000        2.000
   250:        2.000        0.000        2.000        0.000        2.000
   255:        2.000        0.000        0.000        2.000        0.000
   260:        2.000        0.000        0.000        0.000        1.000
   265:        0.000        1.000        1.000        0.000        0.000
   270:        1.000        1.000        0.000        0.000        1.000
   275:        0.000        1.000        0.000        1.000        1.000
   280:        0.000        0.000        1.000        0.000        0.000
   285:        1.000        1.000        0.000        1.000        0.000
   290:        1.000        1.000        0.000        0.000        1.000
   295:        0.000        0.000        1.000        1.000        1.000
   300:        0.000        0.000        1.000        1.000        0.000
   305:        0.000        1.000        1.000        0.000        0.000
   310:        0.000        0.000        1.000        1.000        1.000
   315:        0.000        0.000        1.000        1.000        0.000
   320:        0.000        1.000
K:
     0:        0.000        0.000        1.000        1.000        2.000
     5:        2.000        2.000        1.000        2.000        1.000
    10:        2.000        2.000        1.000        1.000        2.000
    15:        2.000        1.000        1.000        1.000        2.000
    20:        2.000        1.000        1.000        2.000        2.000
    25:        1.000        2.000        1.000        1.000        2.000
    30:        2.000        2.000        1.000        1.000        1.000
    35:        1.000        2.000        2.000        2.000        2.000
    40:        1.000        1.000        2.000        2.000        2.000
    45:        1.000        1.000        1.000        2.000        2.000
    50:        1.000        2.000        1.000        2.000        2.000
    55:        2.000        1.000        1.000        2.000        1.000
    60:        1.000        2.000        2.000        1.000        1.000
    65:        2.000        2.000        1.000        1.000        2.000
    70:        2.000        1.000        2.000        1.000        1.000
    75:        1.000        2.000        2.000        2.000        1.000
    80:        2.000        1.000        2.000        1.000        1.000
    85:        2.000        1.000        2.000        1.000        2.000
    90:        1.000        1.000        2.000        2.000        2.000
    95:        1.000        1.000        2.000        2.000        1.000
   100:        2.000        1.000        2.000        1.000        2.000
   105:        1.000        1.000        2.000        1.000        2.000
   110:        2.000        1.000        1.000        2.000        2.000
   115:        1.000        1.000        2.000        1.000        2.000
   120:        2.000        1.000        2.000        1.000        2.000
   125:        1.000        2.000        1.000        2.000        1.000
   130:        2.000        1.000        1.000        2.000        1.000
   135:        1.000        2.000        2.000        2.000        2.000
   140:        1.000        1.000        2.000        1.000        1.000
   145:        2.000        1.000        2.000        2.000        1.000
   150:        1.000        2.000        1.000        2.000        2.000
   155:        1.000        1.000        2.000        2.000        1.000
   160:        2.000        1.000        1.000        2.000        2.000
   165:        1.000        2.000        1.000        1.000        2.000
   170:        2.000        1.000        1.000        2.000        1.000
   175:        1.000        2.000        2.000        1.000        2.000
   180:        2.000        1.000        1.000        2.000        1.000
   185:        2.000        2.000        2.000        1.000        1.000
   190:        1.000        2.000        2.000        1.000        2.000
   195:        1.000        2.000        1.000        1.000        2.000
   200:        1.000        2.000        2.000        1.000        2.000
   205:        1.000        2.000        1.000        2.000        1.000
   210:        2.000        2.000        1.000        1.000        1.000
   215:        2.000        1.000        2.000        2.000        2.000
   220:        1.000        1.000        1.000        2.000        2.000
   225:        1.000        2.000        1.000        1.000        2.000
   230:        2.000        1.000        1.000        2.000        1.000
   235:        2.000        1.000        2.000        2.000        2.000
   240:        1.000        1.000        2.000        2.000        1.000
   245:        1.000        2.000        2.000        1.000        1.000
   250:        1.000        2.000        1.000        2.000        1.000
   255:        1.000        2.000        2.000        1.000        2.000
   260:        1.000        2.000        2.000        2.000        1.000
   265:        2.000        1.000        1.000        2.000        2.000
   270:        1.000        1.000        2.000        2.000        1.000
   275:        2.000        1.000        2.000        1.000        1.000
   280:        2.000        2.000        1.000        2.000        2.000
   285:        1.000        1.000        2.000        1.000        2.000
   290:        1.000        1.000        2.000        2.000        1.000
   295:        2.000        2.000        1.000        1.000        1.000
   300:        2.000        2.000        1.000        1.000        2.000
   305:        2.000        1.000        1.000        2.000        2.000
   310:        2.000        2.000        1.000        1.000        1.000
   315:        2.000        2.000        1.000        1.000        2.000
   320:        2.000        1.000
L:
     0:        0.000        0.000        4.000        1.000        4.000
     5:        1.000        4.000        1.000        1.000        4.000
    10:        1.000        4.000        3.000        2.000        2.000
    15:        3.000        2.000        3.000        3.000        3.000
    20:        2.000        2.000        3.000        3.000        2.000
    25:        2.000        2.000        2.000        3.000        3.000
    30:        2.000        3.000        3.000        2.000        2.000
    35:        3.000        3.000        2.000        2.000        3.000
    40:        3.000        2.000        2.000        3.000        6.000
    45:        5.000        5.000        5.000        6.000        6.000
    50:        5.000        6.000        5.000        6.000        6.000
    55:        6.000        3.000        3.000        4.000        3.000
    60:        3.000        4.000        4.000        3.000        3.000
    65:        4.000        4.000        3.000        3.000        4.000
    70:        4.000        3.000        4.000        3.000        3.000
    75:        3.000        4.000        4.000        4.000        3.000
    80:        4.000        3.000        4.000        3.000        3.000
    85:        4.000        3.000        4.000        3.000        4.000
    90:        3.000        3.000        4.000        4.000        4.000
    95:        3.000        3.000        4.000        4.000        3.000
   100:        4.000        3.000        4.000        3.000        4.000
   105:        3.000        3.000        4.000        3.000        4.000
   110:        4.000        3.000        3.000        4.000        4.000
   115:        3.000        3.000        4.000        3.000        4.000
   120:        4.000        3.000        4.000        3.000        4.000
   125:        3.000        4.000        3.000        4.000        3.000
   130:        4.000        3.000        3.000        4.000        3.000
   135:        3.000        4.000        4.000        4.000        4.000
   140:        3.000        3.000        4.000        3.000        3.000
   145:        4.000        3.000        4.000        4.000        3.000
   150:        3.000        4.000        3.000        4.000        4.000
   155:        3.000        3.000        4.000        4.000        3.000
   160:        4.000        3.000        3.000        4.000        4.000
   165:        3.000        4.000        3.000        3.000        4.000
   170:        4.000        3.000        3.000        4.000        3.000
   175:        3.000        4.000        4.000        3.000        4.000
   180:        4.000        3.000        3.000        4.000        3.000
   185:        4.000        4.000        4.000        3.000        3.000
   190:        3.000        4.000        4.000        3.000        4.000
   195:        3.000        4.000        3.000        3.000        4.000
   200:        3.000        4.000        4.000        3.000        4.000
   205:        3.000        4.000        3.000        4.000        3.000
   210:        4.000        4.000        3.000        3.000        3.000
   215:        4.000        3.000        4.000        4.000        4.000
   220:        3.000        3.000        3.000        4.000        4.000
   225:        3.000        4.000        3.000        3.000        4.000
   230:        4.000        3.000        3.000        4.000        3.000
   235:        4.000        3.000        4.000        4.000        4.000
   240:        3.000        3.000        4.000        4.000        3.000
   245:        3.000        4.000        4.000        3.000        3.000
   250:        3.000        4.000        3.000        4.000        3.000
   255:        3.000        4.000        4.000        3.000        4.000
   260:        3.000        4.000        4.000        4.000        1.000
   265:        1.000        1.000        2.000        1.000        2.000
   270:        2.000        1.000        2.000        1.000        1.000
   275:        1.000        2.000        2.000        1.000        2.000
   280:        1.000        2.000        2.000        1.000        2.000
   285:        1.000        1.000        2.000        2.000        1.000
   290:        2.000        1.000        2.000        1.000        2.000
   295:        2.000        1.000        1.000        1.000        2.000
   300:        2.000        1.000        1.000        2.000        1.000
   305:        2.000        2.000        1.000        2.000        1.000
   310:        1.000        2.000        6.000        5.000        6.000
   315:        5.000        6.000        5.000        6.000        6.000
   320:        5.000        5.000
O:
     0:        0.000        0.000        0.000        0.000        1.000
     5:        1.000        1.000        0.000        1.000        0.000
    10:        1.000        1.000        0.000        0.000        1.000
    15:        1.000        0.000        0.000        0.000        1.000
    20:        1.000        0.000        0.000        1.000        1.000
    25:        0.000        1.000        0.000        0.000        1.000
    30:        1.000        1.000        0.000        0.000        0.000
    35:        0.000        1.000        1.000        1.000        1.000
    40:        0.000        0.000        1.000        1.000        2.000
    45:        0.000        0.000        0.000        2.000        2.000
    50:        0.000        2.000        0.000        2.000        2.000
    55:        2.000        0.000        0.000        2.000        0.000
    60:        0.000        2.000        2.000        0.000        0.000
    65:        2.000        2.000        0.000        0.000        2.000
    70:        2.000        0.000        2.000        0.000        0.000
    75:        0.000        2.000        2.000        2.000        0.000
    80:        2.000        0.000        2.000        0.000        0.000
    85:        2.000        0.000        2.000        0.000        2.000
    90:        0.000        0.000        2.000        2.000        2.000
    95:        0.000        0.000        2.000        2.000        0.000
   100:        2.000        0.000        2.000        0.000        2.000
   105:        0.000        0.000        2.000        0.000        2.000
   110:        2.000        0.000        0.000        2.000        2.000
   115:        0.000        0.000        2.000        0.000        2.000
   120:        2.000        0.000        2.000        0.000        2.000
   125:        0.000        2.000        0.000        2.000        0.000
   130:        2.000        0.000        0.000        2.000        0.000
   135:        0.000        2.000        2.000        2.000        2.000
   140:        0.000        0.000        2.000        0.000        0.000
   145:        2.000        0.000        2.000        2.000        0.000
   150:        0.000        2.000        0.000        2.000        2.000
   155:        0.000        0.000        2.000        2.000        0.000
   160:        2.000        0.000        0.000        2.000        2.000
   165:        0.000        2.000        0.000        0.000        2.000
   170:        2.000        0.000        0.000        2.000        0.000
   175:        0.000        2.000        2.000        0.000        2.000
   180:        2.000        0.000        0.000        2.000        0.000
   185:        2.000        2.000        2.000        0.000        0.000
   190:        0.000        2.000        2.000        0.000        2.000
   195:        0.000        2.000        0.000        0.000        2.000
   200:        0.000        2.000        2.000        0.000        2.000
   205:        0.000        2.000        0.000        2.000        0.000
   210:        2.000        2.000        0.000        0.000        0.000
   215:        2.000        0.000        2.000        2.000        2.000
   220:        0.000        0.000        0.000        2.000        2.000
   225:        0.000        2.000        0.000        0.000        2.000
   230:        2.000        0.000        0.000        2.000        0.000
   235:        2.000        0.000        2.000        2.000        2.000
   240:        0.000        0.000        2.000        2.000        0.000
   245:        0.000        2.000        2.000        0.000        0.000
   250:        0.000        2.000        0.000        2.000        0.000
   255:        0.000        2.000        2.000        0.000        2.000
   260:        0.000        2.000        2.000        2.000        0.000
   265:        1.000        0.000        0.000        1.000        1.000
   270:        0.000        0.000        1.000        1.000        0.000
   275:        1.000        0.000        1.000        0.000        0.000
   280:        1.000        1.000        0.000        1.000        1.000
   285:        0.000        0.000        1.000        0.000        1.000
   290:        0.000        0.000        1.000        1.000        0.000
   295:        1.000        1.000        0.000        0.000        0.000
   300:        1.000        1.000        0.000        0.000        1.000
   305:        1.000        0.000        0.000        1.000        1.000
   310:        1.000        1.000        0.000        0.000        0.000
   315:        1.000        1.000        0.000        0.000        1.000
   320:        1.000        0.000
P:
     0:       11.000
Q:
     0:       12.000      322.000      314.000
S:
     0:        0.000        0.000        5.000        5.000        2.000
     5:        2.000        2.000        5.000        2.000        5.000
    10:        2.000        2.000        3.000        3.000        6.000
    15:        6.000        3.000        3.000        3.000        6.000
    20:        6.000        3.000        3.000        6.000        6.000
    25:        3.000        6.000        3.000        3.000        6.000
    30:        6.000        6.000        3.000        3.000        3.000
    35:        3.000        6.000        6.000        6.000        6.000
    40:        3.000        3.000        6.000        6.000        1.000
    45:        1.000        4.000        1.000        4.000        1.000
    50:        4.000        4.000        1.000        1.000        1.000
    55:        4.000        6.000        5.000        6.000        5.000
    60:        6.000        5.000        6.000        6.000        5.000
    65:        5.000        6.000        5.000        6.000        5.000
    70:        6.000        5.000        5.000        6.000        5.000
    75:        6.000        6.000        5.000        6.000        5.000
    80:        5.000        6.000        5.000        5.000        6.000
    85:        6.000        6.000        5.000        5.000        6.000
    90:        6.000        5.000        6.000        5.000        5.000
    95:        6.000        5.000        6.000        6.000        5.000
   100:        5.000        6.000        6.000        6.000        5.000
   105:        5.000        6.000        5.000        5.000        6.000
   110:        5.000        6.000        5.000        6.000        5.000
   115:        6.000        5.000        6.000        5.000        6.000
   120:        5.000        6.000        5.000        6.000        6.000
   125:        5.000        6.000        6.000        5.000        5.000
   130:        5.000        6.000        5.000        6.000        6.000
   135:        5.000        6.000        5.000        6.000        5.000
   140:        5.000        6.000        6.000        6.000        5.000
   145:        5.000        6.000        6.000        5.000        5.000
   150:        5.000        5.000        6.000        6.000        6.000
   155:        6.000        5.000        5.000        6.000        6.000
   160:        5.000        5.000        5.000        5.000        6.000
   165:        6.000        5.000        6.000        5.000        6.000
   170:        6.000        5.000        6.000        5.000        5.000
   175:        6.000        5.000        6.000        6.000        6.000
   180:        5.000        5.000        5.000        6.000        6.000
   185:        5.000        6.000        5.000        5.000        6.000
   190:        5.000        6.000        5.000        6.000        6.000
   195:        6.000        5.000        5.000        5.000        6.000
   200:        6.000        5.000        5.000        6.000        6.000
   205:        5.000        6.000        6.000        5.000        5.000
   210:        5.000        6.000        5.000        6.000        6.000
   215:        5.000        5.000        6.000        5.000        6.000
   220:        6.000        5.000        6.000        6.000        5.000
   225:        5.000        5.000        5.000        6.000        6.000
   230:        6.000        6.000        5.000        5.000        5.000
   235:        5.000        6.000        6.000        6.000        5.000
   240:        5.000        6.000        5.000        6.000        5.000
   245:        6.000        5.000        6.000        5.000        6.000
   250:        5.000        6.000        6.000        5.000        5.000
   255:        6.000        5.000        6.000        6.000        6.000
   260:        5.000        5.000        5.000        6.000        1.000
   265:        4.000        1.000        1.000        4.000        4.000
   270:        1.000        1.000        4.000        4.000        1.000
   275:        4.000        1.000        4.000        1.000        1.000
   280:        4.000        4.000        1.000        4.000        4.000
   285:        1.000        1.000        4.000        1.000        4.000
   290:        1.000        1.000        4.000        4.000        1.000
   295:        4.000        4.000        1.000        1.000        1.000
   300:        4.000        4.000        1.000        1.000        4.000
   305:        4.000        1.000        1.000        4.000        4.000
   310:        4.000        4.000        3.000        3.000        3.000
   315:        2.000        2.000        3.000        3.000        2.000
   320:        2.000        3.000
U:
     0:        9.000       11.000       13.000
W:
     0:      159.000      159.000        0.000
X:
     0:        4.000        6.000        8.000
Y:
     0:       10.000       12.000       14.000
Z:
     0:        1.000        2.000        3.000        4.000
