File: C:\MED-PC\Data\2023-07-31_09h10m_Subject 137.txt


Start Date: 07/31/23
End Date: 07/31/23
Subject: 137
Experiment: 0
Group: 0
Box: 2
Start Time: 09:10:01
End Time: 10:25:38
MSN: CF_SetShifting
I:      54.000
N:       7.000
R:       2.000
T:    4500.000
U:       0.000
V:       2.000
A:
     0:        8.000        9.000        3.000       10.000
B:
     0:        0.000        0.000        0.000        0.000        0.000
     5:        0.000        0.000        0.000        0.000        0.000
    10:        0.000        0.000        0.000        0.000        0.000
    15:        0.000        0.000        0.000        0.000        0.000
    20:        0.000        0.000        0.000        0.000        0.000
    25:        0.000        0.000        0.000        0.000        0.000
    30:        0.000        0.000        0.000        0.000        0.000
    35:        0.000        0.000        0.000        0.000        0.000
    40:        0.000        0.000        0.000        0.000        0.000
    45:        0.000        0.000        0.000        0.000        0.000
    50:        0.000        0.000        0.000        0.000
C:
     0:        0.000        0.000        0.000        0.000       96.630
     5:        0.000      151.790        0.000      199.390      231.190
    10:      245.250      261.730      275.080      287.080      306.430
    15:      325.570      342.610        0.000      386.930      397.270
    20:      429.990      437.520      455.150      472.810      495.540
    25:      509.180      517.260      534.860        0.000      568.970
    30:      585.520      594.290      603.390      621.180      628.010
    35:      638.770      646.150      655.620      672.370      688.890
    40:      706.130      713.940      732.240      739.370      760.780
    45:      770.280      783.750      804.870      832.210      840.250
    50:      847.490      864.870      876.880      911.940
D:
     0:        0.000        0.000        0.000        0.000        6.840
     5:        0.000        0.930        0.000        0.860        0.710
    10:        0.640        0.580        0.530        0.730        0.650
    15:        0.590        0.630        0.000        0.620        0.670
    20:        0.630        0.640        0.840        0.720        1.300
    25:        0.710        0.640        0.710        0.000        0.700
    30:        0.760        0.590        0.660        0.680        0.730
    35:        0.970        1.000        0.830        0.560        0.630
    40:        0.590        0.780        0.660        0.550        0.700
    45:        0.600        0.660        0.550        0.680        0.580
    50:        0.640        0.640        0.760        0.530
E:
     0:        0.000        0.000        0.000        0.000       89.790
     5:        0.000      150.860        0.000      198.530      230.480
    10:      244.610      261.150      274.550      286.350      305.780
    15:      324.980      341.980        0.000      386.310      396.600
    20:      429.360      436.880      454.310      472.090      494.240
    25:      508.470      516.620      534.150        0.000      568.270
    30:      584.760      593.700      602.730      620.500      627.280
    35:      637.800      645.150      654.790      671.810      688.260
    40:      705.540      713.160      731.580      738.820      760.080
    45:      769.680      783.090      804.320      831.530      839.670
    50:      846.850      864.230      876.120      911.410
F:
     0:        0.000        0.000        0.000        0.000        2.000
     5:        0.000        3.000        0.000        4.000        1.000
    10:        1.000        4.000        2.000        3.000        3.000
    15:        2.000        4.000        0.000        1.000        4.000
    20:        3.000        1.000        2.000        2.000        4.000
    25:        3.000        1.000        4.000        0.000        3.000
    30:        2.000        1.000        3.000        4.000        2.000
    35:        1.000        2.000        4.000        3.000        3.000
    40:        2.000        1.000        4.000        2.000        1.000
    45:        3.000        4.000        4.000        2.000        3.000
    50:        1.000        2.000        4.000        1.000
G:
     0:       27.000        9.000       18.000
H:
     0:        0.000        0.000        0.000        0.000        2.000
     5:        0.000        1.000        0.000        2.000        1.000
    10:        2.000        1.000        1.000        1.000        2.000
    15:        2.000        2.000        0.000        1.000        2.000
    20:        1.000        1.000        2.000        2.000        1.000
    25:        1.000        1.000        3.000        0.000        4.000
    30:        3.000        3.000        4.000        3.000        3.000
    35:        3.000        3.000        4.000        4.000        4.000
    40:        3.000        4.000        3.000        4.000        3.000
    45:        3.000        4.000        4.000        3.000        3.000
    50:        4.000        3.000        4.000        4.000
J:
     0:        0.000        0.000        0.000        0.000        1.000
     5:        0.000        0.000        0.000        1.000        0.000
    10:        0.000        1.000        1.000        0.000        0.000
    15:        1.000        1.000        0.000        0.000        1.000
    20:        0.000        0.000        1.000        1.000        1.000
    25:        0.000        0.000        0.000        0.000        1.000
    30:        0.000        1.000        1.000        0.000        0.000
    35:        1.000        0.000        0.000        1.000        1.000
    40:        0.000        1.000        0.000        0.000        1.000
    45:        1.000        0.000        0.000        0.000        1.000
    50:        1.000        0.000        0.000        1.000
K:
     0:        0.000        0.000        0.000        0.000        1.000
     5:        0.000        2.000        0.000        1.000        2.000
    10:        1.000        2.000        2.000        2.000        1.000
    15:        1.000        1.000        0.000        2.000        1.000
    20:        2.000        2.000        1.000        1.000        2.000
    25:        2.000        2.000        2.000        0.000        1.000
    30:        2.000        2.000        1.000        2.000        2.000
    35:        2.000        2.000        1.000        1.000        1.000
    40:        2.000        1.000        2.000        1.000        2.000
    45:        2.000        1.000        1.000        2.000        2.000
    50:        1.000        2.000        1.000        1.000
L:
     0:        0.000        0.000        0.000        0.000        2.000
     5:        0.000        4.000        0.000        4.000        2.000
    10:        2.000        4.000        2.000        4.000        4.000
    15:        2.000        4.000        0.000        2.000        4.000
    20:        4.000        2.000        2.000        2.000        4.000
    25:        4.000        2.000        5.000        0.000        5.000
    30:        3.000        3.000        5.000        5.000        3.000
    35:        3.000        3.000        5.000        5.000        5.000
    40:        3.000        3.000        5.000        3.000        3.000
    45:        5.000        5.000        5.000        3.000        5.000
    50:        3.000        3.000        5.000        3.000
M:
     0:        0.000        0.000        0.000
O:
     0:        0.000        0.000        0.000        0.000        0.000
     5:        0.000        1.000        0.000        0.000        1.000
    10:        1.000        0.000        0.000        1.000        1.000
    15:        0.000        0.000        0.000        1.000        0.000
    20:        1.000        1.000        0.000        0.000        0.000
    25:        1.000        1.000        1.000        0.000        0.000
    30:        1.000        0.000        0.000        1.000        1.000
    35:        0.000        1.000        1.000        0.000        0.000
    40:        1.000        0.000        1.000        1.000        0.000
    45:        0.000        1.000        1.000        1.000        0.000
    50:        0.000        1.000        1.000        0.000
P:
     0:       14.000       27.000       20.000        0.000        0.000
     5:        0.000        0.000        5.000        0.000        4.000
    10:        0.000        5.000        4.000        4.000        0.000
    15:        0.000        0.000        0.000        0.000        0.000
    20:        0.000        0.000        0.000        0.000        0.000
    25:        0.000        0.000        0.000        0.000        0.000
    30:        0.000        0.000        0.000        0.000        0.000
    35:        0.000        0.000        0.000        0.000        0.000
    40:        0.000        0.000        0.000        0.000        0.000
    45:        0.000        0.000        0.000        0.000        0.000
    50:        0.000        0.000        0.000        0.000
Q:
     0:        0.000        0.000        0.000
S:
     0:        0.000        0.000        0.000        0.000        5.000
     5:        0.000        4.000        0.000        5.000        4.000
    10:        4.000        5.000        5.000        4.000        4.000
    15:        5.000        5.000        0.000        4.000        5.000
    20:        4.000        4.000        5.000        5.000        5.000
    25:        4.000        4.000        6.000        0.000        3.000
    30:        6.000        3.000        3.000        6.000        6.000
    35:        3.000        6.000        6.000        3.000        3.000
    40:        6.000        3.000        6.000        6.000        3.000
    45:        3.000        6.000        6.000        6.000        3.000
    50:        3.000        6.000        6.000        3.000
W:
     0:       22.000       14.000        8.000
X:
     0:        3.000        4.000        5.000        6.000        7.000
     5:        8.000
Y:
     0:        9.000       10.000       11.000       12.000       13.000
     5:       14.000
Z:
     0:        1.000        2.000        3.000        4.000
