File: C:\MED-PC\Data\2023-07-31_09h10m_Subject 139.txt


Start Date: 07/31/23
End Date: 07/31/23
Subject: 139
Experiment: 0
Group: 0
Box: 4
Start Time: 09:10:07
End Time: 10:25:38
MSN: CF_SetShifting
I:     190.000
N:     104.000
R:       1.000
T:    4500.000
U:       0.000
V:       1.000
A:
     0:        3.000        9.000        4.000       10.000
B:
     0:        0.000        0.000        0.000        0.000        0.000
     5:        0.000        0.000        0.000        0.000        0.000
    10:        0.000        0.000        0.000        0.000        0.000
    15:        0.000        0.000        0.000        0.000        0.000
    20:        0.000        0.000        0.000        0.000        0.000
    25:        0.000        0.000        0.000        0.000        0.000
    30:        0.000        0.000        0.000        0.000        0.000
    35:        0.000        0.000        0.000        0.000        0.000
    40:        0.000        0.000        0.000        0.000        0.000
    45:        0.000        0.000        0.000        0.000        0.000
    50:        0.000        0.000        0.000        0.000        0.000
    55:        0.000        0.000        0.000        0.000        0.000
    60:        0.000        0.000        0.000        0.000        0.000
    65:        0.000        0.000        0.000        0.000        0.000
    70:        0.000        0.000        0.000        0.000        0.000
    75:        0.000        0.000        0.000        0.000        0.000
    80:        0.000        0.000        0.000        0.000        0.000
    85:        0.000        0.000        0.000        0.000        0.000
    90:        0.000        0.000        0.000        0.000        0.000
    95:        0.000        0.000        0.000        0.000        0.000
   100:        0.000        0.000        0.000        0.000        0.000
   105:        0.000        0.000        0.000        0.000        0.000
   110:        0.000        0.000        0.000        0.000        0.000
   115:        0.000        0.000        0.000        0.000        0.000
   120:        0.000        0.000        0.000        0.000        0.000
   125:        0.000        0.000        0.000        0.000        0.000
   130:        0.000        0.000        0.000        0.000        0.000
   135:        0.000        0.000        0.000        0.000        0.000
   140:        0.000        0.000        0.000        0.000        0.000
   145:        0.000        0.000        0.000        0.000        0.000
   150:        0.000        0.000        0.000        0.000        0.000
   155:        0.000        0.000        0.000        0.000        0.000
   160:        0.000        0.000        0.000        0.000        0.000
   165:        0.000        0.000        0.000        0.000        0.000
   170:        0.000        0.000        0.000        0.000        0.000
   175:        0.000        0.000        0.000        0.000        0.000
   180:        0.000        0.000        0.000        0.000        0.000
   185:        0.000        0.000        0.000        0.000        0.000
C:
     0:        0.000       29.900        0.000       74.010        0.000
     5:      108.650        0.000        0.000        0.000        0.000
    10:        0.000        0.000      284.040        0.000        0.000
    15:        0.000      368.650        0.000        0.000        0.000
    20:        0.000      501.320        0.000      542.950      566.930
    25:      585.390        0.000      645.470      662.960      687.890
    30:      710.770        0.000        0.000      792.870        0.000
    35:        0.000      859.010      870.770      890.090      911.320
    40:      928.260        0.000      974.880      994.990     1002.880
    45:     1014.690     1034.120     1057.560        0.000     1096.350
    50:     1127.250     1134.700     1141.690     1165.050     1182.690
    55:     1191.470     1214.440     1238.350     1253.510     1273.330
    60:     1296.900     1322.660     1333.740     1361.460     1381.910
    65:        0.000        0.000     1451.800        0.000        0.000
    70:     1544.900        0.000     1600.930        0.000     1649.350
    75:     1670.400     1696.500     1717.300     1741.920     1757.440
    80:        0.000        0.000     1820.550     1855.470        0.000
    85:     1909.790     1919.490     1928.900        0.000     1981.690
    90:     2016.980     2038.400     2069.320     2083.930        0.000
    95:     2123.230        0.000     2177.900     2197.750     2232.100
   100:        0.000     2289.170        0.000        0.000        0.000
   105:        0.000        0.000     2430.090        0.000     2472.710
   110:        0.000        0.000        0.000        0.000        0.000
   115:        0.000        0.000        0.000        0.000        0.000
   120:        0.000     2776.260        0.000        0.000        0.000
   125:        0.000        0.000        0.000        0.000     2955.650
   130:     2970.040        0.000     3029.210        0.000     3088.280
   135:        0.000        0.000        0.000        0.000     3223.360
   140:        0.000        0.000        0.000        0.000        0.000
   145:     3370.790        0.000        0.000        0.000        0.000
   150:        0.000        0.000        0.000        0.000        0.000
   155:        0.000        0.000        0.000        0.000        0.000
   160:        0.000        0.000        0.000        0.000        0.000
   165:        0.000        0.000        0.000        0.000        0.000
   170:        0.000        0.000        0.000        0.000     4096.710
   175:        0.000        0.000        0.000        0.000        0.000
   180:        0.000        0.000        0.000        0.000        0.000
   185:        0.000        0.000        0.000        0.000        0.000
D:
     0:        0.000        6.100        0.000        1.230        0.000
     5:        1.690        0.000        0.000        0.000        0.000
    10:        0.000        0.000        3.480        0.000        0.000
    15:        0.000        2.640        0.000        0.000        0.000
    20:        0.000        3.800        0.000        6.280        1.400
    25:        1.120        0.000        3.420        0.930        6.900
    30:        1.150        0.000        0.000        1.760        0.000
    35:        0.000        3.630        1.010        1.260        0.970
    40:        1.320        0.000        1.960        1.200        0.800
    45:        0.900        0.960        0.780        0.000        1.220
    50:        1.030        1.170        0.890        1.690        0.940
    55:        0.900        1.370        1.140        0.780        1.690
    60:        1.890        0.820        0.730        0.760        0.880
    65:        0.000        0.000        1.120        0.000        0.000
    70:        8.730        0.000        2.240        0.000        1.190
    75:        0.890        0.780        2.180        0.990        0.670
    80:        0.000        0.000        0.760        0.770        0.000
    85:        0.830        0.750        0.760        0.000        1.000
    90:        0.800        0.710        1.040        2.260        0.000
    95:        1.700        0.000        2.870        0.650        1.470
   100:        0.000        4.740        0.000        0.000        0.000
   105:        0.000        0.000        2.190        0.000        1.050
   110:        0.000        0.000        0.000        0.000        0.000
   115:        0.000        0.000        0.000        0.000        0.000
   120:        0.000        3.510        0.000        0.000        0.000
   125:        0.000        0.000        0.000        0.000        0.610
   130:        1.760        0.000        0.770        0.000        9.370
   135:        0.000        0.000        0.000        0.000        0.960
   140:        0.000        0.000        0.000        0.000        0.000
   145:        7.030        0.000        0.000        0.000        0.000
   150:        0.000        0.000        0.000        0.000        0.000
   155:        0.000        0.000        0.000        0.000        0.000
   160:        0.000        0.000        0.000        0.000        0.000
   165:        0.000        0.000        0.000        0.000        0.000
   170:        0.000        0.000        0.000        0.000        2.230
   175:        0.000        0.000        0.000        0.000        0.000
   180:        0.000        0.000        0.000        0.000        0.000
   185:        0.000        0.000        0.000        0.000        0.000
E:
     0:        0.000       23.800        0.000       72.780        0.000
     5:      106.960        0.000        0.000        0.000      202.020
    10:        0.000        0.000      280.560        0.000        0.000
    15:        0.000      366.010        0.000      418.960      441.130
    20:        0.000      497.520        0.000      536.670      565.530
    25:      584.270        0.000      642.050      662.030      680.990
    30:      709.620        0.000        0.000      791.110        0.000
    35:        0.000      855.380      869.760      888.830      910.350
    40:      926.940        0.000      972.920      993.790     1002.080
    45:     1013.790     1033.160     1056.780     1079.150     1095.130
    50:     1126.220     1133.530     1140.800     1163.360     1181.750
    55:     1190.570     1213.070     1237.210     1252.730     1271.640
    60:     1295.010     1321.840     1333.010     1360.700     1381.030
    65:        0.000        0.000     1450.680        0.000        0.000
    70:     1536.170        0.000     1598.690        0.000     1648.160
    75:     1669.510     1695.720     1715.120     1740.930     1756.770
    80:        0.000        0.000     1819.790     1854.700        0.000
    85:     1908.960     1918.740     1928.140        0.000     1980.690
    90:     2016.180     2037.690     2068.280     2081.670     2090.190
    95:     2121.530        0.000     2175.030     2197.100     2230.630
   100:        0.000     2284.430        0.000        0.000        0.000
   105:        0.000     2404.450     2427.900        0.000     2471.660
   110:        0.000        0.000        0.000        0.000        0.000
   115:        0.000        0.000        0.000        0.000        0.000
   120:        0.000     2772.750     2783.100        0.000        0.000
   125:        0.000        0.000        0.000        0.000     2955.040
   130:     2968.280        0.000     3028.440        0.000     3078.910
   135:        0.000        0.000        0.000        0.000     3222.400
   140:        0.000        0.000        0.000        0.000        0.000
   145:     3363.760        0.000        0.000        0.000        0.000
   150:        0.000        0.000        0.000        0.000        0.000
   155:        0.000        0.000        0.000     3699.330        0.000
   160:        0.000        0.000        0.000        0.000        0.000
   165:        0.000        0.000        0.000        0.000        0.000
   170:        0.000        0.000        0.000        0.000     4094.480
   175:        0.000        0.000        0.000        0.000        0.000
   180:        0.000        0.000        0.000     4324.970        0.000
   185:        0.000        0.000        0.000     4452.920        0.000
F:
     0:        0.000        2.000        0.000        1.000        0.000
     5:        4.000        0.000        0.000        0.000        3.000
    10:        0.000        0.000        4.000        0.000        0.000
    15:        0.000        2.000        0.000        3.000        1.000
    20:        0.000        1.000        0.000        3.000        2.000
    25:        4.000        0.000        3.000        4.000        1.000
    30:        2.000        0.000        0.000        4.000        0.000
    35:        0.000        1.000        3.000        2.000        4.000
    40:        2.000        0.000        3.000        1.000        2.000
    45:        3.000        1.000        4.000        1.000        2.000
    50:        3.000        4.000        2.000        4.000        3.000
    55:        1.000        4.000        1.000        3.000        4.000
    60:        3.000        1.000        2.000        1.000        4.000
    65:        0.000        0.000        2.000        0.000        0.000
    70:        3.000        0.000        2.000        0.000        3.000
    75:        4.000        1.000        3.000        1.000        2.000
    80:        0.000        0.000        4.000        2.000        0.000
    85:        1.000        3.000        4.000        0.000        4.000
    90:        2.000        1.000        3.000        3.000        1.000
    95:        2.000        0.000        4.000        4.000        2.000
   100:        0.000        3.000        0.000        0.000        0.000
   105:        0.000        1.000        1.000        0.000        4.000
   110:        0.000        0.000        0.000        0.000        0.000
   115:        0.000        0.000        0.000        0.000        0.000
   120:        0.000        3.000        2.000        0.000        0.000
   125:        0.000        0.000        0.000        0.000        3.000
   130:        4.000        0.000        2.000        0.000        1.000
   135:        0.000        0.000        0.000        0.000        2.000
   140:        0.000        0.000        0.000        0.000        0.000
   145:        3.000        0.000        0.000        0.000        0.000
   150:        0.000        0.000        0.000        0.000        0.000
   155:        0.000        0.000        0.000        1.000        0.000
   160:        0.000        0.000        0.000        0.000        0.000
   165:        0.000        0.000        0.000        0.000        0.000
   170:        0.000        0.000        0.000        0.000        4.000
   175:        0.000        0.000        0.000        0.000        0.000
   180:        0.000        0.000        0.000        4.000        0.000
   185:        0.000        0.000        0.000        1.000        0.000
G:
     0:       39.000       25.000       14.000
H:
     0:        0.000        1.000        0.000        1.000        0.000
     5:        2.000        0.000        0.000        0.000        0.000
    10:        0.000        0.000        1.000        0.000        0.000
    15:        0.000        2.000        0.000        0.000        0.000
    20:        0.000        1.000        0.000        1.000        2.000
    25:        2.000        0.000        2.000        1.000        1.000
    30:        2.000        0.000        0.000        1.000        0.000
    35:        0.000        1.000        1.000        2.000        1.000
    40:        1.000        0.000        1.000        1.000        1.000
    45:        2.000        1.000        1.000        0.000        2.000
    50:        1.000        1.000        2.000        1.000        1.000
    55:        1.000        4.000        3.000        4.000        4.000
    60:        3.000        3.000        4.000        4.000        4.000
    65:        0.000        0.000        4.000        0.000        0.000
    70:        4.000        0.000        3.000        0.000        4.000
    75:        4.000        3.000        4.000        3.000        3.000
    80:        0.000        0.000        4.000        4.000        0.000
    85:        3.000        3.000        4.000        0.000        4.000
    90:        4.000        4.000        3.000        3.000        0.000
    95:        4.000        0.000        3.000        4.000        4.000
   100:        0.000        3.000        0.000        0.000        0.000
   105:        0.000        0.000        3.000        0.000        4.000
   110:        0.000        0.000        0.000        0.000        0.000
   115:        0.000        0.000        0.000        0.000        0.000
   120:        0.000        3.000        0.000        0.000        0.000
   125:        0.000        0.000        0.000        0.000        3.000
   130:        4.000        0.000        4.000        0.000        4.000
   135:        0.000        0.000        0.000        0.000        4.000
   140:        0.000        0.000        0.000        0.000        0.000
   145:        4.000        0.000        0.000        0.000        0.000
   150:        0.000        0.000        0.000        0.000        0.000
   155:        0.000        0.000        0.000        0.000        0.000
   160:        0.000        0.000        0.000        0.000        0.000
   165:        0.000        0.000        0.000        0.000        0.000
   170:        0.000        0.000        0.000        0.000        4.000
   175:        0.000        0.000        0.000        0.000        0.000
   180:        0.000        0.000        0.000        0.000        0.000
   185:        0.000        0.000        0.000        0.000        0.000
J:
     0:        0.000        0.000        0.000        1.000        0.000
     5:        0.000        0.000        0.000        0.000        1.000
    10:        0.000        0.000        0.000        0.000        0.000
    15:        0.000        0.000        0.000        1.000        1.000
    20:        0.000        1.000        0.000        1.000        0.000
    25:        0.000        0.000        1.000        0.000        1.000
    30:        0.000        0.000        0.000        0.000        0.000
    35:        0.000        1.000        1.000        0.000        0.000
    40:        0.000        0.000        1.000        1.000        0.000
    45:        1.000        1.000        0.000        1.000        0.000
    50:        1.000        0.000        0.000        0.000        1.000
    55:        1.000        0.000        1.000        1.000        0.000
    60:        1.000        1.000        0.000        1.000        0.000
    65:        0.000        0.000        0.000        0.000        0.000
    70:        1.000        0.000        0.000        0.000        1.000
    75:        0.000        1.000        1.000        1.000        0.000
    80:        0.000        0.000        0.000        0.000        0.000
    85:        1.000        1.000        0.000        0.000        0.000
    90:        0.000        1.000        1.000        1.000        1.000
    95:        0.000        0.000        0.000        0.000        0.000
   100:        0.000        1.000        0.000        0.000        0.000
   105:        0.000        1.000        1.000        0.000        0.000
   110:        0.000        0.000        0.000        0.000        0.000
   115:        0.000        0.000        0.000        0.000        0.000
   120:        0.000        1.000        0.000        0.000        0.000
   125:        0.000        0.000        0.000        0.000        1.000
   130:        0.000        0.000        0.000        0.000        1.000
   135:        0.000        0.000        0.000        0.000        0.000
   140:        0.000        0.000        0.000        0.000        0.000
   145:        1.000        0.000        0.000        0.000        0.000
   150:        0.000        0.000        0.000        0.000        0.000
   155:        0.000        0.000        0.000        1.000        0.000
   160:        0.000        0.000        0.000        0.000        0.000
   165:        0.000        0.000        0.000        0.000        0.000
   170:        0.000        0.000        0.000        0.000        0.000
   175:        0.000        0.000        0.000        0.000        0.000
   180:        0.000        0.000        0.000        0.000        0.000
   185:        0.000        0.000        0.000        1.000        0.000
K:
     0:        0.000        2.000        0.000        2.000        0.000
     5:        1.000        0.000        0.000        0.000        0.000
    10:        0.000        0.000        2.000        0.000        0.000
    15:        0.000        1.000        0.000        0.000        0.000
    20:        0.000        2.000        0.000        2.000        1.000
    25:        1.000        0.000        1.000        2.000        2.000
    30:        1.000        0.000        0.000        2.000        0.000
    35:        0.000        2.000        2.000        1.000        2.000
    40:        2.000        0.000        2.000        2.000        2.000
    45:        1.000        2.000        2.000        0.000        1.000
    50:        2.000        2.000        1.000        2.000        2.000
    55:        2.000        1.000        2.000        1.000        1.000
    60:        2.000        2.000        1.000        1.000        1.000
    65:        0.000        0.000        1.000        0.000        0.000
    70:        1.000        0.000        2.000        0.000        1.000
    75:        1.000        2.000        1.000        2.000        2.000
    80:        0.000        0.000        1.000        1.000        0.000
    85:        2.000        2.000        1.000        0.000        1.000
    90:        1.000        1.000        2.000        2.000        0.000
    95:        1.000        0.000        2.000        1.000        1.000
   100:        0.000        2.000        0.000        0.000        0.000
   105:        0.000        0.000        2.000        0.000        1.000
   110:        0.000        0.000        0.000        0.000        0.000
   115:        0.000        0.000        0.000        0.000        0.000
   120:        0.000        2.000        0.000        0.000        0.000
   125:        0.000        0.000        0.000        0.000        2.000
   130:        1.000        0.000        1.000        0.000        1.000
   135:        0.000        0.000        0.000        0.000        1.000
   140:        0.000        0.000        0.000        0.000        0.000
   145:        1.000        0.000        0.000        0.000        0.000
   150:        0.000        0.000        0.000        0.000        0.000
   155:        0.000        0.000        0.000        0.000        0.000
   160:        0.000        0.000        0.000        0.000        0.000
   165:        0.000        0.000        0.000        0.000        0.000
   170:        0.000        0.000        0.000        0.000        1.000
   175:        0.000        0.000        0.000        0.000        0.000
   180:        0.000        0.000        0.000        0.000        0.000
   185:        0.000        0.000        0.000        0.000        0.000
L:
     0:        0.000        5.000        0.000        5.000        0.000
     5:        4.000        0.000        0.000        0.000        4.000
    10:        0.000        0.000        4.000        0.000        0.000
    15:        0.000        5.000        0.000        4.000        5.000
    20:        0.000        5.000        0.000        4.000        5.000
    25:        4.000        0.000        4.000        4.000        5.000
    30:        5.000        0.000        0.000        4.000        0.000
    35:        0.000        5.000        4.000        5.000        4.000
    40:        5.000        0.000        4.000        5.000        5.000
    45:        4.000        5.000        4.000        5.000        5.000
    50:        4.000        4.000        5.000        4.000        4.000
    55:        5.000        2.000        1.000        2.000        2.000
    60:        2.000        1.000        1.000        1.000        2.000
    65:        0.000        0.000        1.000        0.000        0.000
    70:        2.000        0.000        1.000        0.000        2.000
    75:        2.000        1.000        2.000        1.000        1.000
    80:        0.000        0.000        2.000        1.000        0.000
    85:        1.000        2.000        2.000        0.000        2.000
    90:        1.000        1.000        2.000        2.000        1.000
    95:        1.000        0.000        2.000        2.000        1.000
   100:        0.000        2.000        0.000        0.000        0.000
   105:        0.000        1.000        1.000        0.000        2.000
   110:        0.000        0.000        0.000        0.000        0.000
   115:        0.000        0.000        0.000        0.000        0.000
   120:        0.000        2.000        1.000        0.000        0.000
   125:        0.000        0.000        0.000        0.000        2.000
   130:        2.000        0.000        1.000        0.000        1.000
   135:        0.000        0.000        0.000        0.000        1.000
   140:        0.000        0.000        0.000        0.000        0.000
   145:        2.000        0.000        0.000        0.000        0.000
   150:        0.000        0.000        0.000        0.000        0.000
   155:        0.000        0.000        0.000        1.000        0.000
   160:        0.000        0.000        0.000        0.000        0.000
   165:        0.000        0.000        0.000        0.000        0.000
   170:        0.000        0.000        0.000        0.000        2.000
   175:        0.000        0.000        0.000        0.000        0.000
   180:        0.000        0.000        0.000        2.000        0.000
   185:        0.000        0.000        0.000        1.000        0.000
M:
     0:       10.000        0.000        0.000
O:
     0:        0.000        1.000        0.000        0.000        0.000
     5:        1.000        0.000        0.000        0.000        0.000
    10:        0.000        0.000        1.000        0.000        0.000
    15:        0.000        1.000        0.000        0.000        0.000
    20:        0.000        0.000        0.000        0.000        1.000
    25:        1.000        0.000        0.000        1.000        0.000
    30:        1.000        0.000        0.000        1.000        0.000
    35:        0.000        0.000        0.000        1.000        1.000
    40:        1.000        0.000        0.000        0.000        1.000
    45:        0.000        0.000        1.000        0.000        1.000
    50:        0.000        1.000        1.000        1.000        0.000
    55:        0.000        1.000        0.000        0.000        1.000
    60:        0.000        0.000        1.000        0.000        1.000
    65:        0.000        0.000        1.000        0.000        0.000
    70:        0.000        0.000        1.000        0.000        0.000
    75:        1.000        0.000        0.000        0.000        1.000
    80:        0.000        0.000        1.000        1.000        0.000
    85:        0.000        0.000        1.000        0.000        1.000
    90:        1.000        0.000        0.000        0.000        0.000
    95:        1.000        0.000        1.000        1.000        1.000
   100:        0.000        0.000        0.000        0.000        0.000
   105:        0.000        0.000        0.000        0.000        1.000
   110:        0.000        0.000        0.000        0.000        0.000
   115:        0.000        0.000        0.000        0.000        0.000
   120:        0.000        0.000        1.000        0.000        0.000
   125:        0.000        0.000        0.000        0.000        0.000
   130:        1.000        0.000        1.000        0.000        0.000
   135:        0.000        0.000        0.000        0.000        1.000
   140:        0.000        0.000        0.000        0.000        0.000
   145:        0.000        0.000        0.000        0.000        0.000
   150:        0.000        0.000        0.000        0.000        0.000
   155:        0.000        0.000        0.000        0.000        0.000
   160:        0.000        0.000        0.000        0.000        0.000
   165:        0.000        0.000        0.000        0.000        0.000
   170:        0.000        0.000        0.000        0.000        1.000
   175:        0.000        0.000        0.000        0.000        0.000
   180:        0.000        0.000        0.000        1.000        0.000
   185:        0.000        0.000        0.000        0.000        0.000
P:
     0:        4.000       73.000       66.000        0.000        6.000
     5:        0.000        5.000        0.000        6.000        0.000
    10:        0.000        0.000        5.000        0.000        0.000
    15:        0.000        0.000        0.000        0.000        0.000
    20:        0.000        0.000        0.000        0.000        0.000
    25:        0.000        0.000        0.000        0.000        0.000
    30:        0.000        0.000        0.000        0.000        0.000
    35:        0.000        0.000        0.000        0.000        0.000
    40:        0.000        0.000        0.000        0.000        0.000
    45:        0.000        0.000        0.000        0.000        0.000
    50:        0.000        0.000        0.000        0.000        0.000
    55:        0.000        0.000        0.000        0.000        0.000
    60:        0.000        0.000        0.000        0.000        0.000
    65:        0.000        0.000        0.000        0.000        0.000
    70:        0.000        0.000        0.000        0.000        0.000
    75:        0.000        0.000        0.000        0.000        0.000
    80:        0.000        0.000        0.000        0.000        0.000
    85:        0.000        0.000        0.000        0.000        0.000
    90:        0.000        0.000        0.000        0.000        0.000
    95:        0.000        0.000        0.000        0.000        0.000
   100:        0.000        0.000        0.000        0.000        0.000
   105:        0.000        0.000        0.000        0.000        0.000
   110:        0.000        0.000        0.000        0.000        0.000
   115:        0.000        0.000        0.000        0.000        0.000
   120:        0.000        0.000        0.000        0.000        0.000
   125:        0.000        0.000        0.000        0.000        0.000
   130:        0.000        0.000        0.000        0.000        0.000
   135:        0.000        0.000        0.000        0.000        0.000
   140:        0.000        0.000        0.000        0.000        0.000
   145:        0.000        0.000        0.000        0.000        0.000
   150:        0.000        0.000        0.000        0.000        0.000
   155:        0.000        0.000        0.000        0.000        0.000
   160:        0.000        0.000        0.000        0.000        0.000
   165:        0.000        0.000        0.000        0.000        0.000
   170:        0.000        0.000        0.000        0.000        0.000
   175:        0.000        0.000        0.000        0.000        0.000
   180:        0.000        0.000        0.000        0.000        0.000
   185:        0.000        0.000        0.000        0.000        0.000
Q:
     0:        4.000      134.000       66.000
S:
     0:        0.000        6.000        0.000        5.000        0.000
     5:        6.000        0.000        0.000        0.000        5.000
    10:        0.000        0.000        6.000        0.000        0.000
    15:        0.000        6.000        0.000        5.000        5.000
    20:        0.000        5.000        0.000        5.000        6.000
    25:        6.000        0.000        5.000        6.000        5.000
    30:        6.000        0.000        0.000        6.000        0.000
    35:        0.000        5.000        5.000        6.000        6.000
    40:        6.000        0.000        5.000        5.000        6.000
    45:        5.000        5.000        6.000        5.000        6.000
    50:        5.000        6.000        6.000        6.000        5.000
    55:        5.000        2.000        1.000        1.000        2.000
    60:        1.000        1.000        2.000        1.000        2.000
    65:        0.000        0.000        2.000        0.000        0.000
    70:        1.000        0.000        2.000        0.000        1.000
    75:        2.000        1.000        1.000        1.000        2.000
    80:        0.000        0.000        2.000        2.000        0.000
    85:        1.000        1.000        2.000        0.000        2.000
    90:        2.000        1.000        1.000        1.000        1.000
    95:        2.000        0.000        2.000        2.000        2.000
   100:        0.000        1.000        0.000        0.000        0.000
   105:        0.000        1.000        1.000        0.000        2.000
   110:        0.000        0.000        0.000        0.000        0.000
   115:        0.000        0.000        0.000        0.000        0.000
   120:        0.000        1.000        2.000        0.000        0.000
   125:        0.000        0.000        0.000        0.000        1.000
   130:        2.000        0.000        2.000        0.000        1.000
   135:        0.000        0.000        0.000        0.000        2.000
   140:        0.000        0.000        0.000        0.000        0.000
   145:        1.000        0.000        0.000        0.000        0.000
   150:        0.000        0.000        0.000        0.000        0.000
   155:        0.000        0.000        0.000        1.000        0.000
   160:        0.000        0.000        0.000        0.000        0.000
   165:        0.000        0.000        0.000        0.000        0.000
   170:        0.000        0.000        0.000        0.000        2.000
   175:        0.000        0.000        0.000        0.000        0.000
   180:        0.000        0.000        0.000        2.000        0.000
   185:        0.000        0.000        0.000        1.000        0.000
W:
     0:       37.000       10.000       27.000
X:
     0:        3.000        4.000        5.000        6.000        7.000
     5:        8.000
Y:
     0:        9.000       10.000       11.000       12.000       13.000
     5:       14.000
Z:
     0:        1.000        2.000        3.000        4.000
