File: C:\MED-PC\Data\2023-08-17_10h47m_Subject 139.txt


Start Date: 08/17/23
End Date: 08/17/23
Subject: 139
Experiment: 0
Group: 0
Box: 4
Start Time: 10:47:23
End Time: 12:02:46
MSN: CF_SetShiftingAfter814
I:     220.000
M:       1.000
N:      62.000
R:       2.000
T:    4500.000
V:       3.000
A:
     0:        3.000       11.000        6.000       12.000       14.000
     5:        8.000     4500.000        0.000
B:
     0:        3.000        5.000        7.000
C:
     0:        0.000       19.910       50.460        0.000        0.000
     5:      127.220        0.000        0.000      201.360        0.000
    10:        0.000        0.000        0.000        0.000      347.070
    15:        0.000      397.670      417.930      442.190      459.630
    20:      483.100      502.430      525.300      546.510        0.000
    25:      588.470      623.150      657.700      669.220      688.520
    30:      709.220      723.740        0.000        0.000      788.930
    35:      812.350      824.670      848.390      861.510      873.370
    40:      892.020      899.110      917.560      930.000      946.720
    45:      976.830      995.340        0.000     1033.950     1046.350
    50:     1065.800        0.000     1109.510     1140.920     1177.210
    55:     1198.830     1206.170     1220.190        0.000     1255.170
    60:        0.000        0.000     1334.550     1353.450     1376.250
    65:     1398.780     1426.590     1435.450        0.000     1481.630
    70:     1495.030     1508.400        0.000     1546.260     1562.290
    75:     1579.320     1602.340     1619.730        0.000     1655.700
    80:     1673.620     1689.910     1699.350     1715.590     1741.480
    85:     1750.890     1770.690     1788.750     1803.350     1823.830
    90:     1847.350     1863.110        0.000        0.000     1931.240
    95:     1947.770     1964.710     1978.500     1994.240     2012.060
   100:     2032.000     2049.330     2063.370     2087.810     2102.250
   105:        0.000     2140.950     2150.390     2171.450     2201.080
   110:     2210.710     2235.660     2250.090     2262.000     2272.170
   115:     2295.200     2309.790     2343.780     2352.630     2382.340
   120:     2397.660     2419.770     2452.490     2470.010     2479.100
   125:     2498.990     2517.860     2537.580     2556.220     2564.390
   130:     2572.720        0.000     2605.550     2627.930     2636.240
   135:     2646.480     2671.590        0.000     2721.740        0.000
   140:     2773.760     2783.140     2808.640     2821.320     2840.600
   145:     2854.900     2872.830     2893.950     2915.180     2924.380
   150:     2935.700     2960.840     2989.870     3016.890     3035.650
   155:        0.000     3073.840     3093.320     3113.140     3121.390
   160:     3154.760     3168.950     3197.480        0.000     3239.980
   165:        0.000        0.000     3303.970     3321.490     3338.830
   170:     3351.750     3378.290     3391.150        0.000        0.000
   175:        0.000     3495.340     3515.440        0.000        0.000
   180:        0.000        0.000        0.000        0.000        0.000
   185:        0.000        0.000        0.000        0.000        0.000
   190:        0.000        0.000        0.000     3916.920        0.000
   195:        0.000     3978.270     3995.320     4019.910     4036.450
   200:     4058.670     4067.780     4099.400     4119.660        0.000
   205:        0.000        0.000        0.000        0.000        0.000
   210:     4292.900        0.000     4331.020        0.000        0.000
   215:        0.000        0.000        0.000     4478.430     4495.910
D:
     0:        0.000        7.200        1.130        0.000        0.000
     5:        0.970        0.000        0.000        2.670        0.000
    10:        0.000        0.000        0.000        0.000        0.940
    15:        0.000        0.930        0.810        1.000        0.770
    20:        1.560        0.750        1.040        0.860        0.000
    25:        1.830        8.830        0.820        1.230        2.320
    30:        0.720        0.970        0.000        0.000        1.600
    35:        1.050        0.870        0.830        0.800        0.850
    40:        0.810        0.620        0.920        1.050        0.940
    45:        0.920        0.700        0.000        0.810        0.770
    50:        0.740        0.000        0.750        0.900        1.760
    55:        0.760        0.850        0.900        0.000        1.500
    60:        0.000        0.000        0.760        0.800        0.810
    65:        1.000        0.660        0.850        0.000        0.700
    70:        0.630        2.450        0.000        1.060        0.690
    75:        0.740        0.960        0.800        0.000        0.890
    80:        0.880        0.920        0.830        0.740        1.140
    85:        1.400        2.030        0.830        0.820        2.890
    90:        0.760        0.780        0.000        0.000        0.890
    95:        0.750        1.010        0.700        0.680        0.790
   100:        0.730        0.800        1.220        2.900        1.750
   105:        0.000        2.140        2.950        1.070        3.120
   110:        0.920        1.570        0.740        0.970        1.040
   115:        0.880        0.880        0.750        0.780        0.750
   120:        0.880        1.340        0.680        0.660        0.700
   125:        0.720        0.790        1.060        0.880        0.890
   130:        0.670        0.000        1.080        0.930        0.850
   135:        0.820        0.710        0.000        0.830        0.000
   140:        1.730        0.720        0.630        0.680        0.740
   145:        0.790        0.580        0.720        0.650        1.240
   150:        0.870        1.470        0.670        1.300        0.650
   155:        0.000        0.840        0.900        0.660        0.910
   160:        9.130        0.890        0.870        0.000        0.650
   165:        0.000        0.000        0.670        0.720        0.680
   170:        0.870        1.840        0.820        0.000        0.000
   175:        0.000        1.210        1.260        0.000        0.000
   180:        0.000        0.000        0.000        0.000        0.000
   185:        0.000        0.000        0.000        0.000        0.000
   190:        0.000        0.000        0.000        2.080        0.000
   195:        0.000        0.640        0.640        0.550        0.640
   200:        0.650        1.840        0.700        0.770        0.000
   205:        0.000        0.000        0.000        0.000        0.000
   210:        0.690        0.000        0.760        0.000        0.000
   215:        0.000        0.000        0.000        1.070        2.470
E:
     0:        0.000       12.710       49.330        0.000        0.000
     5:      126.250        0.000        0.000      198.690        0.000
    10:        0.000        0.000        0.000        0.000      346.130
    15:        0.000      396.740      417.120      441.190      458.860
    20:      481.540      501.680      524.260      545.650        0.000
    25:      586.640      614.320      656.880      667.990      686.200
    30:      708.500      722.770        0.000        0.000      787.330
    35:      811.300      823.800      847.560      860.710      872.520
    40:      891.210      898.490      916.640      928.950      945.780
    45:      975.910      994.640        0.000     1033.140     1045.580
    50:     1065.060        0.000     1108.760     1140.020     1175.450
    55:     1198.070     1205.320     1219.290        0.000     1253.670
    60:        0.000     1308.660     1333.790     1352.650     1375.440
    65:     1397.780     1425.930     1434.600        0.000     1480.930
    70:     1494.400     1505.950        0.000     1545.200     1561.600
    75:     1578.580     1601.380     1618.930        0.000     1654.810
    80:     1672.740     1688.990     1698.520     1714.850     1740.340
    85:     1749.490     1768.660     1787.920     1802.530     1820.940
    90:     1846.590     1862.330        0.000        0.000     1930.350
    95:     1947.020     1963.700     1977.800     1993.560     2011.270
   100:     2031.270     2048.530     2062.150     2084.910     2100.500
   105:        0.000     2138.810     2147.440     2170.380     2197.960
   110:     2209.790     2234.090     2249.350     2261.030     2271.130
   115:     2294.320     2308.910     2343.030     2351.850     2381.590
   120:     2396.780     2418.430     2451.810     2469.350     2478.400
   125:     2498.270     2517.070     2536.520     2555.340     2563.500
   130:     2572.050        0.000     2604.470     2627.000     2635.390
   135:     2645.660     2670.880        0.000     2720.910        0.000
   140:     2772.030     2782.420     2808.010     2820.640     2839.860
   145:     2854.110     2872.250     2893.230     2914.530     2923.140
   150:     2934.830     2959.370     2989.200     3015.590     3035.000
   155:        0.000     3073.000     3092.420     3112.480     3120.480
   160:     3145.630     3168.060     3196.610        0.000     3239.330
   165:        0.000        0.000     3303.300     3320.770     3338.150
   170:     3350.880     3376.450     3390.330        0.000        0.000
   175:        0.000     3494.130     3514.180        0.000        0.000
   180:        0.000        0.000        0.000        0.000        0.000
   185:        0.000        0.000        0.000        0.000        0.000
   190:        0.000        0.000        0.000     3914.840        0.000
   195:        0.000     3977.630     3994.680     4019.360     4035.810
   200:     4058.020     4065.940     4098.700     4118.890        0.000
   205:        0.000        0.000        0.000        0.000        0.000
   210:     4292.210        0.000     4330.260        0.000        0.000
   215:        0.000        0.000        0.000     4477.360     4493.440
F:
     0:        0.000        1.000        4.000        0.000        0.000
     5:        2.000        0.000        0.000        3.000        0.000
    10:        0.000        0.000        0.000        0.000        1.000
    15:        0.000        3.000        2.000        4.000        1.000
    20:        4.000        3.000        2.000        4.000        0.000
    25:        2.000        3.000        1.000        2.000        3.000
    30:        1.000        4.000        0.000        0.000        4.000
    35:        3.000        2.000        1.000        1.000        4.000
    40:        3.000        2.000        1.000        3.000        2.000
    45:        4.000        2.000        0.000        3.000        4.000
    50:        1.000        0.000        2.000        3.000        4.000
    55:        1.000        2.000        3.000        0.000        1.000
    60:        0.000        4.000        3.000        2.000        1.000
    65:        4.000        1.000        2.000        0.000        4.000
    70:        3.000        1.000        0.000        3.000        4.000
    75:        2.000        2.000        1.000        0.000        3.000
    80:        4.000        3.000        4.000        2.000        1.000
    85:        4.000        1.000        3.000        2.000        4.000
    90:        1.000        3.000        0.000        0.000        2.000
    95:        4.000        1.000        2.000        3.000        2.000
   100:        4.000        3.000        1.000        3.000        1.000
   105:        0.000        2.000        4.000        4.000        2.000
   110:        3.000        1.000        1.000        2.000        3.000
   115:        4.000        3.000        2.000        4.000        1.000
   120:        2.000        4.000        3.000        1.000        4.000
   125:        2.000        3.000        1.000        3.000        2.000
   130:        4.000        0.000        1.000        4.000        2.000
   135:        1.000        3.000        0.000        4.000        0.000
   140:        1.000        3.000        2.000        2.000        1.000
   145:        4.000        3.000        4.000        1.000        2.000
   150:        3.000        2.000        3.000        4.000        1.000
   155:        0.000        4.000        3.000        2.000        1.000
   160:        2.000        3.000        4.000        0.000        1.000
   165:        0.000        0.000        3.000        1.000        2.000
   170:        4.000        1.000        4.000        0.000        0.000
   175:        0.000        3.000        2.000        0.000        0.000
   180:        0.000        0.000        0.000        0.000        0.000
   185:        0.000        0.000        0.000        0.000        0.000
   190:        0.000        0.000        0.000        2.000        0.000
   195:        0.000        3.000        4.000        1.000        3.000
   200:        2.000        4.000        1.000        3.000        0.000
   205:        0.000        0.000        0.000        0.000        0.000
   210:        2.000        0.000        4.000        0.000        0.000
   215:        0.000        0.000        0.000        1.000        1.000
G:
     0:       81.000       69.000       12.000
H:
     0:        0.000        2.000        2.000        0.000        0.000
     5:        2.000        0.000        0.000        1.000        0.000
    10:        0.000        0.000        0.000        0.000        2.000
    15:        0.000        1.000        2.000        2.000        2.000
    20:        2.000        1.000        2.000        2.000        0.000
    25:        1.000        2.000        1.000        2.000        1.000
    30:        1.000        1.000        0.000        0.000        2.000
    35:        1.000        1.000        1.000        1.000        2.000
    40:        1.000        1.000        1.000        1.000        2.000
    45:        2.000        1.000        0.000        1.000        2.000
    50:        2.000        0.000        2.000        2.000        2.000
    55:        1.000        1.000        3.000        0.000        4.000
    60:        0.000        0.000        3.000        4.000        3.000
    65:        4.000        3.000        4.000        0.000        3.000
    70:        3.000        3.000        0.000        4.000        4.000
    75:        4.000        4.000        3.000        0.000        4.000
    80:        4.000        3.000        4.000        4.000        3.000
    85:        4.000        3.000        3.000        4.000        4.000
    90:        3.000        3.000        0.000        0.000        4.000
    95:        4.000        3.000        4.000        3.000        4.000
   100:        4.000        3.000        3.000        3.000        3.000
   105:        0.000        5.000        6.000        6.000        5.000
   110:        6.000        5.000        5.000        5.000        6.000
   115:        5.000        6.000        5.000        6.000        5.000
   120:        5.000        6.000        6.000        5.000        6.000
   125:        5.000        5.000        5.000        5.000        5.000
   130:        5.000        0.000        5.000        5.000        5.000
   135:        6.000        6.000        0.000        6.000        0.000
   140:        5.000        6.000        5.000        5.000        5.000
   145:        6.000        6.000        6.000        5.000        5.000
   150:        8.000        8.000        8.000        8.000        7.000
   155:        0.000        8.000        8.000        7.000        7.000
   160:        7.000        8.000        8.000        0.000        7.000
   165:        0.000        0.000        8.000        7.000        7.000
   170:        8.000        7.000        8.000        0.000        0.000
   175:        0.000        8.000        7.000        0.000        0.000
   180:        0.000        0.000        0.000        0.000        0.000
   185:        0.000        0.000        0.000        0.000        0.000
   190:        0.000        0.000        0.000        7.000        0.000
   195:        0.000        8.000        8.000        7.000        8.000
   200:        7.000        8.000        7.000        8.000        0.000
   205:        0.000        0.000        0.000        0.000        0.000
   210:        7.000        0.000        8.000        0.000        0.000
   215:        0.000        0.000        0.000        7.000        7.000
J:
     0:        0.000        1.000        0.000        0.000        0.000
     5:        0.000        0.000        0.000        1.000        0.000
    10:        0.000        0.000        0.000        0.000        1.000
    15:        0.000        1.000        0.000        0.000        1.000
    20:        0.000        1.000        0.000        0.000        0.000
    25:        0.000        1.000        1.000        0.000        1.000
    30:        1.000        0.000        0.000        0.000        0.000
    35:        1.000        0.000        1.000        1.000        0.000
    40:        1.000        0.000        1.000        1.000        0.000
    45:        0.000        0.000        0.000        1.000        0.000
    50:        1.000        0.000        0.000        1.000        0.000
    55:        1.000        0.000        1.000        0.000        1.000
    60:        0.000        0.000        1.000        0.000        1.000
    65:        0.000        1.000        0.000        0.000        0.000
    70:        1.000        1.000        0.000        1.000        0.000
    75:        0.000        0.000        1.000        0.000        1.000
    80:        0.000        1.000        0.000        0.000        1.000
    85:        0.000        1.000        1.000        0.000        0.000
    90:        1.000        1.000        0.000        0.000        0.000
    95:        0.000        1.000        0.000        1.000        0.000
   100:        0.000        1.000        1.000        1.000        1.000
   105:        0.000        2.000        0.000        0.000        2.000
   110:        0.000        2.000        2.000        2.000        0.000
   115:        0.000        0.000        2.000        0.000        2.000
   120:        2.000        0.000        0.000        2.000        0.000
   125:        2.000        0.000        2.000        0.000        2.000
   130:        0.000        0.000        2.000        0.000        2.000
   135:        2.000        0.000        0.000        0.000        0.000
   140:        2.000        0.000        2.000        2.000        2.000
   145:        0.000        0.000        0.000        2.000        2.000
   150:        0.000        2.000        0.000        0.000        2.000
   155:        0.000        0.000        0.000        2.000        2.000
   160:        2.000        0.000        0.000        0.000        2.000
   165:        0.000        0.000        0.000        2.000        2.000
   170:        0.000        2.000        0.000        0.000        0.000
   175:        0.000        0.000        2.000        0.000        0.000
   180:        0.000        0.000        0.000        0.000        0.000
   185:        0.000        0.000        0.000        0.000        0.000
   190:        0.000        0.000        0.000        2.000        0.000
   195:        0.000        0.000        0.000        2.000        0.000
   200:        2.000        0.000        2.000        0.000        0.000
   205:        0.000        0.000        0.000        0.000        0.000
   210:        2.000        0.000        0.000        0.000        0.000
   215:        0.000        0.000        0.000        2.000        2.000
K:
     0:        0.000        1.000        1.000        0.000        0.000
     5:        1.000        0.000        0.000        2.000        0.000
    10:        0.000        0.000        0.000        0.000        1.000
    15:        0.000        2.000        1.000        1.000        1.000
    20:        1.000        2.000        1.000        1.000        0.000
    25:        2.000        1.000        2.000        1.000        2.000
    30:        2.000        2.000        0.000        0.000        1.000
    35:        2.000        2.000        2.000        2.000        1.000
    40:        2.000        2.000        2.000        2.000        1.000
    45:        1.000        2.000        0.000        2.000        1.000
    50:        1.000        0.000        1.000        1.000        1.000
    55:        2.000        2.000        2.000        0.000        1.000
    60:        0.000        0.000        2.000        1.000        2.000
    65:        1.000        2.000        1.000        0.000        2.000
    70:        2.000        2.000        0.000        1.000        1.000
    75:        1.000        1.000        2.000        0.000        1.000
    80:        1.000        2.000        1.000        1.000        2.000
    85:        1.000        2.000        2.000        1.000        1.000
    90:        2.000        2.000        0.000        0.000        1.000
    95:        1.000        2.000        1.000        2.000        1.000
   100:        1.000        2.000        2.000        2.000        2.000
   105:        0.000        2.000        1.000        1.000        2.000
   110:        1.000        2.000        2.000        2.000        1.000
   115:        2.000        1.000        2.000        1.000        2.000
   120:        2.000        1.000        1.000        2.000        1.000
   125:        2.000        2.000        2.000        2.000        2.000
   130:        2.000        0.000        2.000        2.000        2.000
   135:        1.000        1.000        0.000        1.000        0.000
   140:        2.000        1.000        2.000        2.000        2.000
   145:        1.000        1.000        1.000        2.000        2.000
   150:        1.000        1.000        1.000        1.000        2.000
   155:        0.000        1.000        1.000        2.000        2.000
   160:        2.000        1.000        1.000        0.000        2.000
   165:        0.000        0.000        1.000        2.000        2.000
   170:        1.000        2.000        1.000        0.000        0.000
   175:        0.000        1.000        2.000        0.000        0.000
   180:        0.000        0.000        0.000        0.000        0.000
   185:        0.000        0.000        0.000        0.000        0.000
   190:        0.000        0.000        0.000        2.000        0.000
   195:        0.000        1.000        1.000        2.000        1.000
   200:        2.000        1.000        2.000        1.000        0.000
   205:        0.000        0.000        0.000        0.000        0.000
   210:        2.000        0.000        1.000        0.000        0.000
   215:        0.000        0.000        0.000        2.000        2.000
L:
     0:        0.000        1.000        4.000        0.000        0.000
     5:        1.000        0.000        0.000        4.000        0.000
    10:        0.000        0.000        0.000        0.000        1.000
    15:        0.000        4.000        1.000        4.000        1.000
    20:        4.000        4.000        1.000        4.000        0.000
    25:        1.000        4.000        1.000        1.000        4.000
    30:        1.000        4.000        0.000        0.000        4.000
    35:        4.000        1.000        1.000        1.000        4.000
    40:        4.000        1.000        1.000        4.000        1.000
    45:        4.000        1.000        0.000        4.000        4.000
    50:        1.000        0.000        1.000        4.000        4.000
    55:        1.000        1.000        2.000        0.000        5.000
    60:        0.000        2.000        2.000        5.000        5.000
    65:        2.000        5.000        5.000        0.000        2.000
    70:        2.000        5.000        0.000        2.000        2.000
    75:        5.000        5.000        5.000        0.000        2.000
    80:        2.000        2.000        2.000        5.000        5.000
    85:        2.000        5.000        2.000        5.000        2.000
    90:        5.000        2.000        0.000        0.000        5.000
    95:        2.000        5.000        5.000        2.000        5.000
   100:        2.000        2.000        5.000        2.000        5.000
   105:        0.000        3.000        6.000        6.000        3.000
   110:        6.000        3.000        3.000        3.000        6.000
   115:        6.000        6.000        3.000        6.000        3.000
   120:        3.000        6.000        6.000        3.000        6.000
   125:        3.000        6.000        3.000        6.000        3.000
   130:        6.000        0.000        3.000        6.000        3.000
   135:        3.000        6.000        0.000        6.000        0.000
   140:        3.000        6.000        3.000        3.000        3.000
   145:        6.000        6.000        6.000        3.000        3.000
   150:        4.000        1.000        4.000        4.000        1.000
   155:        0.000        4.000        4.000        1.000        1.000
   160:        1.000        4.000        4.000        0.000        1.000
   165:        0.000        0.000        4.000        1.000        1.000
   170:        4.000        1.000        4.000        0.000        0.000
   175:        0.000        4.000        1.000        0.000        0.000
   180:        0.000        0.000        0.000        0.000        0.000
   185:        0.000        0.000        0.000        0.000        0.000
   190:        0.000        0.000        0.000        1.000        0.000
   195:        0.000        4.000        4.000        1.000        4.000
   200:        1.000        4.000        1.000        4.000        0.000
   205:        0.000        0.000        0.000        0.000        0.000
   210:        1.000        0.000        4.000        0.000        0.000
   215:        0.000        0.000        0.000        1.000        1.000
O:
     0:        0.000        0.000        1.000        0.000        0.000
     5:        1.000        0.000        0.000        0.000        0.000
    10:        0.000        0.000        0.000        0.000        0.000
    15:        0.000        0.000        1.000        1.000        0.000
    20:        1.000        0.000        1.000        1.000        0.000
    25:        1.000        0.000        0.000        1.000        0.000
    30:        0.000        1.000        0.000        0.000        1.000
    35:        0.000        1.000        0.000        0.000        1.000
    40:        0.000        1.000        0.000        0.000        1.000
    45:        1.000        1.000        0.000        0.000        1.000
    50:        0.000        0.000        1.000        0.000        1.000
    55:        0.000        1.000        0.000        0.000        0.000
    60:        0.000        1.000        0.000        1.000        0.000
    65:        1.000        0.000        1.000        0.000        1.000
    70:        0.000        0.000        0.000        0.000        1.000
    75:        1.000        1.000        0.000        0.000        0.000
    80:        1.000        0.000        1.000        1.000        0.000
    85:        1.000        0.000        0.000        1.000        1.000
    90:        0.000        0.000        0.000        0.000        1.000
    95:        1.000        0.000        1.000        0.000        1.000
   100:        1.000        0.000        0.000        0.000        0.000
   105:        0.000        0.000        2.000        2.000        0.000
   110:        2.000        0.000        0.000        0.000        2.000
   115:        2.000        2.000        0.000        2.000        0.000
   120:        0.000        2.000        2.000        0.000        2.000
   125:        0.000        2.000        0.000        2.000        0.000
   130:        2.000        0.000        0.000        2.000        0.000
   135:        0.000        2.000        0.000        2.000        0.000
   140:        0.000        2.000        0.000        0.000        0.000
   145:        2.000        2.000        2.000        0.000        0.000
   150:        2.000        0.000        2.000        2.000        0.000
   155:        0.000        2.000        2.000        0.000        0.000
   160:        0.000        2.000        2.000        0.000        0.000
   165:        0.000        0.000        2.000        0.000        0.000
   170:        2.000        0.000        2.000        0.000        0.000
   175:        0.000        2.000        0.000        0.000        0.000
   180:        0.000        0.000        0.000        0.000        0.000
   185:        0.000        0.000        0.000        0.000        0.000
   190:        0.000        0.000        0.000        0.000        0.000
   195:        0.000        2.000        2.000        0.000        2.000
   200:        0.000        2.000        0.000        2.000        0.000
   205:        0.000        0.000        0.000        0.000        0.000
   210:        0.000        0.000        2.000        0.000        0.000
   215:        0.000        0.000        0.000        0.000        0.000
P:
     0:        0.000
Q:
     0:       10.000       34.000       27.000
S:
     0:        0.000        1.000        6.000        0.000        0.000
     5:        6.000        0.000        0.000        1.000        0.000
    10:        0.000        0.000        0.000        0.000        1.000
    15:        0.000        1.000        6.000        6.000        1.000
    20:        6.000        1.000        6.000        6.000        0.000
    25:        6.000        1.000        1.000        6.000        1.000
    30:        1.000        6.000        0.000        0.000        6.000
    35:        1.000        6.000        1.000        1.000        6.000
    40:        1.000        6.000        1.000        1.000        6.000
    45:        6.000        6.000        0.000        1.000        6.000
    50:        1.000        0.000        6.000        1.000        6.000
    55:        1.000        6.000        5.000        0.000        5.000
    60:        0.000        2.000        5.000        2.000        5.000
    65:        2.000        5.000        2.000        0.000        2.000
    70:        5.000        5.000        0.000        5.000        2.000
    75:        2.000        2.000        5.000        0.000        5.000
    80:        2.000        5.000        2.000        2.000        5.000
    85:        2.000        5.000        5.000        2.000        2.000
    90:        5.000        5.000        0.000        0.000        2.000
    95:        2.000        5.000        2.000        5.000        2.000
   100:        2.000        5.000        5.000        5.000        5.000
   105:        0.000        4.000        4.000        4.000        4.000
   110:        3.000        3.000        3.000        4.000        3.000
   115:        4.000        3.000        4.000        4.000        3.000
   120:        4.000        4.000        3.000        3.000        4.000
   125:        4.000        3.000        3.000        3.000        4.000
   130:        4.000        0.000        3.000        4.000        4.000
   135:        3.000        3.000        0.000        4.000        0.000
   140:        3.000        3.000        4.000        4.000        3.000
   145:        4.000        3.000        4.000        3.000        4.000
   150:        3.000        4.000        3.000        4.000        3.000
   155:        0.000        4.000        3.000        4.000        3.000
   160:        4.000        3.000        4.000        0.000        3.000
   165:        0.000        0.000        3.000        3.000        4.000
   170:        4.000        3.000        4.000        0.000        0.000
   175:        0.000        3.000        4.000        0.000        0.000
   180:        0.000        0.000        0.000        0.000        0.000
   185:        0.000        0.000        0.000        0.000        0.000
   190:        0.000        0.000        0.000        4.000        0.000
   195:        0.000        3.000        4.000        3.000        3.000
   200:        4.000        4.000        3.000        3.000        0.000
   205:        0.000        0.000        0.000        0.000        0.000
   210:        4.000        0.000        4.000        0.000        0.000
   215:        0.000        0.000        0.000        3.000        3.000
U:
     0:        9.000       11.000       13.000
W:
     0:       75.000       11.000       64.000
X:
     0:        4.000        6.000        8.000
Y:
     0:       10.000       12.000       14.000
Z:
     0:        1.000        2.000        3.000        4.000
