File: C:\MED-PC\Data\2023-08-18_08h42m_Subject 139.txt


Start Date: 08/18/23
End Date: 08/18/23
Subject: 139
Experiment: 0
Group: 0
Box: 4
Start Time: 08:42:13
End Time: 10:19:07
MSN: CF_SetShifting08172023
I:     138.000
M:       1.000
N:      17.000
R:       1.000
T:    5400.000
V:       5.000
A:
     0:        3.000       11.000        6.000       12.000       14.000
     5:        8.000     5400.000
B:
     0:        3.000        5.000        7.000
C:
     0:        0.000        0.000        0.000        0.000       83.650
     5:        0.000        0.000      153.330      166.700      196.350
    10:      215.350      228.250      242.160      265.240      281.270
    15:      304.110      323.820      340.700      353.570      371.520
    20:      391.120      412.160      420.050      435.930      446.030
    25:      460.970      485.250      494.700      507.920      527.320
    30:      537.350      558.380      591.950      612.350      623.840
    35:      655.290      681.760      701.270      718.530      739.170
    40:      765.340      772.780      790.000      807.800      824.380
    45:      833.720      846.800      863.860      890.740      908.520
    50:      922.690      935.710      954.890      971.790      989.300
    55:      999.260     1015.680     1035.490     1059.810     1082.370
    60:     1107.130     1118.260     1136.190     1153.380     1169.310
    65:     1187.490     1196.710     1214.010     1227.220     1244.220
    70:     1259.030     1274.110     1292.260     1311.390     1334.480
    75:     1342.490     1363.810        0.000     1413.500     1433.300
    80:     1462.360        0.000     1512.280     1534.380     1565.610
    85:        0.000     1610.150        0.000     1642.250     1665.950
    90:     1674.420     1681.550        0.000     1717.980     1750.660
    95:     1761.250        0.000     1805.260     1831.220     1859.740
   100:     1877.960     1889.820        0.000        0.000     1972.630
   105:     1990.880     2013.450     2030.390     2048.120     2056.870
   110:     2067.750     2080.070     2107.580     2127.410     2145.440
   115:     2162.250     2172.810     2187.660     2212.140     2221.960
   120:     2255.900     2264.390     2283.470     2304.040     2321.360
   125:     2338.410     2356.840     2388.530        0.000        0.000
   130:        0.000     2486.380     2498.860        0.000     2543.160
   135:     2563.810     2590.900        0.000
D:
     0:        0.000        0.000        0.000        0.000        1.400
     5:        0.000        0.000        0.810        0.810        0.810
    10:        0.730        0.680        0.760        0.750        2.000
    15:        1.130        0.780        0.530        0.610        0.810
    20:        0.700        0.880        0.660        0.620        0.760
    25:        0.640        1.460        0.710        0.830        0.760
    30:        0.750        0.810        0.800        0.770        0.630
    35:        0.630        0.810        0.800        6.010        0.580
    40:        1.470        0.740        0.670        0.830        0.650
    45:        0.720        0.760        0.640        0.630        0.820
    50:        0.850        1.190        0.710        0.730        0.660
    55:        0.650        0.680        0.650        0.690        2.300
    60:        0.680        1.980        1.670        0.700        0.570
    65:        0.620        1.440        0.650        0.770        1.380
    70:        0.590        0.760        0.710        0.690        0.680
    75:        0.990        0.620        0.000        1.680        0.630
    80:        0.670        0.000        0.590        0.660        1.830
    85:        0.000        0.730        0.000        0.840        1.080
    90:        0.590        0.560        0.000        0.720        0.710
    95:        0.670        0.000        0.730        0.630        0.580
   100:        0.630        4.150        0.000        0.000        0.580
   105:        0.590        0.620        1.900        0.630        0.610
   110:        0.600        1.680        0.690        0.690        1.490
   115:        0.640        0.610        1.060        0.710        1.170
   120:        0.570        1.400        0.670        0.650        0.790
   125:        0.590        0.620        0.690        0.000        0.000
   130:        0.000        0.800        0.610        0.000        0.830
   135:        1.100        1.530        0.000
E:
     0:        0.000        0.000        0.000        0.000       82.250
     5:        0.000        0.000      152.520      165.890      195.540
    10:      214.620      227.570      241.400      264.490      279.270
    15:      302.980      323.040      340.170      352.960      370.710
    20:      390.420      411.280      419.390      435.310      445.270
    25:      460.330      483.790      493.990      507.090      526.560
    30:      536.600      557.570      591.150      611.580      623.210
    35:      654.660      680.950      700.470      712.520      738.590
    40:      763.870      772.040      789.330      806.970      823.730
    45:      833.000      846.040      863.220      890.110      907.700
    50:      921.840      934.520      954.180      971.060      988.640
    55:      998.610     1015.000     1034.840     1059.120     1080.070
    60:     1106.450     1116.280     1134.520     1152.680     1168.740
    65:     1186.870     1195.270     1213.360     1226.450     1242.840
    70:     1258.440     1273.350     1291.550     1310.700     1333.800
    75:     1341.500     1363.190     1380.080     1411.820     1432.670
    80:     1461.690        0.000     1511.690     1533.720     1563.780
    85:        0.000     1609.420        0.000     1641.410     1664.870
    90:     1673.830     1680.990        0.000     1717.260     1749.950
    95:     1760.580        0.000     1804.530     1830.590     1859.160
   100:     1877.330     1885.670        0.000        0.000     1972.050
   105:     1990.290     2012.830     2028.490     2047.490     2056.260
   110:     2067.150     2078.390     2106.890     2126.720     2143.950
   115:     2161.610     2172.200     2186.600     2211.430     2220.790
   120:     2255.330     2262.990     2282.800     2303.390     2320.570
   125:     2337.820     2356.220     2387.840        0.000        0.000
   130:        0.000     2485.580     2498.250        0.000     2542.330
   135:     2562.710     2589.370        0.000
F:
     0:        0.000        0.000        0.000        0.000        4.000
     5:        0.000        0.000        3.000        1.000        2.000
    10:        2.000        1.000        3.000        4.000        2.000
    15:        4.000        3.000        1.000        3.000        4.000
    20:        2.000        1.000        2.000        1.000        3.000
    25:        4.000        1.000        3.000        4.000        2.000
    30:        1.000        2.000        4.000        3.000        2.000
    35:        1.000        4.000        3.000        4.000        3.000
    40:        1.000        2.000        2.000        4.000        3.000
    45:        1.000        2.000        4.000        3.000        1.000
    50:        2.000        4.000        1.000        3.000        1.000
    55:        4.000        3.000        2.000        1.000        4.000
    60:        2.000        3.000        3.000        4.000        2.000
    65:        1.000        3.000        4.000        1.000        2.000
    70:        3.000        1.000        4.000        2.000        1.000
    75:        2.000        4.000        3.000        3.000        1.000
    80:        4.000        0.000        2.000        4.000        1.000
    85:        0.000        2.000        0.000        3.000        3.000
    90:        1.000        2.000        0.000        4.000        1.000
    95:        2.000        0.000        3.000        4.000        3.000
   100:        2.000        4.000        0.000        0.000        1.000
   105:        4.000        1.000        2.000        3.000        2.000
   110:        1.000        4.000        3.000        3.000        1.000
   115:        4.000        2.000        4.000        3.000        2.000
   120:        1.000        1.000        4.000        3.000        2.000
   125:        3.000        2.000        4.000        0.000        0.000
   130:        0.000        1.000        3.000        0.000        2.000
   135:        4.000        1.000        0.000
G:
     0:       64.000       47.000       17.000
H:
     0:        0.000        0.000        0.000        0.000        1.000
     5:        0.000        0.000        1.000        2.000        2.000
    10:        1.000        1.000        1.000        1.000        2.000
    15:        2.000        2.000        1.000        2.000        2.000
    20:        2.000        1.000        2.000        1.000        1.000
    25:        1.000        1.000        1.000        2.000        1.000
    30:        1.000        2.000        2.000        3.000        4.000
    35:        4.000        4.000        3.000        4.000        3.000
    40:        3.000        3.000        3.000        4.000        3.000
    45:        3.000        4.000        4.000        4.000        3.000
    50:        5.000        5.000        5.000        6.000        5.000
    55:        6.000        6.000        6.000        6.000        6.000
    60:        5.000        6.000        6.000        6.000        5.000
    65:        5.000        6.000        5.000        5.000        5.000
    70:        5.000        5.000        6.000        6.000        5.000
    75:        6.000        8.000        0.000        8.000        8.000
    80:        8.000        0.000        7.000        8.000        7.000
    85:        0.000        7.000        0.000        8.000        7.000
    90:        7.000        7.000        0.000        8.000        7.000
    95:        7.000        0.000        8.000        8.000        7.000
   100:        7.000        8.000        0.000        0.000        7.000
   105:        8.000        7.000        7.000        7.000        7.000
   110:        7.000        8.000        8.000        7.000        7.000
   115:        7.000        7.000        8.000        7.000        8.000
   120:        7.000        7.000        8.000        7.000       10.000
   125:       10.000       10.000       10.000        0.000        0.000
   130:        0.000        9.000        9.000        0.000       10.000
   135:       10.000        9.000        0.000
J:
     0:        0.000        0.000        0.000        0.000        0.000
     5:        0.000        0.000        1.000        1.000        0.000
    10:        0.000        1.000        1.000        0.000        0.000
    15:        0.000        1.000        1.000        1.000        0.000
    20:        0.000        1.000        0.000        1.000        1.000
    25:        0.000        1.000        1.000        0.000        0.000
    30:        1.000        0.000        0.000        1.000        0.000
    35:        1.000        0.000        1.000        0.000        1.000
    40:        1.000        0.000        0.000        0.000        1.000
    45:        1.000        0.000        0.000        1.000        1.000
    50:        2.000        0.000        2.000        0.000        2.000
    55:        0.000        0.000        2.000        2.000        0.000
    60:        2.000        0.000        0.000        0.000        2.000
    65:        2.000        0.000        0.000        2.000        2.000
    70:        0.000        2.000        0.000        2.000        2.000
    75:        2.000        0.000        0.000        0.000        2.000
    80:        0.000        0.000        2.000        0.000        2.000
    85:        0.000        2.000        0.000        0.000        0.000
    90:        2.000        2.000        0.000        0.000        2.000
    95:        2.000        0.000        0.000        0.000        0.000
   100:        2.000        0.000        0.000        0.000        2.000
   105:        0.000        2.000        2.000        0.000        2.000
   110:        2.000        0.000        0.000        0.000        2.000
   115:        0.000        2.000        0.000        0.000        2.000
   120:        2.000        2.000        0.000        0.000        0.000
   125:        1.000        0.000        0.000        0.000        0.000
   130:        0.000        1.000        1.000        0.000        0.000
   135:        0.000        1.000        0.000
K:
     0:        0.000        0.000        0.000        0.000        2.000
     5:        0.000        0.000        2.000        1.000        1.000
    10:        2.000        2.000        2.000        2.000        1.000
    15:        1.000        1.000        2.000        1.000        1.000
    20:        1.000        2.000        1.000        2.000        2.000
    25:        2.000        2.000        2.000        1.000        2.000
    30:        2.000        1.000        1.000        2.000        1.000
    35:        1.000        1.000        2.000        1.000        2.000
    40:        2.000        2.000        2.000        1.000        2.000
    45:        2.000        1.000        1.000        1.000        2.000
    50:        2.000        2.000        2.000        1.000        2.000
    55:        1.000        1.000        1.000        1.000        1.000
    60:        2.000        1.000        1.000        1.000        2.000
    65:        2.000        1.000        2.000        2.000        2.000
    70:        2.000        2.000        1.000        1.000        2.000
    75:        1.000        1.000        0.000        1.000        1.000
    80:        1.000        0.000        2.000        1.000        2.000
    85:        0.000        2.000        0.000        1.000        2.000
    90:        2.000        2.000        0.000        1.000        2.000
    95:        2.000        0.000        1.000        1.000        2.000
   100:        2.000        1.000        0.000        0.000        2.000
   105:        1.000        2.000        2.000        2.000        2.000
   110:        2.000        1.000        1.000        2.000        2.000
   115:        2.000        2.000        1.000        2.000        1.000
   120:        2.000        2.000        1.000        2.000        1.000
   125:        1.000        1.000        1.000        0.000        0.000
   130:        0.000        2.000        2.000        0.000        1.000
   135:        1.000        2.000        0.000
L:
     0:        0.000        0.000        0.000        0.000        2.000
     5:        0.000        0.000        2.000        3.000        3.000
    10:        3.000        3.000        2.000        2.000        3.000
    15:        2.000        2.000        3.000        2.000        2.000
    20:        3.000        3.000        3.000        3.000        2.000
    25:        2.000        3.000        2.000        2.000        3.000
    30:        3.000        3.000        2.000        6.000        1.000
    35:        1.000        6.000        6.000        6.000        6.000
    40:        1.000        1.000        1.000        6.000        6.000
    45:        1.000        1.000        6.000        6.000        1.000
    50:        5.000        4.000        5.000        4.000        5.000
    55:        4.000        4.000        5.000        5.000        4.000
    60:        5.000        4.000        4.000        4.000        5.000
    65:        5.000        4.000        4.000        5.000        5.000
    70:        4.000        5.000        4.000        5.000        5.000
    75:        5.000        6.000        6.000        6.000        3.000
    80:        6.000        0.000        3.000        6.000        3.000
    85:        0.000        3.000        0.000        6.000        6.000
    90:        3.000        3.000        0.000        6.000        3.000
    95:        3.000        0.000        6.000        6.000        6.000
   100:        3.000        6.000        0.000        0.000        3.000
   105:        6.000        3.000        3.000        6.000        3.000
   110:        3.000        6.000        6.000        6.000        3.000
   115:        6.000        3.000        6.000        6.000        3.000
   120:        3.000        3.000        6.000        6.000        5.000
   125:        2.000        5.000        2.000        0.000        0.000
   130:        0.000        5.000        2.000        0.000        5.000
   135:        2.000        5.000        0.000
O:
     0:        0.000        0.000        0.000        0.000        1.000
     5:        0.000        0.000        0.000        0.000        1.000
    10:        1.000        0.000        0.000        1.000        1.000
    15:        1.000        0.000        0.000        0.000        1.000
    20:        1.000        0.000        1.000        0.000        0.000
    25:        1.000        0.000        0.000        1.000        1.000
    30:        0.000        1.000        1.000        0.000        1.000
    35:        0.000        1.000        0.000        1.000        0.000
    40:        0.000        1.000        1.000        1.000        0.000
    45:        0.000        1.000        1.000        0.000        0.000
    50:        0.000        2.000        0.000        2.000        0.000
    55:        2.000        2.000        0.000        0.000        2.000
    60:        0.000        2.000        2.000        2.000        0.000
    65:        0.000        2.000        2.000        0.000        0.000
    70:        2.000        0.000        2.000        0.000        0.000
    75:        0.000        2.000        2.000        2.000        0.000
    80:        2.000        0.000        0.000        2.000        0.000
    85:        0.000        0.000        0.000        2.000        2.000
    90:        0.000        0.000        0.000        2.000        0.000
    95:        0.000        0.000        2.000        2.000        2.000
   100:        0.000        2.000        0.000        0.000        0.000
   105:        2.000        0.000        0.000        2.000        0.000
   110:        0.000        2.000        2.000        2.000        0.000
   115:        2.000        0.000        2.000        2.000        0.000
   120:        0.000        0.000        2.000        2.000        1.000
   125:        0.000        1.000        1.000        0.000        0.000
   130:        0.000        0.000        0.000        0.000        1.000
   135:        1.000        0.000        0.000
P:
     0:        1.000
Q:
     0:       14.000      121.000      113.000
S:
     0:        0.000        0.000        0.000        0.000        4.000
     5:        0.000        0.000        1.000        1.000        4.000
    10:        4.000        1.000        1.000        4.000        4.000
    15:        4.000        1.000        1.000        1.000        4.000
    20:        4.000        1.000        4.000        1.000        1.000
    25:        4.000        1.000        1.000        4.000        4.000
    30:        1.000        4.000        4.000        3.000        6.000
    35:        3.000        6.000        3.000        6.000        3.000
    40:        3.000        6.000        6.000        6.000        3.000
    45:        3.000        6.000        6.000        3.000        3.000
    50:        2.000        2.000        5.000        5.000        5.000
    55:        2.000        5.000        2.000        5.000        2.000
    60:        2.000        5.000        5.000        2.000        2.000
    65:        5.000        5.000        2.000        5.000        2.000
    70:        5.000        5.000        2.000        2.000        5.000
    75:        2.000        2.000        5.000        5.000        5.000
    80:        2.000        0.000        2.000        2.000        5.000
    85:        0.000        2.000        0.000        5.000        5.000
    90:        5.000        2.000        0.000        2.000        5.000
    95:        2.000        0.000        5.000        2.000        5.000
   100:        2.000        2.000        0.000        0.000        5.000
   105:        2.000        5.000        2.000        5.000        2.000
   110:        5.000        2.000        5.000        5.000        5.000
   115:        2.000        2.000        2.000        5.000        2.000
   120:        5.000        5.000        2.000        5.000        6.000
   125:        1.000        6.000        6.000        0.000        0.000
   130:        0.000        1.000        1.000        0.000        6.000
   135:        6.000        1.000        0.000
U:
     0:        9.000       11.000       13.000
W:
     0:       55.000       12.000       43.000
X:
     0:        4.000        6.000        8.000
Y:
     0:       10.000       12.000       14.000
Z:
     0:        1.000        2.000        3.000        4.000
