File: C:\MED-PC\Data\2023-08-22_08h38m_Subject 138.txt


Start Date: 08/22/23
End Date: 08/22/23
Subject: 138
Experiment: 0
Group: 0
Box: 3
Start Time: 08:38:09
End Time: 10:08:38
MSN: CF_SetShifting08172023
I:     199.000
M:       1.000
N:      69.000
R:       2.000
T:    5400.000
V:       2.000
A:
     0:        3.000        9.000        6.000       12.000       14.000
     5:        8.000     5400.000
B:
     0:        3.000        5.000        7.000
C:
     0:        0.000        7.000       20.560       42.090       64.010
     5:       80.950       90.630      107.670      126.020      143.050
    10:      154.880      173.320      185.340      203.170      223.990
    15:      241.240      248.570      256.570      263.410      284.680
    20:      301.200      309.200      326.510      333.130      353.720
    25:      363.110      370.870      389.490      407.300      416.710
    30:      425.370      433.270      468.240      495.940      515.090
    35:      524.500      544.710      553.610      563.310      583.560
    40:      603.240      611.780      628.400      639.860      656.490
    45:      663.380      684.150      702.500      711.380      718.480
    50:      736.740      743.880      754.130      771.670      789.450
    55:      799.540      823.570      832.040      850.650      860.330
    60:      867.540      888.250      897.980      917.780      925.510
    65:      944.760      961.380      984.120      991.500     1000.430
    70:     1008.580     1017.650     1047.220     1065.680     1073.980
    75:     1082.530     1101.970     1126.200     1140.460     1149.040
    80:     1176.260     1194.920     1204.520     1213.580     1230.540
    85:     1248.920     1255.740     1262.670     1283.000     1302.270
    90:     1309.900     1331.000     1340.330     1360.740     1380.630
    95:     1400.150     1409.230     1420.050     1429.500     1446.760
   100:     1466.300     1472.990     1493.700     1515.200     1522.240
   105:     1531.330     1542.820     1559.650     1566.580     1589.150
   110:     1597.130     1616.620     1635.880     1643.950     1662.320
   115:     1679.190     1687.500     1695.250     1711.810     1722.910
   120:     1732.360     1752.330     1759.690     1767.780     1788.800
   125:     1795.420     1802.460     1811.080     1845.900     1869.560
   130:     1876.920     1898.680     1911.780     1928.790     1944.390
   135:     1962.530     1984.860     1991.710     2002.510     2012.180
   140:     2031.030     2049.910     2067.030     2077.080     2084.120
   145:     2105.950     2122.800     2130.400     2142.080     2160.310
   150:     2172.150     2188.700     2196.810     2215.090     2232.060
   155:     2242.420     2251.710     2270.620     2277.490     2294.380
   160:     2312.300     2318.830     2329.170     2337.570     2353.990
   165:     2371.650     2391.650     2399.120     2417.250     2427.020
   170:     2444.280     2454.870     2519.320     2528.440     2540.010
   175:     2555.270     2571.880     2594.750     2613.190     2620.080
   180:     2627.420     2660.530     2741.140     2794.610     2812.880
   185:     2820.250     2840.920     2850.920     2910.780     2928.940
   190:     3083.060     3108.170     3122.890        0.000     3313.880
   195:     3356.670     3493.120     3514.620     3794.040
D:
     0:        0.000        0.700        0.560        0.570        0.690
     5:        0.560        0.620        0.540        0.640        1.060
    10:        0.620        0.700        0.750        0.500        0.610
    15:        0.580        1.260        0.530        0.530        0.520
    20:        0.590        0.590        0.560        0.600        0.610
    25:        0.650        0.550        0.630        0.600        0.620
    30:        0.500        0.630        0.710        0.620        1.390
    35:        0.730        0.770        0.790        0.660        0.640
    40:        0.560        0.550        0.660        0.640        0.630
    45:        0.530        0.590        0.540        0.600        0.600
    50:        0.810        0.700        0.710        0.600        0.620
    55:        1.310        1.380        0.620        0.640        0.810
    60:        0.620        0.650        0.650        0.600        0.570
    65:        1.160        0.570        1.220        0.610        0.690
    70:        1.000        0.680        0.700        0.520        0.610
    75:        0.630        0.580        0.590        0.680        0.610
    80:        0.580        0.550        0.710        0.660        0.580
    85:        0.620        0.690        0.670        0.570        0.610
    90:        0.650        0.670        0.820        3.480        0.650
    95:        0.590        0.680        0.590        0.500        0.770
   100:        0.680        0.600        0.610        0.580        0.800
   105:        0.690        0.660        0.740        0.600        0.590
   110:        0.540        0.500        0.510        0.590        0.860
   115:        0.640        0.720        0.610        0.550        0.600
   120:        0.810        0.720        0.610        0.790        2.970
   125:        0.590        0.690        0.930        0.520        3.390
   130:        0.550        3.720        0.770        0.570        8.830
   135:        0.960        0.590        0.570        2.740        0.500
   140:        1.230        0.500        0.570        0.820        0.860
   145:        0.880        0.580        0.560        0.600        0.570
   150:        0.620        0.530        0.570        0.590        0.580
   155:        1.130        0.960        0.650        0.710        0.840
   160:        0.540        0.510        1.260        0.710        0.610
   165:        0.630        0.610        0.650        1.980        0.790
   170:        0.630        0.620        1.420        0.630        1.610
   175:        0.540        0.530        0.550        0.590        0.870
   180:        0.590        0.530        0.620        0.600        5.510
   185:        0.530        0.700        3.210        0.560        2.560
   190:        0.570        0.540        2.080        0.000        8.940
   195:        0.630        0.650       10.190        1.140
E:
     0:        0.000        6.300       20.000       41.520       63.320
     5:       80.390       90.010      107.130      125.380      141.990
    10:      154.260      172.620      184.590      202.670      223.380
    15:      240.660      247.310      256.040      262.880      284.160
    20:      300.610      308.610      325.950      332.530      353.110
    25:      362.460      370.320      388.860      406.700      416.090
    30:      424.870      432.640      467.530      495.320      513.700
    35:      523.770      543.940      552.820      562.650      582.920
    40:      602.680      611.230      627.740      639.220      655.860
    45:      662.850      683.560      701.960      710.780      717.880
    50:      735.930      743.180      753.420      771.070      788.830
    55:      798.230      822.190      831.420      850.010      859.520
    60:      866.920      887.600      897.330      917.180      924.940
    65:      943.600      960.810      982.900      990.890      999.740
    70:     1007.580     1016.970     1046.520     1065.160     1073.370
    75:     1081.900     1101.390     1125.610     1139.780     1148.430
    80:     1175.680     1194.370     1203.810     1212.920     1229.960
    85:     1248.300     1255.050     1262.000     1282.430     1301.660
    90:     1309.250     1330.330     1339.510     1357.260     1379.980
    95:     1399.560     1408.550     1419.460     1429.000     1445.990
   100:     1465.620     1472.390     1493.090     1514.620     1521.440
   105:     1530.640     1542.160     1558.910     1565.980     1588.560
   110:     1596.590     1616.120     1635.370     1643.360     1661.460
   115:     1678.550     1686.780     1694.640     1711.260     1722.310
   120:     1731.550     1751.610     1759.080     1766.990     1785.830
   125:     1794.830     1801.770     1810.150     1845.380     1866.170
   130:     1876.370     1894.960     1911.010     1928.220     1935.560
   135:     1961.570     1984.270     1991.140     1999.770     2011.680
   140:     2029.800     2049.410     2066.460     2076.260     2083.260
   145:     2105.070     2122.220     2129.840     2141.480     2159.740
   150:     2171.530     2188.170     2196.240     2214.500     2231.480
   155:     2241.290     2250.750     2269.970     2276.780     2293.540
   160:     2311.760     2318.320     2327.910     2336.860     2353.380
   165:     2371.020     2391.040     2398.470     2415.270     2426.230
   170:     2443.650     2454.250     2517.900     2527.810     2538.400
   175:     2554.730     2571.350     2594.200     2612.600     2619.210
   180:     2626.830     2660.000     2740.520     2794.010     2807.370
   185:     2819.720     2840.220     2847.710     2910.220     2926.380
   190:     3082.490     3107.630     3120.810     3253.940     3304.940
   195:     3356.040     3492.470     3504.430     3792.900
F:
     0:        0.000        4.000        3.000        1.000        2.000
     5:        2.000        3.000        1.000        4.000        4.000
    10:        1.000        2.000        3.000        3.000        1.000
    15:        2.000        4.000        4.000        3.000        1.000
    20:        2.000        3.000        4.000        1.000        2.000
    25:        4.000        1.000        3.000        2.000        4.000
    30:        2.000        3.000        1.000        1.000        2.000
    35:        3.000        4.000        4.000        1.000        3.000
    40:        2.000        3.000        2.000        1.000        4.000
    45:        1.000        3.000        2.000        4.000        1.000
    50:        4.000        2.000        3.000        1.000        4.000
    55:        3.000        2.000        3.000        2.000        4.000
    60:        1.000        2.000        1.000        4.000        3.000
    65:        3.000        1.000        4.000        2.000        4.000
    70:        2.000        1.000        3.000        2.000        4.000
    75:        3.000        1.000        4.000        2.000        3.000
    80:        1.000        4.000        2.000        3.000        1.000
    85:        4.000        2.000        3.000        1.000        2.000
    90:        1.000        4.000        3.000        3.000        1.000
    95:        4.000        2.000        4.000        3.000        1.000
   100:        2.000        3.000        1.000        2.000        4.000
   105:        4.000        3.000        2.000        1.000        4.000
   110:        3.000        1.000        2.000        3.000        1.000
   115:        2.000        4.000        1.000        2.000        4.000
   120:        3.000        2.000        4.000        1.000        3.000
   125:        4.000        3.000        1.000        2.000        4.000
   130:        2.000        3.000        1.000        4.000        2.000
   135:        1.000        3.000        4.000        3.000        2.000
   140:        1.000        2.000        4.000        3.000        1.000
   145:        1.000        3.000        4.000        2.000        4.000
   150:        2.000        3.000        1.000        2.000        4.000
   155:        3.000        1.000        4.000        2.000        1.000
   160:        3.000        4.000        3.000        2.000        1.000
   165:        1.000        4.000        2.000        3.000        2.000
   170:        3.000        1.000        4.000        4.000        3.000
   175:        2.000        1.000        1.000        4.000        3.000
   180:        2.000        1.000        2.000        4.000        3.000
   185:        2.000        4.000        3.000        1.000        3.000
   190:        2.000        4.000        1.000        1.000        3.000
   195:        2.000        4.000        1.000        3.000
G:
     0:      101.000        1.000      100.000
H:
     0:        0.000        1.000        2.000        2.000        1.000
     5:        1.000        2.000        2.000        1.000        1.000
    10:        2.000        1.000        2.000        2.000        2.000
    15:        1.000        1.000        1.000        2.000        2.000
    20:        1.000        2.000        1.000        2.000        1.000
    25:        1.000        2.000        2.000        1.000        1.000
    30:        1.000        2.000        2.000        2.000        1.000
    35:        2.000        1.000        1.000        2.000        2.000
    40:        1.000        2.000        1.000        2.000        1.000
    45:        2.000        2.000        1.000        1.000        2.000
    50:        1.000        1.000        2.000        2.000        1.000
    55:        2.000        1.000        2.000        1.000        1.000
    60:        2.000        1.000        2.000        1.000        2.000
    65:        2.000        2.000        1.000        1.000        1.000
    70:        1.000        2.000        2.000        1.000        1.000
    75:        2.000        4.000        3.000        3.000        4.000
    80:        4.000        3.000        3.000        4.000        4.000
    85:        3.000        3.000        4.000        4.000        3.000
    90:        4.000        3.000        4.000        4.000        4.000
    95:        3.000        3.000        3.000        4.000        4.000
   100:        3.000        4.000        4.000        3.000        3.000
   105:        3.000        4.000        3.000        4.000        3.000
   110:        4.000        4.000        3.000        4.000        4.000
   115:        3.000        3.000        4.000        3.000        3.000
   120:        4.000        3.000        3.000        4.000        5.000
   125:        5.000        5.000        6.000        6.000        5.000
   130:        6.000        5.000        6.000        5.000        6.000
   135:        6.000        5.000        5.000        5.000        6.000
   140:        6.000        6.000        5.000        5.000        6.000
   145:        6.000        5.000        5.000        6.000        5.000
   150:        6.000        5.000        6.000        6.000        5.000
   155:        5.000        6.000        5.000        6.000        6.000
   160:        5.000        5.000        5.000        6.000        6.000
   165:        6.000        5.000        6.000        5.000        6.000
   170:        5.000        6.000        5.000        5.000        5.000
   175:        6.000        6.000        6.000        5.000        5.000
   180:        6.000        6.000        6.000        5.000        5.000
   185:        6.000        5.000        5.000        6.000        5.000
   190:        6.000        5.000        6.000        0.000        5.000
   195:        6.000        5.000        5.000        5.000
J:
     0:        0.000        0.000        1.000        1.000        0.000
     5:        0.000        1.000        1.000        0.000        0.000
    10:        1.000        0.000        1.000        1.000        1.000
    15:        0.000        0.000        0.000        1.000        1.000
    20:        0.000        1.000        0.000        1.000        0.000
    25:        0.000        1.000        1.000        0.000        0.000
    30:        0.000        1.000        1.000        1.000        0.000
    35:        1.000        0.000        0.000        1.000        1.000
    40:        0.000        1.000        0.000        1.000        0.000
    45:        1.000        1.000        0.000        0.000        1.000
    50:        0.000        0.000        1.000        1.000        0.000
    55:        1.000        0.000        1.000        0.000        0.000
    60:        1.000        0.000        1.000        0.000        1.000
    65:        1.000        1.000        0.000        0.000        0.000
    70:        0.000        1.000        1.000        0.000        0.000
    75:        1.000        1.000        0.000        0.000        1.000
    80:        1.000        0.000        0.000        1.000        1.000
    85:        0.000        0.000        1.000        1.000        0.000
    90:        1.000        0.000        1.000        1.000        1.000
    95:        0.000        0.000        0.000        1.000        1.000
   100:        0.000        1.000        1.000        0.000        0.000
   105:        0.000        1.000        0.000        1.000        0.000
   110:        1.000        1.000        0.000        1.000        1.000
   115:        0.000        0.000        1.000        0.000        0.000
   120:        1.000        0.000        0.000        1.000        0.000
   125:        0.000        0.000        2.000        2.000        0.000
   130:        2.000        0.000        2.000        0.000        2.000
   135:        2.000        0.000        0.000        0.000        2.000
   140:        2.000        2.000        0.000        0.000        2.000
   145:        2.000        0.000        0.000        2.000        0.000
   150:        2.000        0.000        2.000        2.000        0.000
   155:        0.000        2.000        0.000        2.000        2.000
   160:        0.000        0.000        0.000        2.000        2.000
   165:        2.000        0.000        2.000        0.000        2.000
   170:        0.000        2.000        0.000        0.000        0.000
   175:        2.000        2.000        2.000        0.000        0.000
   180:        2.000        2.000        2.000        0.000        0.000
   185:        2.000        0.000        0.000        2.000        0.000
   190:        2.000        0.000        2.000        2.000        0.000
   195:        2.000        0.000        2.000        0.000
K:
     0:        0.000        2.000        1.000        1.000        2.000
     5:        2.000        1.000        1.000        2.000        2.000
    10:        1.000        2.000        1.000        1.000        1.000
    15:        2.000        2.000        2.000        1.000        1.000
    20:        2.000        1.000        2.000        1.000        2.000
    25:        2.000        1.000        1.000        2.000        2.000
    30:        2.000        1.000        1.000        1.000        2.000
    35:        1.000        2.000        2.000        1.000        1.000
    40:        2.000        1.000        2.000        1.000        2.000
    45:        1.000        1.000        2.000        2.000        1.000
    50:        2.000        2.000        1.000        1.000        2.000
    55:        1.000        2.000        1.000        2.000        2.000
    60:        1.000        2.000        1.000        2.000        1.000
    65:        1.000        1.000        2.000        2.000        2.000
    70:        2.000        1.000        1.000        2.000        2.000
    75:        1.000        1.000        2.000        2.000        1.000
    80:        1.000        2.000        2.000        1.000        1.000
    85:        2.000        2.000        1.000        1.000        2.000
    90:        1.000        2.000        1.000        1.000        1.000
    95:        2.000        2.000        2.000        1.000        1.000
   100:        2.000        1.000        1.000        2.000        2.000
   105:        2.000        1.000        2.000        1.000        2.000
   110:        1.000        1.000        2.000        1.000        1.000
   115:        2.000        2.000        1.000        2.000        2.000
   120:        1.000        2.000        2.000        1.000        2.000
   125:        2.000        2.000        1.000        1.000        2.000
   130:        1.000        2.000        1.000        2.000        1.000
   135:        1.000        2.000        2.000        2.000        1.000
   140:        1.000        1.000        2.000        2.000        1.000
   145:        1.000        2.000        2.000        1.000        2.000
   150:        1.000        2.000        1.000        1.000        2.000
   155:        2.000        1.000        2.000        1.000        1.000
   160:        2.000        2.000        2.000        1.000        1.000
   165:        1.000        2.000        1.000        2.000        1.000
   170:        2.000        1.000        2.000        2.000        2.000
   175:        1.000        1.000        1.000        2.000        2.000
   180:        1.000        1.000        1.000        2.000        2.000
   185:        1.000        2.000        2.000        1.000        2.000
   190:        1.000        2.000        1.000        0.000        2.000
   195:        1.000        2.000        2.000        2.000
L:
     0:        0.000        6.000        6.000        5.000        5.000
     5:        5.000        6.000        5.000        6.000        6.000
    10:        5.000        5.000        6.000        6.000        5.000
    15:        5.000        6.000        6.000        6.000        5.000
    20:        5.000        6.000        6.000        5.000        5.000
    25:        6.000        5.000        6.000        5.000        6.000
    30:        5.000        6.000        5.000        5.000        5.000
    35:        6.000        6.000        6.000        5.000        6.000
    40:        5.000        6.000        5.000        5.000        6.000
    45:        5.000        6.000        5.000        6.000        5.000
    50:        6.000        5.000        6.000        5.000        6.000
    55:        6.000        5.000        6.000        5.000        6.000
    60:        5.000        5.000        5.000        6.000        6.000
    65:        6.000        5.000        6.000        5.000        6.000
    70:        5.000        5.000        6.000        5.000        6.000
    75:        6.000        3.000        2.000        3.000        2.000
    80:        3.000        2.000        3.000        2.000        3.000
    85:        2.000        3.000        2.000        3.000        3.000
    90:        3.000        2.000        2.000        2.000        3.000
    95:        2.000        3.000        2.000        2.000        3.000
   100:        3.000        2.000        3.000        3.000        2.000
   105:        2.000        2.000        3.000        3.000        2.000
   110:        2.000        3.000        3.000        2.000        3.000
   115:        3.000        2.000        3.000        3.000        2.000
   120:        2.000        3.000        2.000        3.000        4.000
   125:        4.000        4.000        1.000        1.000        4.000
   130:        1.000        4.000        1.000        4.000        1.000
   135:        1.000        4.000        4.000        4.000        1.000
   140:        1.000        1.000        4.000        4.000        1.000
   145:        1.000        4.000        4.000        1.000        4.000
   150:        1.000        4.000        1.000        1.000        4.000
   155:        4.000        1.000        4.000        1.000        1.000
   160:        4.000        4.000        4.000        1.000        1.000
   165:        1.000        4.000        1.000        4.000        1.000
   170:        4.000        1.000        4.000        4.000        4.000
   175:        1.000        1.000        1.000        4.000        4.000
   180:        1.000        1.000        1.000        4.000        4.000
   185:        1.000        4.000        4.000        1.000        4.000
   190:        1.000        4.000        1.000        1.000        4.000
   195:        1.000        4.000        1.000        4.000
O:
     0:        0.000        1.000        0.000        0.000        1.000
     5:        1.000        0.000        0.000        1.000        1.000
    10:        0.000        1.000        0.000        0.000        0.000
    15:        1.000        1.000        1.000        0.000        0.000
    20:        1.000        0.000        1.000        0.000        1.000
    25:        1.000        0.000        0.000        1.000        1.000
    30:        1.000        0.000        0.000        0.000        1.000
    35:        0.000        1.000        1.000        0.000        0.000
    40:        1.000        0.000        1.000        0.000        1.000
    45:        0.000        0.000        1.000        1.000        0.000
    50:        1.000        1.000        0.000        0.000        1.000
    55:        0.000        1.000        0.000        1.000        1.000
    60:        0.000        1.000        0.000        1.000        0.000
    65:        0.000        0.000        1.000        1.000        1.000
    70:        1.000        0.000        0.000        1.000        1.000
    75:        0.000        0.000        1.000        1.000        0.000
    80:        0.000        1.000        1.000        0.000        0.000
    85:        1.000        1.000        0.000        0.000        1.000
    90:        0.000        1.000        0.000        0.000        0.000
    95:        1.000        1.000        1.000        0.000        0.000
   100:        1.000        0.000        0.000        1.000        1.000
   105:        1.000        0.000        1.000        0.000        1.000
   110:        0.000        0.000        1.000        0.000        0.000
   115:        1.000        1.000        0.000        1.000        1.000
   120:        0.000        1.000        1.000        0.000        2.000
   125:        2.000        2.000        0.000        0.000        2.000
   130:        0.000        2.000        0.000        2.000        0.000
   135:        0.000        2.000        2.000        2.000        0.000
   140:        0.000        0.000        2.000        2.000        0.000
   145:        0.000        2.000        2.000        0.000        2.000
   150:        0.000        2.000        0.000        0.000        2.000
   155:        2.000        0.000        2.000        0.000        0.000
   160:        2.000        2.000        2.000        0.000        0.000
   165:        0.000        2.000        0.000        2.000        0.000
   170:        2.000        0.000        2.000        2.000        2.000
   175:        0.000        0.000        0.000        2.000        2.000
   180:        0.000        0.000        0.000        2.000        2.000
   185:        0.000        2.000        2.000        0.000        2.000
   190:        0.000        2.000        0.000        0.000        2.000
   195:        0.000        2.000        0.000        2.000
P:
     0:       76.000
Q:
     0:       11.000      198.000      190.000
S:
     0:        0.000        6.000        5.000        5.000        6.000
     5:        6.000        5.000        5.000        6.000        6.000
    10:        5.000        6.000        5.000        5.000        5.000
    15:        6.000        6.000        6.000        5.000        5.000
    20:        6.000        5.000        6.000        5.000        6.000
    25:        6.000        5.000        5.000        6.000        6.000
    30:        6.000        5.000        5.000        5.000        6.000
    35:        5.000        6.000        6.000        5.000        5.000
    40:        6.000        5.000        6.000        5.000        6.000
    45:        5.000        5.000        6.000        6.000        5.000
    50:        6.000        6.000        5.000        5.000        6.000
    55:        5.000        6.000        5.000        6.000        6.000
    60:        5.000        6.000        5.000        6.000        5.000
    65:        5.000        5.000        6.000        6.000        6.000
    70:        6.000        5.000        5.000        6.000        6.000
    75:        5.000        3.000        2.000        2.000        3.000
    80:        3.000        2.000        2.000        3.000        3.000
    85:        2.000        2.000        3.000        3.000        2.000
    90:        3.000        2.000        3.000        3.000        3.000
    95:        2.000        2.000        2.000        3.000        3.000
   100:        2.000        3.000        3.000        2.000        2.000
   105:        2.000        3.000        2.000        3.000        2.000
   110:        3.000        3.000        2.000        3.000        3.000
   115:        2.000        2.000        3.000        2.000        2.000
   120:        3.000        2.000        2.000        3.000        1.000
   125:        4.000        1.000        1.000        4.000        4.000
   130:        4.000        1.000        1.000        4.000        4.000
   135:        1.000        1.000        4.000        1.000        4.000
   140:        1.000        4.000        4.000        1.000        1.000
   145:        1.000        1.000        4.000        4.000        4.000
   150:        4.000        1.000        1.000        4.000        4.000
   155:        1.000        1.000        4.000        4.000        1.000
   160:        1.000        4.000        1.000        4.000        1.000
   165:        1.000        4.000        4.000        1.000        4.000
   170:        1.000        1.000        4.000        4.000        1.000
   175:        4.000        1.000        1.000        4.000        1.000
   180:        4.000        1.000        4.000        4.000        1.000
   185:        4.000        4.000        1.000        1.000        1.000
   190:        4.000        4.000        1.000        1.000        1.000
   195:        4.000        4.000        1.000        1.000
U:
     0:        9.000       11.000       13.000
W:
     0:       96.000       96.000        0.000
X:
     0:        4.000        6.000        8.000
Y:
     0:       10.000       12.000       14.000
Z:
     0:        1.000        2.000        3.000        4.000
