File: C:\MED-PC\Data\2023-07-19_09h48m_Subject 141.txt


Start Date: 07/19/23
End Date: 07/19/23
Subject: 141
Experiment: 0
Group: 0
Box: 6
Start Time: 09:48:22
End Time: 11:11:02
MSN: CF-SetShifting07132023
B:       0.000
I:     235.000
N:      50.000
R:       1.000
T:    4500.000
V:       1.000
A:
     0:        3.000       11.000        6.000       10.000
C:
     0:        0.000       22.420       44.680        0.000        0.000
     5:        0.000      139.350      156.130      168.250      198.850
    10:      209.580      228.810        0.000        0.000      289.180
    15:        0.000        0.000        0.000        0.000      400.730
    20:      412.130      429.210      439.290      467.520      483.340
    25:      500.260      510.000      535.700      550.460      571.550
    30:      581.320      595.550      606.910      615.360      646.970
    35:      660.030      678.860      710.390      744.010      754.520
    40:      766.130      795.340      822.970      849.130      860.430
    45:      872.740      898.800      915.220      925.160      954.870
    50:      973.260      984.090        0.000        0.000     1056.150
    55:     1065.310     1091.550     1124.760     1151.490     1165.460
    60:     1186.090     1199.760     1216.430     1229.340     1262.950
    65:     1286.140     1307.430     1317.120        0.000        0.000
    70:        0.000        0.000     1431.020     1447.970     1474.740
    75:     1489.960     1499.580     1520.750     1537.740     1556.660
    80:     1567.810     1582.760     1592.300     1610.420     1622.590
    85:     1637.160     1661.240     1676.650     1685.350        0.000
    90:        0.000        0.000        0.000        0.000     1826.420
    95:     1846.630     1859.190     1880.010     1901.060     1924.490
   100:     1941.860     1955.690     1963.400     1977.820     1995.710
   105:     2012.700     2021.550     2038.330     2047.510     2068.080
   110:     2085.940     2102.020     2120.900     2129.120     2147.490
   115:     2168.480     2188.880     2202.410     2219.310     2228.330
   120:     2256.020     2269.420     2287.380     2304.640     2331.260
   125:     2345.340     2354.920     2364.750        0.000        0.000
   130:        0.000        0.000        0.000        0.000        0.000
   135:        0.000     2573.840     2599.960     2608.140     2627.350
   140:     2648.820     2660.020     2682.040     2690.200     2704.560
   145:     2722.200     2740.560     2753.810        0.000     2795.470
   150:        0.000     2844.200     2866.280     2874.380     2893.870
   155:     2906.680        0.000     2948.970     2967.240     2983.040
   160:     2990.860     3004.070        0.000        0.000        0.000
   165:     3100.920        0.000     3158.380     3178.380     3206.040
   170:     3213.460     3237.680     3255.820     3267.910        0.000
   175:        0.000        0.000        0.000        0.000        0.000
   180:        0.000     3466.760        0.000        0.000        0.000
   185:        0.000        0.000     3603.170     3620.570        0.000
   190:     3662.610     3680.520     3699.620     3707.450     3735.920
   195:     3756.740     3771.690     3785.260     3819.140     3828.510
   200:     3847.910     3859.430     3874.000     3882.740        0.000
   205:     3935.300     3959.270     3982.110     3990.220     3998.120
   210:     4030.560     4058.850     4080.660     4088.390     4108.300
   215:     4116.230     4133.120     4149.840     4163.410     4171.680
   220:     4194.250     4205.800     4225.720     4245.090     4261.480
   225:     4277.600     4302.220        0.000        0.000        0.000
   230:     4393.130     4418.330     4442.640     4460.270     4484.830
D:
     0:        0.000        0.860        0.930        0.000        0.000
     5:        0.000        1.490        0.700        0.800        1.070
    10:        1.050        0.870        0.000        0.000        0.890
    15:        0.000        0.000        0.000        0.000        1.900
    20:        1.070        0.650        0.890        0.700        2.010
    25:        0.760        1.860        0.830        0.990        2.640
    30:        1.090        0.710        0.650        0.830        0.770
    35:        2.220        2.030        1.050        0.970        0.960
    40:        2.090        0.700        0.680        0.810        0.830
    45:        2.060        0.760        0.780        1.540        3.010
    50:        0.700        0.960    -1004.500        0.000        0.800
    55:        1.170        1.120        0.850        0.810        1.140
    60:        0.860        1.340        0.760        1.090        1.360
    65:        1.060        0.820        1.040        0.000        0.000
    70:        0.000        0.000        0.740        0.840        1.120
    75:        1.110        0.950        0.870        1.120        0.770
    80:        1.690        2.340        1.650        0.860        0.960
    85:        0.860        0.840        3.200        0.850        0.000
    90:        0.000        0.000        0.000        0.000        1.050
    95:        0.790        0.990        1.030        0.700        0.780
   100:        0.730        1.010        0.830        0.830        0.890
   105:        1.880        1.400        3.330        2.110        1.200
   110:        0.840        0.850        0.800        1.090        1.280
   115:        0.740        0.840        2.400        0.990        0.660
   120:        0.870        0.830        0.710        0.610        1.090
   125:        1.560        0.810        0.670        0.000        0.000
   130:        0.000        0.000        0.000        0.000        0.000
   135:        0.000        0.960        1.290        0.740        0.710
   140:        1.060        0.760        1.150        0.980        1.150
   145:        0.790        0.770        0.970        0.000        0.820
   150:    -2817.200        0.650        0.730        0.640        0.990
   155:        0.980        0.000        1.680        0.780        0.720
   160:        0.930        1.520        0.000        0.000        0.000
   165:        0.860        0.000        1.130        1.100        0.890
   170:        0.870        1.510        0.780        0.910        0.000
   175:        0.000        0.000        0.000        0.000        0.000
   180:        0.000        1.020        0.000        0.000        0.000
   185:        0.000        0.000        0.910        1.630        0.000
   190:        0.720        0.840        0.780        1.140        2.670
   195:        0.660        0.710        1.120        1.050        0.710
   200:        0.760        3.100        1.440        1.350        0.000
   205:        1.030        0.610        0.740        0.630        0.980
   210:        1.130        3.210        0.750        0.840        0.650
   215:        1.090        0.770        0.740        0.800        0.940
   220:        1.190        1.050        1.040        0.650        0.730
   225:        0.700        1.620        0.000        0.000        0.000
   230:        0.690        0.730        0.670        0.890        2.320
F:
     0:        0.000        1.000        4.000        0.000        0.000
     5:        0.000        2.000        3.000        2.000        4.000
    10:        1.000        3.000        0.000        0.000        3.000
    15:        0.000        0.000        0.000        0.000        4.000
    20:        2.000        1.000        4.000        3.000        2.000
    25:        1.000        3.000        2.000        4.000        1.000
    30:        2.000        3.000        1.000        4.000        3.000
    35:        4.000        2.000        3.000        1.000        2.000
    40:        4.000        3.000        1.000        2.000        4.000
    45:        2.000        3.000        4.000        1.000        1.000
    50:        2.000        3.000        4.000        0.000        2.000
    55:        4.000        3.000        1.000        2.000        3.000
    60:        4.000        1.000        4.000        3.000        2.000
    65:        1.000        4.000        2.000        0.000        0.000
    70:        0.000        0.000        3.000        1.000        2.000
    75:        4.000        1.000        3.000        3.000        4.000
    80:        1.000        2.000        3.000        4.000        2.000
    85:        1.000        4.000        3.000        2.000        0.000
    90:        0.000        0.000        0.000        0.000        1.000
    95:        2.000        1.000        3.000        4.000        3.000
   100:        4.000        1.000        2.000        3.000        1.000
   105:        4.000        2.000        2.000        4.000        1.000
   110:        3.000        3.000        4.000        1.000        2.000
   115:        1.000        4.000        3.000        2.000        3.000
   120:        2.000        4.000        1.000        1.000        2.000
   125:        3.000        4.000        4.000        0.000        0.000
   130:        0.000        0.000        0.000        0.000        0.000
   135:        0.000        1.000        2.000        3.000        3.000
   140:        4.000        1.000        2.000        2.000        1.000
   145:        3.000        4.000        3.000        0.000        4.000
   150:        2.000        1.000        4.000        1.000        2.000
   155:        3.000        0.000        1.000        3.000        4.000
   160:        2.000        2.000        0.000        0.000        0.000
   165:        3.000        0.000        4.000        1.000        2.000
   170:        1.000        3.000        4.000        3.000        0.000
   175:        0.000        0.000        0.000        0.000        0.000
   180:        0.000        2.000        0.000        0.000        0.000
   185:        0.000        0.000        1.000        4.000        0.000
   190:        1.000        3.000        4.000        2.000        3.000
   195:        2.000        4.000        1.000        2.000        1.000
   200:        4.000        3.000        4.000        2.000        0.000
   205:        1.000        3.000        2.000        4.000        3.000
   210:        1.000        1.000        2.000        3.000        4.000
   215:        1.000        3.000        4.000        2.000        3.000
   220:        4.000        2.000        1.000        2.000        3.000
   225:        4.000        1.000        0.000        0.000        0.000
   230:        3.000        1.000        4.000        2.000        1.000
G:
     0:       93.000        8.000       85.000        0.000
H:
     0:        0.000        1.000        2.000        0.000        0.000
     5:        0.000        1.000        1.000        2.000        1.000
    10:        2.000        1.000        0.000        0.000        1.000
    15:        0.000        0.000        0.000        0.000        1.000
    20:        2.000        1.000        2.000        1.000        2.000
    25:        1.000        2.000        1.000        1.000        1.000
    30:        1.000        1.000        1.000        1.000        3.000
    35:        3.000        4.000        4.000        3.000        3.000
    40:        4.000        4.000        4.000        3.000        3.000
    45:        4.000        4.000        3.000        4.000        4.000
    50:        3.000        4.000        0.000        0.000        3.000
    55:        3.000        4.000        4.000        3.000        4.000
    60:        3.000        4.000        3.000        4.000        4.000
    65:        4.000        3.000        3.000        0.000        0.000
    70:        0.000        0.000        4.000        4.000        3.000
    75:        3.000        4.000        4.000        4.000        3.000
    80:        3.000        3.000        4.000        3.000        3.000
    85:        4.000        3.000        3.000        3.000        0.000
    90:        0.000        0.000        0.000        0.000        4.000
    95:        3.000        4.000        4.000        3.000        4.000
   100:        3.000        3.000        3.000        4.000        4.000
   105:        3.000        3.000        3.000        4.000        4.000
   110:        4.000        4.000        3.000        4.000        4.000
   115:        4.000        3.000        3.000        3.000        4.000
   120:        3.000        4.000        4.000        4.000        3.000
   125:        3.000        3.000        3.000        0.000        0.000
   130:        0.000        0.000        0.000        0.000        0.000
   135:        0.000        4.000        3.000        4.000        4.000
   140:        3.000        4.000        3.000        3.000        4.000
   145:        4.000        3.000        4.000        0.000        3.000
   150:        0.000        4.000        3.000        4.000        3.000
   155:        4.000        0.000        4.000        4.000        3.000
   160:        3.000        4.000        0.000        0.000        0.000
   165:        4.000        0.000        3.000        4.000        3.000
   170:        4.000        4.000        3.000        4.000        0.000
   175:        0.000        0.000        0.000        0.000        0.000
   180:        0.000        3.000        0.000        0.000        0.000
   185:        0.000        0.000        4.000        4.000        0.000
   190:        4.000        4.000        3.000        4.000        4.000
   195:        3.000        3.000        4.000        3.000        4.000
   200:        3.000        3.000        3.000        4.000        0.000
   205:        4.000        4.000        3.000        3.000        4.000
   210:        4.000        4.000        3.000        4.000        3.000
   215:        4.000        4.000        3.000        3.000        4.000
   220:        3.000        4.000        4.000        3.000        4.000
   225:        3.000        3.000        0.000        0.000        0.000
   230:        4.000        4.000        3.000        3.000        4.000
J:
     0:        0.000        0.000        0.000        0.000        0.000
     5:        0.000        0.000        0.000        0.000        0.000
    10:        0.000        0.000        0.000        0.000        0.000
    15:        0.000        0.000        0.000        0.000        0.000
    20:        0.000        0.000        0.000        0.000        0.000
    25:        0.000        0.000        0.000        0.000        0.000
    30:        0.000        0.000        0.000        0.000        1.000
    35:        0.000        0.000        1.000        1.000        0.000
    40:        0.000        1.000        1.000        0.000        0.000
    45:        0.000        1.000        0.000        1.000        1.000
    50:        0.000        1.000        0.000        0.000        0.000
    55:        0.000        1.000        1.000        0.000        1.000
    60:        0.000        1.000        0.000        1.000        0.000
    65:        1.000        0.000        0.000        0.000        0.000
    70:        0.000        0.000        1.000        1.000        0.000
    75:        0.000        1.000        1.000        1.000        0.000
    80:        1.000        0.000        1.000        0.000        0.000
    85:        1.000        0.000        1.000        0.000        0.000
    90:        0.000        0.000        0.000        0.000        1.000
    95:        0.000        1.000        1.000        0.000        1.000
   100:        0.000        1.000        0.000        1.000        1.000
   105:        0.000        0.000        0.000        0.000        1.000
   110:        1.000        1.000        0.000        1.000        0.000
   115:        1.000        0.000        1.000        0.000        1.000
   120:        0.000        0.000        1.000        1.000        0.000
   125:        1.000        0.000        0.000        0.000        0.000
   130:        0.000        0.000        0.000        0.000        0.000
   135:        0.000        1.000        0.000        1.000        1.000
   140:        0.000        1.000        0.000        0.000        1.000
   145:        1.000        0.000        1.000        0.000        0.000
   150:        0.000        1.000        0.000        1.000        0.000
   155:        1.000        0.000        1.000        1.000        0.000
   160:        0.000        0.000        0.000        0.000        0.000
   165:        1.000        0.000        0.000        1.000        0.000
   170:        1.000        1.000        0.000        1.000        0.000
   175:        0.000        0.000        0.000        0.000        0.000
   180:        0.000        0.000        0.000        0.000        0.000
   185:        0.000        0.000        1.000        0.000        0.000
   190:        1.000        1.000        0.000        0.000        1.000
   195:        0.000        0.000        1.000        0.000        1.000
   200:        0.000        1.000        0.000        0.000        0.000
   205:        1.000        1.000        0.000        0.000        1.000
   210:        1.000        1.000        0.000        1.000        0.000
   215:        1.000        1.000        0.000        0.000        1.000
   220:        0.000        0.000        1.000        0.000        1.000
   225:        0.000        1.000        0.000        0.000        0.000
   230:        1.000        1.000        0.000        0.000        1.000
K:
     0:        0.000        0.000        0.000        0.000        0.000
     5:        0.000        0.000        0.000        0.000        0.000
    10:        0.000        0.000        0.000        0.000        0.000
    15:        0.000        0.000        0.000        0.000        0.000
    20:        0.000        0.000        0.000        0.000        0.000
    25:        0.000        0.000        0.000        0.000        0.000
    30:        0.000        0.000        0.000        0.000        2.000
    35:        2.000        1.000        1.000        2.000        2.000
    40:        1.000        1.000        1.000        2.000        2.000
    45:        1.000        1.000        2.000        1.000        1.000
    50:        2.000        1.000        0.000        0.000        2.000
    55:        2.000        1.000        1.000        2.000        1.000
    60:        2.000        1.000        2.000        1.000        1.000
    65:        1.000        2.000        2.000        0.000        0.000
    70:        0.000        0.000        1.000        1.000        2.000
    75:        2.000        1.000        1.000        1.000        2.000
    80:        2.000        2.000        1.000        2.000        2.000
    85:        1.000        2.000        2.000        2.000        0.000
    90:        0.000        0.000        0.000        0.000        1.000
    95:        2.000        1.000        1.000        2.000        1.000
   100:        2.000        2.000        2.000        1.000        1.000
   105:        2.000        2.000        2.000        1.000        1.000
   110:        1.000        1.000        2.000        1.000        1.000
   115:        1.000        2.000        2.000        2.000        1.000
   120:        2.000        1.000        1.000        1.000        2.000
   125:        2.000        2.000        2.000        0.000        0.000
   130:        0.000        0.000        0.000        0.000        0.000
   135:        0.000        1.000        2.000        1.000        1.000
   140:        2.000        1.000        2.000        2.000        1.000
   145:        1.000        2.000        1.000        0.000        2.000
   150:        0.000        1.000        2.000        1.000        2.000
   155:        1.000        0.000        1.000        1.000        2.000
   160:        2.000        1.000        0.000        0.000        0.000
   165:        1.000        0.000        2.000        1.000        2.000
   170:        1.000        1.000        2.000        1.000        0.000
   175:        0.000        0.000        0.000        0.000        0.000
   180:        0.000        2.000        0.000        0.000        0.000
   185:        0.000        0.000        1.000        1.000        0.000
   190:        1.000        1.000        2.000        1.000        1.000
   195:        2.000        2.000        1.000        2.000        1.000
   200:        2.000        2.000        2.000        1.000        0.000
   205:        1.000        1.000        2.000        2.000        1.000
   210:        1.000        1.000        2.000        1.000        2.000
   215:        1.000        1.000        2.000        2.000        1.000
   220:        2.000        1.000        1.000        2.000        1.000
   225:        2.000        2.000        0.000        0.000        0.000
   230:        1.000        1.000        2.000        2.000        1.000
L:
     0:        0.000        3.000        2.000        0.000        0.000
     5:        0.000        3.000        2.000        3.000        2.000
    10:        3.000        2.000        0.000        0.000        2.000
    15:        0.000        0.000        0.000        0.000        2.000
    20:        3.000        3.000        2.000        2.000        3.000
    25:        3.000        2.000        3.000        2.000        3.000
    30:        3.000        2.000        3.000        2.000        4.000
    35:        4.000        1.000        4.000        1.000        1.000
    40:        4.000        4.000        1.000        1.000        4.000
    45:        1.000        4.000        4.000        1.000        1.000
    50:        1.000        4.000        4.000        0.000        1.000
    55:        4.000        4.000        1.000        1.000        4.000
    60:        4.000        1.000        4.000        4.000        1.000
    65:        1.000        4.000        1.000        0.000        0.000
    70:        0.000        0.000        4.000        1.000        1.000
    75:        4.000        1.000        4.000        4.000        4.000
    80:        1.000        1.000        4.000        4.000        1.000
    85:        1.000        4.000        4.000        1.000        0.000
    90:        0.000        0.000        0.000        0.000        1.000
    95:        1.000        1.000        4.000        4.000        4.000
   100:        4.000        1.000        1.000        4.000        1.000
   105:        4.000        1.000        1.000        4.000        1.000
   110:        4.000        4.000        4.000        1.000        1.000
   115:        1.000        4.000        4.000        1.000        4.000
   120:        1.000        4.000        1.000        1.000        1.000
   125:        4.000        4.000        4.000        0.000        0.000
   130:        0.000        0.000        0.000        0.000        0.000
   135:        0.000        1.000        1.000        4.000        4.000
   140:        4.000        1.000        1.000        1.000        1.000
   145:        4.000        4.000        4.000        0.000        4.000
   150:        1.000        1.000        4.000        1.000        1.000
   155:        4.000        0.000        1.000        4.000        4.000
   160:        1.000        1.000        0.000        0.000        0.000
   165:        4.000        0.000        4.000        1.000        1.000
   170:        1.000        4.000        4.000        4.000        0.000
   175:        0.000        0.000        0.000        0.000        0.000
   180:        0.000        1.000        0.000        0.000        0.000
   185:        0.000        0.000        1.000        4.000        0.000
   190:        1.000        4.000        4.000        1.000        4.000
   195:        1.000        4.000        1.000        1.000        1.000
   200:        4.000        4.000        4.000        1.000        0.000
   205:        1.000        4.000        1.000        4.000        4.000
   210:        1.000        1.000        1.000        4.000        4.000
   215:        1.000        4.000        4.000        1.000        4.000
   220:        4.000        1.000        1.000        1.000        4.000
   225:        4.000        1.000        0.000        0.000        0.000
   230:        4.000        1.000        4.000        1.000        1.000
M:
     0:        2.000        0.000        0.000        0.000
O:
     0:        0.000        1.000        1.000        0.000        0.000
     5:        0.000        1.000        1.000        1.000        1.000
    10:        1.000        1.000        0.000        0.000        1.000
    15:        0.000        0.000        0.000        0.000        1.000
    20:        1.000        1.000        1.000        1.000        1.000
    25:        1.000        1.000        1.000        1.000        1.000
    30:        1.000        1.000        1.000        1.000        1.000
    35:        1.000        1.000        0.000        0.000        1.000
    40:        1.000        0.000        0.000        1.000        1.000
    45:        1.000        0.000        1.000        0.000        0.000
    50:        1.000        0.000        1.000        0.000        1.000
    55:        1.000        0.000        0.000        1.000        0.000
    60:        1.000        0.000        1.000        0.000        1.000
    65:        0.000        1.000        1.000        0.000        0.000
    70:        0.000        0.000        0.000        0.000        1.000
    75:        1.000        0.000        0.000        0.000        1.000
    80:        0.000        1.000        0.000        1.000        1.000
    85:        0.000        1.000        0.000        1.000        0.000
    90:        0.000        0.000        0.000        0.000        0.000
    95:        1.000        0.000        0.000        1.000        0.000
   100:        1.000        0.000        1.000        0.000        0.000
   105:        1.000        1.000        1.000        1.000        0.000
   110:        0.000        0.000        1.000        0.000        1.000
   115:        0.000        1.000        0.000        1.000        0.000
   120:        1.000        1.000        0.000        0.000        1.000
   125:        0.000        1.000        1.000        0.000        0.000
   130:        0.000        0.000        0.000        0.000        0.000
   135:        0.000        0.000        1.000        0.000        0.000
   140:        1.000        0.000        1.000        1.000        0.000
   145:        0.000        1.000        0.000        0.000        1.000
   150:        1.000        0.000        1.000        0.000        1.000
   155:        0.000        0.000        0.000        0.000        1.000
   160:        1.000        1.000        0.000        0.000        0.000
   165:        0.000        0.000        1.000        0.000        1.000
   170:        0.000        0.000        1.000        0.000        0.000
   175:        0.000        0.000        0.000        0.000        0.000
   180:        0.000        1.000        0.000        0.000        0.000
   185:        0.000        0.000        0.000        1.000        0.000
   190:        0.000        0.000        1.000        1.000        0.000
   195:        1.000        1.000        0.000        1.000        0.000
   200:        1.000        0.000        1.000        1.000        0.000
   205:        0.000        0.000        1.000        1.000        0.000
   210:        0.000        0.000        1.000        0.000        1.000
   215:        0.000        0.000        1.000        1.000        0.000
   220:        1.000        1.000        0.000        1.000        0.000
   225:        1.000        0.000        0.000        0.000        0.000
   230:        0.000        0.000        1.000        1.000        0.000
P:
     0:        0.000        0.000        0.000
Q:
     0:        8.000      235.000      226.000
S:
     0:        0.000        4.000        6.000        0.000        0.000
     5:        0.000        6.000        4.000        6.000        6.000
    10:        4.000        4.000        0.000        0.000        4.000
    15:        0.000        0.000        0.000        0.000        6.000
    20:        6.000        4.000        6.000        4.000        6.000
    25:        4.000        4.000        6.000        6.000        4.000
    30:        6.000        4.000        4.000        6.000        3.000
    35:        2.000        2.000        3.000        3.000        2.000
    40:        2.000        3.000        3.000        2.000        2.000
    45:        2.000        3.000        2.000        3.000        3.000
    50:        2.000        3.000        2.000        0.000        2.000
    55:        2.000        3.000        3.000        2.000        3.000
    60:        2.000        3.000        2.000        3.000        2.000
    65:        3.000        2.000        2.000        0.000        0.000
    70:        0.000        0.000        3.000        3.000        2.000
    75:        2.000        3.000        3.000        3.000        2.000
    80:        3.000        2.000        3.000        2.000        2.000
    85:        3.000        2.000        3.000        2.000        0.000
    90:        0.000        0.000        0.000        0.000        3.000
    95:        2.000        3.000        3.000        2.000        3.000
   100:        2.000        3.000        2.000        3.000        3.000
   105:        2.000        2.000        2.000        2.000        3.000
   110:        3.000        3.000        2.000        3.000        2.000
   115:        3.000        2.000        3.000        2.000        3.000
   120:        2.000        2.000        3.000        3.000        2.000
   125:        3.000        2.000        2.000        0.000        0.000
   130:        0.000        0.000        0.000        0.000        0.000
   135:        0.000        3.000        2.000        3.000        3.000
   140:        2.000        3.000        2.000        2.000        3.000
   145:        3.000        2.000        3.000        0.000        2.000
   150:        2.000        3.000        2.000        3.000        2.000
   155:        3.000        0.000        3.000        3.000        2.000
   160:        2.000        2.000        0.000        0.000        0.000
   165:        3.000        0.000        2.000        3.000        2.000
   170:        3.000        3.000        2.000        3.000        0.000
   175:        0.000        0.000        0.000        0.000        0.000
   180:        0.000        2.000        0.000        0.000        0.000
   185:        0.000        0.000        3.000        2.000        0.000
   190:        3.000        3.000        2.000        2.000        3.000
   195:        2.000        2.000        3.000        2.000        3.000
   200:        2.000        3.000        2.000        2.000        0.000
   205:        3.000        3.000        2.000        2.000        3.000
   210:        3.000        3.000        2.000        3.000        2.000
   215:        3.000        3.000        2.000        2.000        3.000
   220:        2.000        2.000        3.000        2.000        3.000
   225:        2.000        3.000        0.000        0.000        0.000
   230:        3.000        3.000        2.000        2.000        3.000
W:
     0:       91.000       72.000       19.000
