File: C:\MED-PC\Data\2023-08-31_09h18m_Subject 140.txt


Start Date: 08/31/23
End Date: 08/31/23
Subject: 140
Experiment: 0
Group: 0
Box: 5
Start Time: 09:18:29
End Time: 10:54:08
MSN: CF_SetShiftingV1-1
I:     206.000
M:       0.000
N:       4.000
R:       1.000
T:    4500.000
V:       6.000
A:
     0:        7.000       13.000        6.000       10.000       14.000
     5:        8.000     4500.000
B:
     0:        3.000        5.000        7.000
C:
     0:        0.000        0.000       33.790       52.870       68.230
     5:       85.250      102.780      120.930      137.380      158.180
    10:      186.110      200.160      215.860      237.320      251.340
    15:      263.970      293.570      313.510      320.560      329.150
    20:      338.940      357.620      374.370      382.630      405.370
    25:      413.890      432.320      440.140      470.610      488.710
    30:      496.230      518.690      535.950      544.140      565.470
    35:      572.020      589.230      613.980      623.510      636.200
    40:      643.470      663.190      679.830      689.120      695.690
    45:      722.570      744.440      752.430      759.010      778.170
    50:      786.580      795.520      813.130      821.340      829.970
    55:      846.540      859.250      867.170      875.650      896.420
    60:      915.780      923.420      940.140      969.520      986.480
    65:     1002.650     1018.720     1036.440     1060.660     1068.280
    70:     1076.740     1093.750     1101.530     1108.610     1116.270
    75:     1125.730     1134.000     1140.950     1157.710     1175.570
    80:     1183.460     1199.820     1208.280     1218.790     1235.150
    85:     1251.540     1259.260     1275.750     1292.430     1299.120
    90:     1307.110     1313.980     1329.870     1348.640     1357.430
    95:     1373.910     1389.820     1397.750     1407.070     1416.040
   100:     1422.660     1450.210        0.000        0.000     1521.290
   105:     1538.720     1555.080     1563.970     1573.370     1580.300
   110:     1588.700     1596.800     1614.760     1631.210     1639.530
   115:     1648.110     1667.210     1684.030     1691.510     1708.400
   120:     1716.460     1723.930     1741.970     1762.070     1768.650
   125:     1784.930     1801.540     1811.860     1819.850     1840.400
   130:     1857.600     1865.130     1873.600     1881.180     1900.180
   135:     1917.770     1935.730     1956.310     1973.050     1980.340
   140:     1988.980     2006.200     2025.050     2032.510     2040.810
   145:     2050.150     2067.610     2074.740     2081.970     2090.700
   150:     2099.250     2117.900     2135.970     2143.700     2161.340
   155:     2178.400     2186.060     2194.560     2211.490     2227.370
   160:     2235.330     2251.330     2260.530     2268.040     2286.460
   165:     2303.710     2321.550     2328.720     2337.370     2353.920
   170:     2361.800     2379.480     2387.140     2405.910     2415.050
   175:     2432.340     2441.570     2448.610     2464.640     2480.650
   180:     2497.890     2506.500     2524.520     2533.590     2553.930
   185:     2573.010     2592.840     2600.100     2608.690     2617.260
   190:     2626.720     2652.260     2658.820     2676.230     2686.930
   195:     2700.020     2717.780        0.000     2773.970     2783.600
   200:     2793.430     2801.280     2811.710     2829.180     2837.540
   205:     2849.710
D:
     0:        0.000        0.000        1.220        0.770        0.940
     5:        0.670        0.830        0.500        0.740        4.180
    10:        0.780        0.520        0.530        0.860        0.540
    15:        0.530        0.520        0.610        0.570        0.650
    20:        0.580        0.720        0.720        0.580        0.730
    25:        0.610        0.510        0.640        0.540        0.510
    30:        0.870        0.590        0.930        0.600        0.650
    35:        0.530        0.760        0.920        0.880        0.550
    40:        1.250        0.720        0.540        1.180        0.550
    45:        0.610        0.680        0.670        0.560        0.840
    50:        0.630        0.710        0.760        0.620        1.070
    55:        0.610        0.740        1.320        0.850        0.850
    60:        0.640        0.580        1.700        0.780        0.610
    65:        1.000        0.800        0.990        0.810        0.670
    70:        0.650        0.760        0.740        0.890        0.620
    75:        0.580        0.750        0.720        0.640        0.950
    80:        0.620        0.520        0.920        0.830        0.790
    85:        0.660        0.740        0.600        0.610        0.670
    90:        1.090        0.700        0.630        0.710        0.800
    95:        0.600        0.570        0.600        1.080        0.770
   100:        0.600        0.730        0.000        0.000        0.930
   105:        0.720        0.510        1.080        0.740        0.600
   110:        1.160        0.780        0.690        0.760        0.680
   115:        0.730        0.790        0.560        0.720        0.910
   120:        0.650        0.880        0.660        0.600        0.560
   125:        0.730        0.750        0.670        0.980        0.890
   130:        0.730        0.810        0.690        0.940        0.700
   135:        0.780        0.790        0.640        0.630        0.710
   140:        0.640        0.600        0.540        0.590        0.760
   145:        0.830        0.680        1.110        0.910        0.800
   150:        0.850        1.600        0.640        0.680        0.800
   155:        0.850        0.690        0.660        0.660        0.860
   160:        0.760        0.650        1.010        0.660        0.620
   165:        0.570        1.210        0.810        0.770        0.660
   170:        0.630        1.130        0.860        0.660        0.670
   175:        0.740        0.830        1.020        0.760        0.680
   180:        0.580        0.710        0.920        0.580        0.570
   185:        0.660        0.830        0.630        1.470        1.110
   190:        0.740        0.730        0.530        0.710        0.920
   195:        0.880        0.600        0.000        1.050        0.670
   200:        0.820        0.820        0.650        0.830        0.690
   205:        0.780
E:
     0:        0.000        0.000       32.570       52.100       67.290
     5:       84.580      101.950      120.430      136.640      154.000
    10:      185.330      199.640      215.330      236.460      250.800
    15:      263.440      293.050      312.900      319.990      328.500
    20:      338.360      356.900      373.650      382.050      404.640
    25:      413.280      431.810      439.500      470.070      488.200
    30:      495.360      518.100      535.020      543.540      564.820
    35:      571.490      588.470      613.060      622.630      635.650
    40:      642.220      662.470      679.290      687.940      695.140
    45:      721.960      743.760      751.760      758.450      777.330
    50:      785.950      794.810      812.370      820.720      828.900
    55:      845.930      858.510      865.850      874.800      895.570
    60:      915.140      922.840      938.440      968.740      985.870
    65:     1001.650     1017.920     1035.450     1059.850     1067.610
    70:     1076.090     1092.990     1100.790     1107.720     1115.650
    75:     1125.150     1133.250     1140.230     1157.070     1174.620
    80:     1182.840     1199.300     1207.360     1217.960     1234.360
    85:     1250.880     1258.520     1275.150     1291.820     1298.450
    90:     1306.020     1313.280     1329.240     1347.930     1356.630
    95:     1373.310     1389.250     1397.150     1405.990     1415.270
   100:     1422.060     1449.480        0.000        0.000     1520.360
   105:     1538.000     1554.570     1562.890     1572.630     1579.700
   110:     1587.540     1596.020     1614.070     1630.450     1638.850
   115:     1647.380     1666.420     1683.470     1690.790     1707.490
   120:     1715.810     1723.050     1741.310     1761.470     1768.090
   125:     1784.200     1800.790     1811.190     1818.870     1839.510
   130:     1856.870     1864.320     1872.910     1880.240     1899.480
   135:     1916.990     1934.940     1955.670     1972.420     1979.630
   140:     1988.340     2005.600     2024.510     2031.920     2040.050
   145:     2049.320     2066.930     2073.630     2081.060     2089.900
   150:     2098.400     2116.300     2135.330     2143.020     2160.540
   155:     2177.550     2185.370     2193.900     2210.830     2226.510
   160:     2234.570     2250.680     2259.520     2267.380     2285.840
   165:     2303.140     2320.340     2327.910     2336.600     2353.260
   170:     2361.170     2378.350     2386.280     2405.250     2414.380
   175:     2431.600     2440.740     2447.590     2463.880     2479.970
   180:     2497.310     2505.790     2523.600     2533.010     2553.360
   185:     2572.350     2592.010     2599.470     2607.220     2616.150
   190:     2625.980     2651.530     2658.290     2675.520     2686.010
   195:     2699.140     2717.180        0.000     2772.920     2782.930
   200:     2792.610     2800.460     2811.060     2828.350     2836.850
   205:     2848.930
F:
     0:        0.000        0.000        2.000        1.000        3.000
     5:        4.000        1.000        2.000        3.000        4.000
    10:        4.000        3.000        1.000        2.000        2.000
    15:        3.000        1.000        4.000        2.000        4.000
    20:        3.000        1.000        2.000        3.000        4.000
    25:        1.000        2.000        3.000        1.000        4.000
    30:        2.000        3.000        4.000        1.000        2.000
    35:        1.000        3.000        4.000        3.000        4.000
    40:        2.000        1.000        2.000        4.000        1.000
    45:        3.000        2.000        4.000        3.000        1.000
    50:        3.000        2.000        1.000        4.000        1.000
    55:        2.000        4.000        3.000        4.000        3.000
    60:        2.000        1.000        4.000        2.000        3.000
    65:        1.000        1.000        3.000        2.000        4.000
    70:        3.000        1.000        4.000        2.000        2.000
    75:        4.000        3.000        1.000        1.000        4.000
    80:        2.000        3.000        4.000        2.000        1.000
    85:        3.000        1.000        2.000        4.000        3.000
    90:        4.000        1.000        2.000        3.000        2.000
    95:        1.000        4.000        3.000        4.000        3.000
   100:        1.000        2.000        0.000        0.000        1.000
   105:        2.000        3.000        4.000        4.000        3.000
   110:        1.000        2.000        2.000        3.000        4.000
   115:        1.000        2.000        3.000        1.000        4.000
   120:        4.000        2.000        1.000        3.000        2.000
   125:        1.000        3.000        4.000        2.000        1.000
   130:        3.000        4.000        3.000        4.000        1.000
   135:        2.000        2.000        1.000        3.000        4.000
   140:        1.000        2.000        3.000        4.000        3.000
   145:        2.000        4.000        1.000        4.000        2.000
   150:        3.000        1.000        2.000        1.000        3.000
   155:        4.000        4.000        1.000        3.000        2.000
   160:        3.000        2.000        4.000        1.000        1.000
   165:        3.000        4.000        2.000        3.000        4.000
   170:        1.000        2.000        1.000        2.000        3.000
   175:        4.000        2.000        4.000        1.000        3.000
   180:        4.000        1.000        2.000        3.000        3.000
   185:        1.000        4.000        2.000        4.000        1.000
   190:        3.000        2.000        3.000        4.000        1.000
   195:        2.000        1.000        0.000        3.000        2.000
   200:        4.000        1.000        3.000        2.000        4.000
   205:        4.000
G:
     0:      106.000       14.000       92.000
H:
     0:        0.000        0.000        2.000        1.000        1.000
     5:        1.000        2.000        1.000        2.000        2.000
    10:        1.000        2.000        2.000        1.000        1.000
    15:        2.000        2.000        1.000        1.000        1.000
    20:        2.000        2.000        1.000        2.000        1.000
    25:        2.000        1.000        2.000        2.000        1.000
    30:        2.000        2.000        1.000        2.000        1.000
    35:        2.000        2.000        1.000        1.000        1.000
    40:        2.000        2.000        1.000        1.000        2.000
    45:        2.000        1.000        1.000        2.000        1.000
    50:        1.000        2.000        1.000        1.000        4.000
    55:        3.000        3.000        3.000        4.000        4.000
    60:        3.000        4.000        4.000        4.000        4.000
    65:        4.000        4.000        4.000        3.000        3.000
    70:        4.000        3.000        3.000        3.000        3.000
    75:        5.000        5.000        6.000        6.000        5.000
    80:        6.000        5.000        5.000        6.000        6.000
    85:        5.000        6.000        6.000        5.000        5.000
    90:        5.000        6.000        6.000        5.000        6.000
    95:        6.000        5.000        5.000        5.000        5.000
   100:        6.000        6.000        0.000        0.000        6.000
   105:        6.000        5.000        5.000        5.000        5.000
   110:        5.000        6.000        6.000        5.000        7.000
   115:        8.000        8.000        7.000        8.000        7.000
   120:        7.000        8.000        8.000        7.000        8.000
   125:        8.000        7.000        7.000        8.000        8.000
   130:        7.000        7.000        7.000        8.000        8.000
   135:        8.000        8.000        8.000        7.000        7.000
   140:        8.000        8.000        7.000        7.000        7.000
   145:        8.000        7.000        7.000        7.000        9.000
   150:       10.000       10.000        9.000       10.000       10.000
   155:        9.000        9.000       10.000       10.000        9.000
   160:       10.000        9.000        9.000       10.000       10.000
   165:       10.000        9.000        9.000       10.000        9.000
   170:       10.000        9.000       10.000        9.000       10.000
   175:        9.000        9.000       10.000       10.000       10.000
   180:        9.000       10.000        9.000       10.000       10.000
   185:       10.000        9.000        9.000        9.000        9.000
   190:       10.000        9.000       10.000        9.000       11.000
   195:       12.000       12.000        0.000       11.000       11.000
   200:       11.000       11.000       12.000       11.000       11.000
   205:       11.000
J:
     0:        0.000        0.000        0.000        1.000        1.000
     5:        0.000        1.000        0.000        1.000        0.000
    10:        0.000        1.000        1.000        0.000        0.000
    15:        1.000        1.000        0.000        0.000        0.000
    20:        1.000        1.000        0.000        1.000        0.000
    25:        1.000        0.000        1.000        1.000        0.000
    30:        0.000        1.000        0.000        1.000        0.000
    35:        1.000        1.000        0.000        1.000        0.000
    40:        0.000        1.000        0.000        0.000        1.000
    45:        1.000        0.000        0.000        1.000        1.000
    50:        1.000        0.000        1.000        0.000        1.000
    55:        0.000        0.000        1.000        0.000        1.000
    60:        0.000        1.000        0.000        0.000        1.000
    65:        1.000        1.000        1.000        0.000        0.000
    70:        1.000        1.000        0.000        0.000        0.000
    75:        0.000        0.000        2.000        2.000        0.000
    80:        2.000        0.000        0.000        2.000        2.000
    85:        0.000        2.000        2.000        0.000        0.000
    90:        0.000        2.000        2.000        0.000        2.000
    95:        2.000        0.000        0.000        0.000        0.000
   100:        2.000        2.000        0.000        0.000        2.000
   105:        2.000        0.000        0.000        0.000        0.000
   110:        2.000        2.000        2.000        0.000        0.000
   115:        2.000        2.000        0.000        2.000        0.000
   120:        0.000        2.000        2.000        0.000        2.000
   125:        2.000        0.000        0.000        2.000        2.000
   130:        0.000        0.000        0.000        0.000        2.000
   135:        2.000        2.000        2.000        0.000        0.000
   140:        2.000        2.000        0.000        0.000        0.000
   145:        2.000        0.000        2.000        0.000        0.000
   150:        1.000        1.000        0.000        1.000        1.000
   155:        0.000        0.000        1.000        1.000        0.000
   160:        1.000        0.000        0.000        1.000        1.000
   165:        1.000        0.000        0.000        1.000        0.000
   170:        1.000        0.000        1.000        0.000        1.000
   175:        0.000        0.000        0.000        1.000        1.000
   180:        0.000        1.000        0.000        1.000        1.000
   185:        1.000        0.000        0.000        0.000        1.000
   190:        1.000        0.000        1.000        0.000        1.000
   195:        0.000        1.000        0.000        1.000        0.000
   200:        0.000        1.000        1.000        0.000        0.000
   205:        0.000
K:
     0:        0.000        0.000        1.000        2.000        2.000
     5:        2.000        1.000        2.000        1.000        1.000
    10:        2.000        1.000        1.000        2.000        2.000
    15:        1.000        1.000        2.000        2.000        2.000
    20:        1.000        1.000        2.000        1.000        2.000
    25:        1.000        2.000        1.000        1.000        2.000
    30:        1.000        1.000        2.000        1.000        2.000
    35:        1.000        1.000        2.000        2.000        2.000
    40:        1.000        1.000        2.000        2.000        1.000
    45:        1.000        2.000        2.000        1.000        2.000
    50:        2.000        1.000        2.000        2.000        1.000
    55:        2.000        2.000        2.000        1.000        1.000
    60:        2.000        1.000        1.000        1.000        1.000
    65:        1.000        1.000        1.000        2.000        2.000
    70:        1.000        2.000        2.000        2.000        2.000
    75:        2.000        2.000        1.000        1.000        2.000
    80:        1.000        2.000        2.000        1.000        1.000
    85:        2.000        1.000        1.000        2.000        2.000
    90:        2.000        1.000        1.000        2.000        1.000
    95:        1.000        2.000        2.000        2.000        2.000
   100:        1.000        1.000        0.000        0.000        1.000
   105:        1.000        2.000        2.000        2.000        2.000
   110:        2.000        1.000        1.000        2.000        2.000
   115:        1.000        1.000        2.000        1.000        2.000
   120:        2.000        1.000        1.000        2.000        1.000
   125:        1.000        2.000        2.000        1.000        1.000
   130:        2.000        2.000        2.000        1.000        1.000
   135:        1.000        1.000        1.000        2.000        2.000
   140:        1.000        1.000        2.000        2.000        2.000
   145:        1.000        2.000        2.000        2.000        2.000
   150:        1.000        1.000        2.000        1.000        1.000
   155:        2.000        2.000        1.000        1.000        2.000
   160:        1.000        2.000        2.000        1.000        1.000
   165:        1.000        2.000        2.000        1.000        2.000
   170:        1.000        2.000        1.000        2.000        1.000
   175:        2.000        2.000        1.000        1.000        1.000
   180:        2.000        1.000        2.000        1.000        1.000
   185:        1.000        2.000        2.000        2.000        2.000
   190:        1.000        2.000        1.000        2.000        2.000
   195:        1.000        1.000        0.000        2.000        2.000
   200:        2.000        2.000        1.000        2.000        2.000
   205:        2.000
L:
     0:        0.000        0.000        5.000        5.000        4.000
     5:        4.000        5.000        5.000        4.000        4.000
    10:        4.000        4.000        5.000        5.000        5.000
    15:        4.000        5.000        4.000        5.000        4.000
    20:        4.000        5.000        5.000        4.000        4.000
    25:        5.000        5.000        4.000        5.000        4.000
    30:        5.000        4.000        4.000        5.000        5.000
    35:        5.000        4.000        4.000        4.000        4.000
    40:        5.000        5.000        5.000        4.000        5.000
    45:        4.000        5.000        4.000        4.000        5.000
    50:        4.000        5.000        5.000        4.000        3.000
    55:        3.000        6.000        6.000        6.000        6.000
    60:        3.000        3.000        6.000        3.000        6.000
    65:        3.000        3.000        6.000        3.000        6.000
    70:        6.000        3.000        6.000        3.000        3.000
    75:        2.000        2.000        1.000        1.000        2.000
    80:        1.000        2.000        2.000        1.000        1.000
    85:        2.000        1.000        1.000        2.000        2.000
    90:        2.000        1.000        1.000        2.000        1.000
    95:        1.000        2.000        2.000        2.000        2.000
   100:        1.000        1.000        0.000        0.000        1.000
   105:        1.000        2.000        2.000        2.000        2.000
   110:        1.000        1.000        1.000        2.000        4.000
   115:        5.000        5.000        4.000        5.000        4.000
   120:        4.000        5.000        5.000        4.000        5.000
   125:        5.000        4.000        4.000        5.000        5.000
   130:        4.000        4.000        4.000        4.000        5.000
   135:        5.000        5.000        5.000        4.000        4.000
   140:        5.000        5.000        4.000        4.000        4.000
   145:        5.000        4.000        5.000        4.000        1.000
   150:        2.000        1.000        1.000        1.000        2.000
   155:        2.000        2.000        1.000        2.000        1.000
   160:        2.000        1.000        2.000        1.000        1.000
   165:        2.000        2.000        1.000        2.000        2.000
   170:        1.000        1.000        1.000        1.000        2.000
   175:        2.000        1.000        2.000        1.000        2.000
   180:        2.000        1.000        1.000        2.000        2.000
   185:        1.000        2.000        1.000        2.000        1.000
   190:        2.000        1.000        2.000        2.000        3.000
   195:        3.000        3.000        0.000        6.000        3.000
   200:        6.000        3.000        6.000        3.000        6.000
   205:        6.000
O:
     0:        0.000        0.000        1.000        0.000        0.000
     5:        1.000        0.000        1.000        0.000        1.000
    10:        1.000        0.000        0.000        1.000        1.000
    15:        0.000        0.000        1.000        1.000        1.000
    20:        0.000        0.000        1.000        0.000        1.000
    25:        0.000        1.000        0.000        0.000        1.000
    30:        1.000        0.000        1.000        0.000        1.000
    35:        0.000        0.000        1.000        0.000        1.000
    40:        1.000        0.000        1.000        1.000        0.000
    45:        0.000        1.000        1.000        0.000        0.000
    50:        0.000        1.000        0.000        1.000        0.000
    55:        1.000        1.000        0.000        1.000        0.000
    60:        1.000        0.000        1.000        1.000        0.000
    65:        0.000        0.000        0.000        1.000        1.000
    70:        0.000        0.000        1.000        1.000        1.000
    75:        2.000        2.000        0.000        0.000        2.000
    80:        0.000        2.000        2.000        0.000        0.000
    85:        2.000        0.000        0.000        2.000        2.000
    90:        2.000        0.000        0.000        2.000        0.000
    95:        0.000        2.000        2.000        2.000        2.000
   100:        0.000        0.000        0.000        0.000        0.000
   105:        0.000        2.000        2.000        2.000        2.000
   110:        0.000        0.000        0.000        2.000        2.000
   115:        0.000        0.000        2.000        0.000        2.000
   120:        2.000        0.000        0.000        2.000        0.000
   125:        0.000        2.000        2.000        0.000        0.000
   130:        2.000        2.000        2.000        2.000        0.000
   135:        0.000        0.000        0.000        2.000        2.000
   140:        0.000        0.000        2.000        2.000        2.000
   145:        0.000        2.000        0.000        2.000        1.000
   150:        0.000        0.000        1.000        0.000        0.000
   155:        1.000        1.000        0.000        0.000        1.000
   160:        0.000        1.000        1.000        0.000        0.000
   165:        0.000        1.000        1.000        0.000        1.000
   170:        0.000        1.000        0.000        1.000        0.000
   175:        1.000        1.000        1.000        0.000        0.000
   180:        1.000        0.000        1.000        0.000        0.000
   185:        0.000        1.000        1.000        1.000        0.000
   190:        0.000        1.000        0.000        1.000        0.000
   195:        1.000        0.000        0.000        0.000        1.000
   200:        1.000        0.000        0.000        1.000        1.000
   205:        1.000
P:
     0:        1.000
Q:
     0:       15.000      206.000      198.000
S:
     0:        0.000        0.000        6.000        3.000        3.000
     5:        6.000        3.000        6.000        3.000        6.000
    10:        6.000        3.000        3.000        6.000        6.000
    15:        3.000        3.000        6.000        6.000        6.000
    20:        3.000        3.000        6.000        3.000        6.000
    25:        3.000        6.000        3.000        3.000        6.000
    30:        6.000        3.000        6.000        3.000        6.000
    35:        3.000        3.000        6.000        3.000        6.000
    40:        6.000        3.000        6.000        6.000        3.000
    45:        3.000        6.000        6.000        3.000        3.000
    50:        3.000        6.000        3.000        6.000        1.000
    55:        2.000        2.000        1.000        2.000        1.000
    60:        2.000        1.000        2.000        2.000        1.000
    65:        1.000        1.000        1.000        2.000        2.000
    70:        1.000        1.000        2.000        2.000        2.000
    75:        4.000        5.000        5.000        5.000        4.000
    80:        4.000        5.000        4.000        4.000        5.000
    85:        5.000        5.000        4.000        4.000        5.000
    90:        4.000        5.000        4.000        5.000        4.000
    95:        5.000        4.000        5.000        4.000        5.000
   100:        5.000        4.000        0.000        0.000        5.000
   105:        4.000        5.000        4.000        4.000        5.000
   110:        5.000        4.000        4.000        5.000        6.000
   115:        1.000        6.000        1.000        1.000        6.000
   120:        6.000        6.000        1.000        1.000        6.000
   125:        1.000        1.000        6.000        6.000        1.000
   130:        1.000        6.000        1.000        6.000        1.000
   135:        6.000        6.000        1.000        1.000        6.000
   140:        1.000        6.000        1.000        6.000        1.000
   145:        6.000        6.000        1.000        6.000        2.000
   150:        5.000        5.000        2.000        5.000        5.000
   155:        2.000        2.000        5.000        5.000        2.000
   160:        5.000        2.000        2.000        5.000        5.000
   165:        5.000        2.000        2.000        5.000        2.000
   170:        5.000        2.000        5.000        2.000        5.000
   175:        2.000        2.000        2.000        5.000        5.000
   180:        2.000        5.000        2.000        5.000        5.000
   185:        5.000        2.000        2.000        2.000        5.000
   190:        5.000        2.000        5.000        2.000        3.000
   195:        4.000        3.000        0.000        3.000        4.000
   200:        4.000        3.000        3.000        4.000        4.000
   205:        4.000
U:
     0:        9.000       11.000       13.000
W:
     0:       96.000       85.000       11.000
X:
     0:        4.000        6.000        8.000
Y:
     0:       10.000       12.000       14.000
Z:
     0:        1.000        2.000        3.000        4.000
