File: C:\MED-PC\Data\2023-08-18_08h42m_Subject 14-0.txt


Start Date: 08/18/23
End Date: 08/18/23
Subject: 14-0
Experiment: 0
Group: 0
Box: 5
Start Time: 08:42:16
End Time: 10:19:07
MSN: CF_SetShifting08172023
I:     157.000
M:       1.000
N:       5.000
R:       1.000
T:    5400.000
V:       6.000
A:
     0:        7.000       11.000        8.000       10.000       14.000
     5:        8.000     5400.000
B:
     0:        3.000        5.000        7.000
C:
     0:        0.000        0.000       34.130        0.000       82.020
     5:        0.000        0.000      142.050      164.110      171.800
    10:      185.630      206.140      213.320      233.950      241.270
    15:      260.920      280.670      297.840      305.080      313.090
    20:      321.620      341.610      359.230      367.030      374.050
    25:      383.110      391.710      399.400      417.180      425.490
    30:      432.780      440.530      462.000      480.400      487.400
    35:      504.450      514.810      523.000      530.970      539.720
    40:      562.780      570.190      577.480      584.910      602.160
    45:      618.980      635.220      642.300      658.230      675.680
    50:      682.950      701.470      718.430      726.590      736.410
    55:      743.710      759.820      778.420      794.690      810.840
    60:      820.880      829.400      846.680      854.970      887.210
    65:      896.510      904.060      923.390      940.280      948.400
    70:      966.520      975.480      983.180      999.880     1009.830
    75:     1018.420     1041.500     1057.210     1064.290     1083.070
    80:     1099.570     1107.070     1116.350     1134.140     1150.910
    85:     1168.810     1186.370     1193.390     1204.970     1213.620
    90:     1221.810     1239.540     1256.190     1262.880     1274.780
    95:     1292.640     1300.020     1316.860     1325.110        0.000
   100:     1369.870     1379.420     1386.330     1393.230     1410.980
   105:     1427.420     1437.640     1447.470     1470.330     1487.050
   110:     1504.480     1512.590     1531.740     1538.950     1556.550
   115:     1574.080     1581.820     1599.640     1618.120     1626.720
   120:     1634.920     1653.870     1672.740     1690.830     1700.040
   125:     1708.510     1721.290     1739.730     1754.060     1772.760
   130:     1780.310     1797.890     1808.520     1815.550     1822.980
   135:        0.000     1851.640     1860.820     1879.210     1887.720
   140:     1897.640     1905.110     1930.080     1937.090     1944.890
   145:     1953.430     1963.760     1971.130     1979.250     1986.380
   150:     2005.580     2021.900     2031.730     2055.130     2064.810
   155:     2076.110     2084.620
D:
     0:        0.000        0.000        1.460        0.000        0.990
     5:        0.000        0.000        0.970        0.680        0.870
    10:        1.110        1.010        1.110        0.710        0.670
    15:        0.640        1.010        0.980        0.890        0.670
    20:        0.770        0.630        1.200        0.650        0.800
    25:        0.640        0.640        0.610        1.070        0.590
    30:        0.660        0.680        0.680        0.820        0.840
    35:        0.620        0.690        0.680        0.660        0.900
    40:        0.850        0.740        0.840        1.160        0.740
    45:        0.620        0.650        0.690        0.680        1.040
    50:        0.640        0.690        0.700        0.680        0.710
    55:        0.690        1.090        0.970        0.950        1.010
    60:        0.570        0.610        0.830        0.750        0.840
    65:        0.730        0.880        0.580        0.860        0.640
    70:        1.430        0.810        0.750        0.790        0.560
    75:        0.680        0.600        0.690        0.800        1.170
    80:        0.660        0.680        0.700        1.900        0.760
    85:        1.130        0.840        1.000        0.630        0.630
    90:        0.680        0.970        0.750        0.600        0.690
    95:        0.670        0.670        0.920        0.780        0.000
   100:        0.580        0.680        0.650        0.680        0.790
   105:        0.640        0.700        0.610        0.690        0.830
   110:        0.720        0.700        0.800        0.650        1.130
   115:        1.130        1.010        0.960        0.750        0.630
   120:        0.730        1.920        0.820        0.680        0.880
   125:        0.680        0.690        0.990        1.250        1.310
   130:        0.640        0.740        0.560        0.740        0.610
   135:        0.000        0.690        0.620        1.330        0.540
   140:        0.620        0.620        0.730        0.960        0.800
   145:        0.610        0.660        0.700        1.540        1.060
   150:        0.900        1.250        1.000        1.370        0.620
   155:        0.690        0.610
E:
     0:        0.000        0.000       32.670        0.000       81.030
     5:        0.000        0.000      141.080      163.430      170.930
    10:      184.520      205.130      212.210      233.240      240.600
    15:      260.280      279.660      296.860      304.190      312.420
    20:      320.850      340.980      358.030      366.380      373.250
    25:      382.470      391.070      398.790      416.110      424.900
    30:      432.120      439.850      461.320      479.580      486.560
    35:      503.830      514.120      522.320      530.310      538.820
    40:      561.930      569.450      576.640      583.750      601.420
    45:      618.360      634.570      641.610      657.550      674.640
    50:      682.310      700.780      717.730      725.910      735.700
    55:      743.020      758.730      777.450      793.740      809.830
    60:      820.310      828.790      845.850      854.220      886.370
    65:      895.780      903.180      922.810      939.420      947.760
    70:      965.090      974.670      982.430      999.090     1009.270
    75:     1017.740     1040.900     1056.520     1063.490     1081.900
    80:     1098.910     1106.390     1115.650     1132.240     1150.150
    85:     1167.680     1185.530     1192.390     1204.340     1212.990
    90:     1221.130     1238.570     1255.440     1262.280     1274.090
    95:     1291.970     1299.350     1315.940     1324.330        0.000
   100:     1369.290     1378.740     1385.680     1392.550     1410.190
   105:     1426.780     1436.940     1446.860     1469.640     1486.220
   110:     1503.760     1511.890     1530.940     1538.300     1555.420
   115:     1572.950     1580.810     1598.680     1617.370     1626.090
   120:     1634.190     1651.950     1671.920     1690.150     1699.160
   125:     1707.830     1720.600     1738.740     1752.810     1771.450
   130:     1779.670     1797.150     1807.960     1814.810     1822.370
   135:     1833.420     1850.950     1860.200     1877.880     1887.180
   140:     1897.020     1904.490     1929.350     1936.130     1944.090
   145:     1952.820     1963.100     1970.430     1977.710     1985.320
   150:     2004.680     2020.650     2030.730     2053.760     2064.190
   155:     2075.420     2084.010
F:
     0:        0.000        0.000        3.000        0.000        4.000
     5:        0.000        0.000        1.000        2.000        3.000
    10:        1.000        2.000        4.000        1.000        4.000
    15:        2.000        3.000        4.000        3.000        1.000
    20:        2.000        4.000        2.000        1.000        3.000
    25:        3.000        1.000        2.000        4.000        3.000
    30:        1.000        4.000        2.000        2.000        4.000
    35:        3.000        1.000        3.000        1.000        4.000
    40:        2.000        3.000        1.000        2.000        4.000
    45:        4.000        2.000        1.000        3.000        4.000
    50:        3.000        1.000        2.000        1.000        2.000
    55:        3.000        4.000        2.000        4.000        3.000
    60:        1.000        3.000        1.000        4.000        2.000
    65:        2.000        4.000        1.000        3.000        4.000
    70:        2.000        1.000        3.000        4.000        1.000
    75:        3.000        2.000        3.000        4.000        1.000
    80:        2.000        2.000        3.000        4.000        1.000
    85:        3.000        4.000        2.000        1.000        2.000
    90:        4.000        3.000        1.000        1.000        3.000
    95:        2.000        4.000        4.000        2.000        0.000
   100:        3.000        1.000        1.000        3.000        2.000
   105:        4.000        2.000        4.000        1.000        3.000
   110:        1.000        4.000        2.000        3.000        1.000
   115:        4.000        2.000        3.000        1.000        2.000
   120:        4.000        3.000        3.000        4.000        1.000
   125:        2.000        4.000        1.000        2.000        3.000
   130:        4.000        3.000        2.000        1.000        1.000
   135:        2.000        3.000        4.000        4.000        1.000
   140:        3.000        2.000        2.000        4.000        3.000
   145:        1.000        3.000        1.000        4.000        2.000
   150:        1.000        2.000        4.000        3.000        3.000
   155:        1.000        2.000
G:
     0:       86.000       58.000       28.000
H:
     0:        0.000        0.000        2.000        0.000        1.000
     5:        0.000        0.000        2.000        1.000        1.000
    10:        2.000        1.000        2.000        1.000        2.000
    15:        2.000        2.000        1.000        1.000        1.000
    20:        2.000        2.000        1.000        1.000        1.000
    25:        1.000        1.000        2.000        1.000        3.000
    30:        3.000        4.000        4.000        3.000        4.000
    35:        3.000        3.000        3.000        3.000        4.000
    40:        3.000        3.000        3.000        4.000        4.000
    45:        6.000        5.000        5.000        6.000        5.000
    50:        6.000        6.000        5.000        5.000        5.000
    55:        6.000        6.000        6.000        6.000        5.000
    60:        5.000        6.000        5.000        6.000        5.000
    65:        5.000        6.000        6.000        5.000        6.000
    70:        5.000        5.000        6.000        5.000        5.000
    75:        6.000        6.000        5.000        6.000        6.000
    80:        5.000        5.000        6.000        6.000        6.000
    85:        6.000        5.000        5.000        5.000        5.000
    90:        6.000        6.000        5.000        5.000        6.000
    95:        5.000        6.000        5.000        8.000        0.000
   100:        7.000        7.000        7.000        8.000        8.000
   105:        7.000        7.000        8.000        8.000        8.000
   110:        7.000        8.000        7.000        8.000        8.000
   115:        7.000        8.000        8.000        7.000        7.000
   120:        8.000        8.000        8.000        7.000        7.000
   125:        7.000        8.000        7.000        8.000        7.000
   130:        8.000        7.000        7.000        7.000        7.000
   135:        0.000        7.000        8.000        7.000        7.000
   140:        9.000       10.000        9.000        9.000        9.000
   145:        9.000        9.000        9.000        9.000       12.000
   150:       12.000       11.000       12.000       11.000       11.000
   155:       11.000       12.000
J:
     0:        0.000        0.000        1.000        0.000        0.000
     5:        0.000        0.000        1.000        0.000        1.000
    10:        1.000        0.000        0.000        1.000        0.000
    15:        0.000        1.000        0.000        1.000        1.000
    20:        0.000        0.000        0.000        1.000        1.000
    25:        1.000        1.000        0.000        0.000        1.000
    30:        1.000        0.000        0.000        0.000        0.000
    35:        1.000        1.000        1.000        1.000        0.000
    40:        0.000        1.000        1.000        0.000        0.000
    45:        0.000        2.000        2.000        0.000        0.000
    50:        0.000        2.000        2.000        2.000        2.000
    55:        0.000        0.000        2.000        0.000        0.000
    60:        2.000        0.000        2.000        0.000        2.000
    65:        2.000        0.000        2.000        0.000        0.000
    70:        2.000        2.000        0.000        0.000        2.000
    75:        0.000        2.000        0.000        0.000        2.000
    80:        2.000        2.000        0.000        0.000        2.000
    85:        0.000        0.000        2.000        2.000        2.000
    90:        0.000        0.000        2.000        2.000        0.000
    95:        2.000        0.000        0.000        2.000        0.000
   100:        0.000        2.000        2.000        0.000        2.000
   105:        0.000        2.000        0.000        2.000        0.000
   110:        2.000        0.000        2.000        0.000        2.000
   115:        0.000        2.000        0.000        2.000        2.000
   120:        0.000        0.000        0.000        0.000        2.000
   125:        2.000        0.000        2.000        2.000        0.000
   130:        0.000        0.000        2.000        2.000        2.000
   135:        2.000        0.000        0.000        0.000        2.000
   140:        1.000        0.000        0.000        0.000        1.000
   145:        1.000        1.000        1.000        0.000        0.000
   150:        1.000        0.000        0.000        1.000        1.000
   155:        1.000        0.000
K:
     0:        0.000        0.000        1.000        0.000        2.000
     5:        0.000        0.000        1.000        2.000        2.000
    10:        1.000        2.000        1.000        2.000        1.000
    15:        1.000        1.000        2.000        2.000        2.000
    20:        1.000        1.000        2.000        2.000        2.000
    25:        2.000        2.000        1.000        2.000        2.000
    30:        2.000        1.000        1.000        2.000        1.000
    35:        2.000        2.000        2.000        2.000        1.000
    40:        2.000        2.000        2.000        1.000        1.000
    45:        1.000        2.000        2.000        1.000        2.000
    50:        1.000        1.000        2.000        2.000        2.000
    55:        1.000        1.000        1.000        1.000        2.000
    60:        2.000        1.000        2.000        1.000        2.000
    65:        2.000        1.000        1.000        2.000        1.000
    70:        2.000        2.000        1.000        2.000        2.000
    75:        1.000        1.000        2.000        1.000        1.000
    80:        2.000        2.000        1.000        1.000        1.000
    85:        1.000        2.000        2.000        2.000        2.000
    90:        1.000        1.000        2.000        2.000        1.000
    95:        2.000        1.000        2.000        1.000        0.000
   100:        2.000        2.000        2.000        1.000        1.000
   105:        2.000        2.000        1.000        1.000        1.000
   110:        2.000        1.000        2.000        1.000        1.000
   115:        2.000        1.000        1.000        2.000        2.000
   120:        1.000        1.000        1.000        2.000        2.000
   125:        2.000        1.000        2.000        1.000        2.000
   130:        1.000        2.000        2.000        2.000        2.000
   135:        0.000        2.000        1.000        2.000        2.000
   140:        2.000        1.000        2.000        2.000        2.000
   145:        2.000        2.000        2.000        2.000        1.000
   150:        1.000        2.000        1.000        2.000        2.000
   155:        2.000        1.000
L:
     0:        0.000        0.000        4.000        0.000        4.000
     5:        0.000        0.000        1.000        1.000        4.000
    10:        1.000        1.000        4.000        1.000        4.000
    15:        1.000        4.000        4.000        4.000        1.000
    20:        1.000        4.000        1.000        1.000        4.000
    25:        4.000        1.000        1.000        4.000        2.000
    30:        3.000        2.000        3.000        3.000        2.000
    35:        2.000        3.000        2.000        3.000        2.000
    40:        3.000        2.000        3.000        3.000        2.000
    45:        6.000        5.000        5.000        6.000        6.000
    50:        6.000        5.000        5.000        5.000        5.000
    55:        6.000        6.000        5.000        6.000        6.000
    60:        5.000        6.000        5.000        6.000        5.000
    65:        5.000        6.000        5.000        6.000        6.000
    70:        5.000        5.000        6.000        6.000        5.000
    75:        6.000        5.000        6.000        6.000        5.000
    80:        5.000        5.000        6.000        6.000        5.000
    85:        6.000        6.000        5.000        5.000        5.000
    90:        6.000        6.000        5.000        5.000        6.000
    95:        5.000        6.000        6.000        3.000        0.000
   100:        2.000        3.000        3.000        2.000        3.000
   105:        2.000        3.000        2.000        3.000        2.000
   110:        3.000        2.000        3.000        2.000        3.000
   115:        2.000        3.000        2.000        3.000        3.000
   120:        2.000        2.000        2.000        2.000        3.000
   125:        3.000        2.000        3.000        3.000        2.000
   130:        2.000        2.000        3.000        3.000        3.000
   135:        3.000        2.000        2.000        2.000        3.000
   140:        6.000        1.000        1.000        6.000        6.000
   145:        1.000        6.000        1.000        6.000        5.000
   150:        5.000        5.000        4.000        4.000        4.000
   155:        5.000        5.000
O:
     0:        0.000        0.000        0.000        0.000        1.000
     5:        0.000        0.000        0.000        1.000        0.000
    10:        0.000        1.000        1.000        0.000        1.000
    15:        1.000        0.000        1.000        0.000        0.000
    20:        1.000        1.000        1.000        0.000        0.000
    25:        0.000        0.000        1.000        1.000        0.000
    30:        0.000        1.000        1.000        1.000        1.000
    35:        0.000        0.000        0.000        0.000        1.000
    40:        1.000        0.000        0.000        1.000        1.000
    45:        2.000        0.000        0.000        2.000        2.000
    50:        2.000        0.000        0.000        0.000        0.000
    55:        2.000        2.000        0.000        2.000        2.000
    60:        0.000        2.000        0.000        2.000        0.000
    65:        0.000        2.000        0.000        2.000        2.000
    70:        0.000        0.000        2.000        2.000        0.000
    75:        2.000        0.000        2.000        2.000        0.000
    80:        0.000        0.000        2.000        2.000        0.000
    85:        2.000        2.000        0.000        0.000        0.000
    90:        2.000        2.000        0.000        0.000        2.000
    95:        0.000        2.000        2.000        0.000        0.000
   100:        2.000        0.000        0.000        2.000        0.000
   105:        2.000        0.000        2.000        0.000        2.000
   110:        0.000        2.000        0.000        2.000        0.000
   115:        2.000        0.000        2.000        0.000        0.000
   120:        2.000        2.000        2.000        2.000        0.000
   125:        0.000        2.000        0.000        0.000        2.000
   130:        2.000        2.000        0.000        0.000        0.000
   135:        0.000        2.000        2.000        2.000        0.000
   140:        0.000        1.000        1.000        1.000        0.000
   145:        0.000        0.000        0.000        1.000        1.000
   150:        0.000        1.000        1.000        0.000        0.000
   155:        0.000        1.000
P:
     0:        1.000
Q:
     0:       14.000      152.000      144.000
S:
     0:        0.000        0.000        1.000        0.000        4.000
     5:        0.000        0.000        1.000        4.000        1.000
    10:        1.000        4.000        4.000        1.000        4.000
    15:        4.000        1.000        4.000        1.000        1.000
    20:        4.000        4.000        4.000        1.000        1.000
    25:        1.000        1.000        4.000        4.000        5.000
    30:        5.000        6.000        6.000        6.000        6.000
    35:        5.000        5.000        5.000        5.000        6.000
    40:        6.000        5.000        5.000        6.000        6.000
    45:        2.000        2.000        3.000        3.000        2.000
    50:        3.000        3.000        2.000        3.000        2.000
    55:        3.000        2.000        2.000        2.000        3.000
    60:        3.000        3.000        3.000        2.000        2.000
    65:        2.000        2.000        3.000        3.000        2.000
    70:        2.000        3.000        3.000        2.000        3.000
    75:        3.000        2.000        3.000        2.000        3.000
    80:        2.000        2.000        3.000        2.000        3.000
    85:        3.000        2.000        2.000        3.000        2.000
    90:        2.000        3.000        3.000        3.000        3.000
    95:        2.000        2.000        2.000        4.000        0.000
   100:        3.000        3.000        3.000        3.000        4.000
   105:        4.000        4.000        4.000        3.000        3.000
   110:        3.000        4.000        4.000        3.000        3.000
   115:        4.000        4.000        3.000        3.000        4.000
   120:        4.000        3.000        3.000        4.000        3.000
   125:        4.000        4.000        3.000        4.000        3.000
   130:        4.000        3.000        4.000        3.000        3.000
   135:        4.000        3.000        4.000        4.000        3.000
   140:        5.000        6.000        6.000        6.000        5.000
   145:        5.000        5.000        5.000        6.000        2.000
   150:        1.000        2.000        2.000        1.000        1.000
   155:        1.000        2.000
U:
     0:        9.000       11.000       13.000
W:
     0:       65.000       17.000       48.000
X:
     0:        4.000        6.000        8.000
Y:
     0:       10.000       12.000       14.000
Z:
     0:        1.000        2.000        3.000        4.000
