File: C:\MED-PC\Data\2023-07-31_09h10m_Subject 141.txt


Start Date: 07/31/23
End Date: 07/31/23
Subject: 141
Experiment: 0
Group: 0
Box: 6
Start Time: 09:10:14
End Time: 10:25:38
MSN: CF_SetShifting
I:     139.000
N:      18.000
R:       2.000
T:    4500.000
U:       0.000
V:       2.000
A:
     0:        4.000       11.000        5.000       14.000
B:
     0:        0.000        0.000        0.000        0.000        0.000
     5:        0.000        0.000        0.000        0.000        0.000
    10:        0.000        0.000        0.000        0.000        0.000
    15:        0.000        0.000        0.000        0.000        0.000
    20:        0.000        0.000        0.000        0.000        0.000
    25:        0.000        0.000        0.000        0.000        0.000
    30:        0.000        0.000        0.000        0.000        0.000
    35:        0.000        0.000        0.000        0.000        0.000
    40:        0.000        0.000        0.000        0.000        0.000
    45:        0.000        0.000        0.000        0.000        0.000
    50:        0.000        0.000        0.000        0.000        0.000
    55:        0.000        0.000        0.000        0.000        0.000
    60:        0.000        0.000        0.000        0.000        0.000
    65:        0.000        0.000        0.000        0.000        0.000
    70:        0.000        0.000        0.000        0.000        0.000
    75:        0.000        0.000        0.000        0.000        0.000
    80:        0.000        0.000        0.000        0.000        0.000
    85:        0.000        0.000        0.000        0.000        0.000
    90:        0.000        0.000        0.000        0.000        0.000
    95:        0.000        0.000        0.000        0.000        0.000
   100:        0.000        0.000        0.000        0.000        0.000
   105:        0.000        0.000        0.000        0.000        0.000
   110:        0.000        0.000        0.000        0.000        0.000
   115:        0.000        0.000        0.000        0.000        0.000
   120:        0.000        0.000        0.000        0.000        0.000
   125:        0.000        0.000        0.000        0.000        0.000
   130:        0.000        0.000        0.000        0.000        0.000
   135:        0.000        0.000        0.000        0.000
C:
     0:        0.000        0.000        0.000        0.000       86.680
     5:      119.530        0.000        0.000        0.000        0.000
    10:        0.000      268.910        0.000      323.780        0.000
    15:      365.900        0.000      419.760      437.910      454.790
    20:      489.350        0.000        0.000      556.780      584.900
    25:      616.620      638.870      657.810      676.440      697.350
    30:      725.880      744.480      753.510      775.250        0.000
    35:      818.790      832.460      854.270      873.050      897.170
    40:      917.510      935.830      954.850      971.520      990.610
    45:     1010.860     1025.270     1037.890     1049.810     1067.990
    50:     1089.650     1099.880     1133.310     1150.550     1159.830
    55:     1172.120     1190.720     1199.720     1218.190     1262.530
    60:     1286.240     1317.160     1328.770     1349.780     1376.610
    65:     1388.200        0.000     1436.400     1456.020     1471.040
    70:        0.000     1507.700     1524.720     1532.260     1545.040
    75:     1567.090     1574.080     1590.340     1605.040     1617.850
    80:     1626.930     1641.650     1649.620     1658.100     1665.170
    85:     1675.980     1690.080     1701.310     1708.460     1724.830
    90:     1735.680     1745.160     1756.550     1764.310     1771.910
    95:     1782.150     1791.430     1798.050     1811.270     1820.100
   100:     1828.670     1836.550     1856.750     1866.490     1874.490
   105:     1883.490     1891.380     1911.420     1925.500     1950.570
   110:     1957.710     1966.160     1974.140     1987.380        0.000
   115:        0.000     2046.560     2054.220     2063.420     2083.840
   120:     2092.440     2103.580     2121.610        0.000        0.000
   125:     2181.360     2193.930     2208.500     2216.120     2225.140
   130:     2239.770     2248.520     2259.810     2270.550        0.000
   135:     2303.990     2320.610     2342.560     2350.440
D:
     0:        0.000        0.000        0.000        0.000        0.690
     5:        1.500        0.000        0.000        0.000        0.000
    10:        0.000        0.780        0.000        0.580        0.000
    15:        0.740        0.000        0.780        0.610        0.800
    20:        7.350        0.000        0.000        0.750        0.630
    25:        0.730        2.830        0.780        0.870        0.940
    30:        1.460        0.980        1.050        0.870        0.000
    35:        2.690        1.080        0.930        0.780        0.740
    40:        0.680        0.770        0.730        1.140        1.220
    45:        2.550        2.350        0.810        1.350        2.740
    50:        2.070        0.820        1.010        0.720        0.760
    55:        0.950        0.760        0.780        2.020        1.060
    60:        2.230        2.330        1.160        2.320        0.720
    65:        0.930        0.000        0.850        0.650        2.930
    70:        0.000        0.800        1.090        0.920        0.740
    75:        0.680        0.610        0.870        1.240        0.830
    80:        0.750        0.850        0.960        0.650        0.750
    85:        1.000        0.630        0.540        0.980        0.720
    90:        1.940        0.830        0.650        0.680        0.910
    95:        0.680        0.780        0.610        4.980        0.870
   100:        0.720        0.790        0.900        0.700        0.670
   105:        0.880        1.130        0.780        0.930        0.650
   110:        0.660        0.560        0.580        0.640        0.000
   115:        0.000        0.700        0.550        0.530        0.950
   120:        0.680        4.020        0.540        0.000        0.000
   125:        0.540        0.530        0.560        0.550        0.540
   130:        2.200        0.550        0.560        0.590        0.000
   135:        0.650        0.640        0.560        0.510
E:
     0:        0.000        0.000        0.000        0.000       85.990
     5:      118.030        0.000        0.000        0.000        0.000
    10:        0.000      268.130        0.000      323.200        0.000
    15:      365.160        0.000      418.980      437.300      453.990
    20:      482.000      512.690        0.000      556.030      584.270
    25:      615.890      636.040      657.030      675.570      696.410
    30:      724.420      743.500      752.460      774.380      797.710
    35:      816.100      831.380      853.340      872.270      896.430
    40:      916.830      935.060      954.120      970.380      989.390
    45:     1008.310     1022.920     1037.080     1048.460     1065.250
    50:     1087.580     1099.060     1132.300     1149.830     1159.070
    55:     1171.170     1189.960     1198.940     1216.170     1261.470
    60:     1284.010     1314.830     1327.610     1347.460     1375.890
    65:     1387.270        0.000     1435.550     1455.370     1468.110
    70:        0.000     1506.900     1523.630     1531.340     1544.300
    75:     1566.410     1573.470     1589.470     1603.800     1617.020
    80:     1626.180     1640.800     1648.660     1657.450     1664.420
    85:     1674.980     1689.450     1700.770     1707.480     1724.110
    90:     1733.740     1744.330     1755.900     1763.630     1771.000
    95:     1781.470     1790.650     1797.440     1806.290     1819.230
   100:     1827.950     1835.760     1855.850     1865.790     1873.820
   105:     1882.610     1890.250     1910.640     1924.570     1949.920
   110:     1957.050     1965.600     1973.560     1986.740        0.000
   115:        0.000     2045.860     2053.670     2062.890     2082.890
   120:     2091.760     2099.560     2121.070     2142.220     2164.750
   125:     2180.820     2193.400     2207.940     2215.570     2224.600
   130:     2237.570     2247.970     2259.250     2269.960        0.000
   135:     2303.340     2319.970     2342.000     2349.930
F:
     0:        0.000        0.000        0.000        0.000        2.000
     5:        3.000        0.000        0.000        0.000        0.000
    10:        0.000        1.000        0.000        4.000        0.000
    15:        4.000        0.000        2.000        1.000        3.000
    20:        3.000        4.000        0.000        1.000        2.000
    25:        1.000        3.000        2.000        4.000        3.000
    30:        2.000        1.000        4.000        4.000        3.000
    35:        2.000        1.000        2.000        3.000        1.000
    40:        4.000        4.000        3.000        2.000        1.000
    45:        2.000        3.000        1.000        4.000        4.000
    50:        2.000        3.000        1.000        4.000        2.000
    55:        3.000        1.000        4.000        3.000        2.000
    60:        4.000        3.000        1.000        2.000        3.000
    65:        4.000        0.000        2.000        1.000        1.000
    70:        0.000        4.000        2.000        3.000        4.000
    75:        1.000        3.000        2.000        4.000        3.000
    80:        1.000        2.000        2.000        1.000        3.000
    85:        4.000        2.000        3.000        1.000        4.000
    90:        4.000        1.000        3.000        2.000        4.000
    95:        3.000        1.000        2.000        4.000        3.000
   100:        1.000        2.000        3.000        4.000        2.000
   105:        1.000        2.000        3.000        1.000        4.000
   110:        2.000        3.000        4.000        1.000        0.000
   115:        0.000        1.000        3.000        4.000        2.000
   120:        1.000        3.000        2.000        4.000        2.000
   125:        4.000        1.000        3.000        3.000        2.000
   130:        4.000        1.000        2.000        4.000        0.000
   135:        3.000        1.000        4.000        2.000
G:
     0:       77.000       12.000       65.000
H:
     0:        0.000        0.000        0.000        0.000        2.000
     5:        2.000        0.000        0.000        0.000        0.000
    10:        0.000        2.000        0.000        2.000        0.000
    15:        2.000        0.000        2.000        2.000        2.000
    20:        2.000        0.000        0.000        2.000        2.000
    25:        2.000        2.000        2.000        2.000        2.000
    30:        2.000        1.000        2.000        2.000        0.000
    35:        1.000        2.000        2.000        2.000        2.000
    40:        2.000        2.000        2.000        2.000        2.000
    45:        1.000        1.000        1.000        2.000        2.000
    50:        1.000        2.000        2.000        1.000        1.000
    55:        2.000        1.000        1.000        1.000        4.000
    60:        4.000        3.000        4.000        4.000        3.000
    65:        3.000        0.000        4.000        3.000        3.000
    70:        0.000        4.000        3.000        3.000        3.000
    75:        3.000        3.000        3.000        3.000        3.000
    80:        3.000        3.000        3.000        3.000        3.000
    85:        3.000        3.000        3.000        4.000        3.000
    90:        3.000        3.000        3.000        3.000        3.000
    95:        3.000        3.000        3.000        3.000        3.000
   100:        3.000        3.000        3.000        3.000        3.000
   105:        3.000        4.000        3.000        3.000        3.000
   110:        3.000        3.000        3.000        3.000        0.000
   115:        0.000        3.000        3.000        3.000        3.000
   120:        3.000        4.000        3.000        0.000        0.000
   125:        3.000        3.000        3.000        3.000        3.000
   130:        3.000        3.000        3.000        3.000        0.000
   135:        3.000        3.000        3.000        0.000
J:
     0:        0.000        0.000        0.000        0.000        1.000
     5:        1.000        0.000        0.000        0.000        0.000
    10:        0.000        1.000        0.000        1.000        0.000
    15:        1.000        0.000        1.000        1.000        1.000
    20:        1.000        1.000        0.000        1.000        1.000
    25:        1.000        1.000        1.000        1.000        1.000
    30:        1.000        1.000        1.000        1.000        1.000
    35:        1.000        1.000        1.000        1.000        1.000
    40:        1.000        1.000        1.000        1.000        1.000
    45:        1.000        1.000        1.000        1.000        1.000
    50:        1.000        1.000        1.000        1.000        1.000
    55:        1.000        1.000        1.000        1.000        1.000
    60:        0.000        0.000        0.000        0.000        0.000
    65:        0.000        0.000        0.000        0.000        0.000
    70:        0.000        0.000        0.000        0.000        0.000
    75:        0.000        0.000        0.000        0.000        0.000
    80:        0.000        0.000        0.000        0.000        0.000
    85:        0.000        0.000        0.000        0.000        0.000
    90:        0.000        0.000        0.000        0.000        0.000
    95:        0.000        0.000        0.000        0.000        0.000
   100:        0.000        0.000        0.000        0.000        0.000
   105:        0.000        0.000        0.000        0.000        0.000
   110:        0.000        0.000        0.000        0.000        0.000
   115:        0.000        0.000        0.000        0.000        0.000
   120:        0.000        0.000        0.000        0.000        0.000
   125:        0.000        0.000        0.000        0.000        0.000
   130:        0.000        0.000        0.000        0.000        0.000
   135:        0.000        0.000        2.000        0.000
K:
     0:        0.000        0.000        0.000        0.000        1.000
     5:        1.000        0.000        0.000        0.000        0.000
    10:        0.000        1.000        0.000        1.000        0.000
    15:        1.000        0.000        1.000        1.000        1.000
    20:        1.000        0.000        0.000        1.000        1.000
    25:        1.000        1.000        1.000        1.000        1.000
    30:        1.000        2.000        1.000        1.000        0.000
    35:        2.000        1.000        1.000        1.000        1.000
    40:        1.000        1.000        1.000        1.000        1.000
    45:        2.000        2.000        2.000        1.000        1.000
    50:        2.000        1.000        1.000        2.000        2.000
    55:        1.000        2.000        2.000        2.000        1.000
    60:        1.000        2.000        1.000        1.000        2.000
    65:        2.000        0.000        1.000        2.000        2.000
    70:        0.000        1.000        2.000        2.000        2.000
    75:        2.000        2.000        2.000        2.000        2.000
    80:        2.000        2.000        2.000        2.000        2.000
    85:        2.000        2.000        2.000        1.000        2.000
    90:        2.000        2.000        2.000        2.000        2.000
    95:        2.000        2.000        2.000        2.000        2.000
   100:        2.000        2.000        2.000        2.000        2.000
   105:        2.000        1.000        2.000        2.000        2.000
   110:        2.000        2.000        2.000        2.000        0.000
   115:        0.000        2.000        2.000        2.000        2.000
   120:        2.000        1.000        2.000        0.000        0.000
   125:        2.000        2.000        2.000        2.000        2.000
   130:        2.000        2.000        2.000        2.000        0.000
   135:        2.000        2.000        2.000        2.000
L:
     0:        0.000        0.000        0.000        0.000        1.000
     5:        4.000        0.000        0.000        0.000        0.000
    10:        0.000        1.000        0.000        4.000        0.000
    15:        4.000        0.000        1.000        1.000        4.000
    20:        4.000        4.000        0.000        1.000        1.000
    25:        1.000        4.000        1.000        4.000        4.000
    30:        1.000        1.000        4.000        4.000        4.000
    35:        1.000        1.000        1.000        4.000        1.000
    40:        4.000        4.000        4.000        1.000        1.000
    45:        1.000        4.000        1.000        4.000        4.000
    50:        1.000        4.000        1.000        4.000        1.000
    55:        4.000        1.000        4.000        4.000        6.000
    60:        5.000        5.000        6.000        6.000        5.000
    65:        5.000        0.000        6.000        6.000        6.000
    70:        0.000        5.000        6.000        5.000        5.000
    75:        6.000        5.000        6.000        5.000        5.000
    80:        6.000        6.000        6.000        6.000        5.000
    85:        5.000        6.000        5.000        6.000        5.000
    90:        5.000        6.000        5.000        6.000        5.000
    95:        5.000        6.000        6.000        5.000        5.000
   100:        6.000        6.000        5.000        5.000        6.000
   105:        6.000        6.000        5.000        6.000        5.000
   110:        6.000        5.000        5.000        6.000        0.000
   115:        0.000        6.000        5.000        5.000        6.000
   120:        6.000        5.000        6.000        5.000        6.000
   125:        5.000        6.000        5.000        5.000        6.000
   130:        5.000        6.000        6.000        5.000        0.000
   135:        5.000        6.000        3.000        2.000
M:
     0:        4.000        0.000        0.000
O:
     0:        0.000        0.000        0.000        0.000        0.000
     5:        0.000        0.000        0.000        0.000        0.000
    10:        0.000        0.000        0.000        0.000        0.000
    15:        0.000        0.000        0.000        0.000        0.000
    20:        0.000        0.000        0.000        0.000        0.000
    25:        0.000        0.000        0.000        0.000        0.000
    30:        0.000        0.000        0.000        0.000        0.000
    35:        0.000        0.000        0.000        0.000        0.000
    40:        0.000        0.000        0.000        0.000        0.000
    45:        0.000        0.000        0.000        0.000        0.000
    50:        0.000        0.000        0.000        0.000        0.000
    55:        0.000        0.000        0.000        0.000        1.000
    60:        1.000        1.000        1.000        1.000        1.000
    65:        1.000        0.000        1.000        1.000        1.000
    70:        0.000        1.000        1.000        1.000        1.000
    75:        1.000        1.000        1.000        1.000        1.000
    80:        1.000        1.000        1.000        1.000        1.000
    85:        1.000        1.000        1.000        1.000        1.000
    90:        1.000        1.000        1.000        1.000        1.000
    95:        1.000        1.000        1.000        1.000        1.000
   100:        1.000        1.000        1.000        1.000        1.000
   105:        1.000        1.000        1.000        1.000        1.000
   110:        1.000        1.000        1.000        1.000        0.000
   115:        0.000        1.000        1.000        1.000        1.000
   120:        1.000        1.000        1.000        1.000        1.000
   125:        1.000        1.000        1.000        1.000        1.000
   130:        1.000        1.000        1.000        1.000        0.000
   135:        1.000        1.000        1.000        2.000
P:
     0:       15.000       78.000       71.000        0.000        0.000
     5:        0.000        0.000        5.000        1.000        0.000
    10:        0.000        0.000        0.000        0.000        1.000
    15:        0.000        0.000        0.000        0.000        0.000
    20:        0.000        0.000        0.000        0.000        0.000
    25:        0.000        0.000        0.000        0.000        0.000
    30:        0.000        0.000        0.000        0.000        0.000
    35:        0.000        0.000        0.000        0.000        0.000
    40:        0.000        0.000        0.000        0.000        0.000
    45:        0.000        0.000        0.000        0.000        0.000
    50:        0.000        0.000        0.000        0.000        0.000
    55:        0.000        0.000        0.000        0.000        0.000
    60:        0.000        0.000        0.000        0.000        0.000
    65:        0.000        0.000        0.000        0.000        0.000
    70:        0.000        0.000        0.000        0.000        0.000
    75:        0.000        0.000        0.000        0.000        0.000
    80:        0.000        0.000        0.000        0.000        0.000
    85:        0.000        0.000        0.000        0.000        0.000
    90:        0.000        0.000        0.000        0.000        0.000
    95:        0.000        0.000        0.000        0.000        0.000
   100:        0.000        0.000        0.000        0.000        0.000
   105:        0.000        0.000        0.000        0.000        0.000
   110:        0.000        0.000        0.000        0.000        0.000
   115:        0.000        0.000        0.000        0.000        0.000
   120:        0.000        0.000        0.000        0.000        0.000
   125:        0.000        0.000        0.000        0.000        0.000
   130:        0.000        0.000        0.000        0.000        0.000
   135:        0.000        0.000        0.000        0.000
Q:
     0:        0.000        2.000        0.000
S:
     0:        0.000        0.000        0.000        0.000        5.000
     5:        1.000        0.000        0.000        0.000        0.000
    10:        0.000        1.000        0.000        5.000        0.000
    15:        5.000        0.000        5.000        1.000        1.000
    20:        1.000        5.000        0.000        1.000        5.000
    25:        1.000        1.000        5.000        5.000        1.000
    30:        5.000        1.000        5.000        5.000        1.000
    35:        5.000        1.000        5.000        1.000        1.000
    40:        5.000        5.000        1.000        5.000        1.000
    45:        5.000        1.000        1.000        5.000        5.000
    50:        5.000        1.000        1.000        5.000        5.000
    55:        1.000        1.000        5.000        1.000        2.000
    60:        2.000        4.000        4.000        2.000        4.000
    65:        2.000        0.000        2.000        4.000        4.000
    70:        0.000        2.000        2.000        4.000        2.000
    75:        4.000        4.000        2.000        2.000        4.000
    80:        4.000        2.000        2.000        4.000        4.000
    85:        2.000        2.000        4.000        4.000        2.000
    90:        2.000        4.000        4.000        2.000        2.000
    95:        4.000        4.000        2.000        2.000        4.000
   100:        4.000        2.000        4.000        2.000        2.000
   105:        4.000        2.000        4.000        4.000        2.000
   110:        2.000        4.000        2.000        4.000        0.000
   115:        0.000        4.000        4.000        2.000        2.000
   120:        4.000        4.000        2.000        2.000        2.000
   125:        2.000        4.000        4.000        4.000        2.000
   130:        2.000        4.000        2.000        2.000        0.000
   135:        4.000        4.000        6.000        6.000
W:
     0:       44.000       35.000        9.000
X:
     0:        3.000        4.000        5.000        6.000        7.000
     5:        8.000
Y:
     0:        9.000       10.000       11.000       12.000       13.000
     5:       14.000
Z:
     0:        1.000        2.000        3.000        4.000
