File: C:\MED-PC\Data\2023-08-22_08h38m_Subject 137.txt


Start Date: 08/22/23
End Date: 08/22/23
Subject: 137
Experiment: 0
Group: 0
Box: 2
Start Time: 08:38:07
End Time: 10:08:38
MSN: CF_SetShifting08172023
I:     146.000
M:       0.000
N:      20.000
R:       1.000
T:    5400.000
V:       6.000
A:
     0:        5.000       11.000        4.000       14.000       14.000
     5:        8.000     5400.000
B:
     0:        3.000        5.000        7.000
C:
     0:        0.000        7.690       55.870       79.930       97.230
     5:      107.250      117.050      125.350      179.370      206.300
    10:      224.030      233.370      243.600      265.990      274.750
    15:      287.780      305.540      325.130      346.630      365.380
    20:      386.010      404.910      419.490      441.490      451.540
    25:      459.690      482.040      490.880      502.360      521.590
    30:      543.260      554.950      572.700      592.070      604.990
    35:      619.820      641.040      651.710      672.460      688.810
    40:      708.560      719.860      732.580      765.450      784.700
    45:      802.370      820.150      835.800      854.010      863.240
    50:      871.220      891.730      908.410      919.820      932.700
    55:      950.040      963.190      979.020     1008.530     1019.480
    60:     1032.800     1049.450     1069.070     1079.180     1093.510
    65:     1101.450     1119.770     1137.390     1155.480     1173.700
    70:     1184.850     1204.640     1218.570     1226.660     1245.610
    75:     1253.030     1263.260     1279.630     1289.930     1309.370
    80:     1319.360     1330.410     1347.590     1370.760     1388.190
    85:     1405.080     1428.430     1442.840     1460.130     1478.360
    90:     1492.380     1503.140     1524.770     1534.380     1546.290
    95:     1568.980     1580.480     1604.570     1622.460     1630.450
   100:     1640.740     1651.730     1663.830     1672.550     1694.780
   105:     1750.540     1759.650     1768.310     1795.620     1812.820
   110:     1827.070     1836.350     1844.640     1856.850     1881.500
   115:     1891.340     1899.190     1908.550     1916.570     1947.180
   120:     1964.980     1983.030     2001.360     2019.440     2031.560
   125:     2039.210     2059.400     2079.890     2092.150     2111.090
   130:     2129.230     2145.890     2163.060     2170.760     2185.710
   135:     2464.770     2474.900     2493.060     2510.250     2528.150
   140:     2535.070     2542.700     2550.230     2564.130     2573.730
   145:     2601.740
D:
     0:        0.000        0.520        7.920        1.020        0.630
     5:        0.690        0.560        1.030        0.680        0.780
    10:        0.640        0.690        2.370        0.710        0.780
    15:        0.820        0.680        0.940        0.740        0.570
    20:        0.760        0.650        0.710        2.630        0.720
    25:        0.730        2.540        0.850        0.670        0.740
    30:        0.640        0.800        0.660        0.670        0.790
    35:        0.760        0.790        0.840        0.750        0.650
    40:        0.730        1.920        0.700        0.720        0.610
    45:        0.670        0.590        0.840        0.700        0.690
    50:        0.800        0.860        0.830        1.190        0.810
    55:        0.710        1.830        0.770        0.720        0.780
    60:        0.720        0.650        0.580        0.680        0.830
    65:        0.740        1.230        0.630        0.630        0.790
    70:        0.750        0.730        0.680        0.550        0.810
    75:        0.750        0.710        0.610        0.650        0.670
    80:        0.780        0.830        0.570        0.780        0.570
    85:        0.560        0.700        0.850        0.700        0.830
    90:        0.640        0.660        0.630        0.820        0.820
    95:        1.400        0.690        0.740        0.660        0.980
   100:        0.770        0.860        0.830        1.060        0.650
   105:        1.040        0.650        0.640        0.730        0.720
   110:        0.560        0.670        0.720        0.700        0.650
   115:        1.070        0.650        0.810        0.780        0.640
   120:        1.410        0.680        0.620        0.690        0.780
   125:        1.630        0.770        0.950        0.720        0.700
   130:        0.560        0.710        0.860        0.710        0.650
   135:        2.470        0.890        2.340        0.600        1.680
   140:        0.770        0.730        0.640        1.230        0.980
   145:        1.010
E:
     0:        0.000        7.170       47.950       78.910       96.600
     5:      106.560      116.490      124.320      178.690      205.520
    10:      223.390      232.680      241.230      265.280      273.970
    15:      286.960      304.860      324.190      345.890      364.810
    20:      385.250      404.260      418.780      438.860      450.820
    25:      458.960      479.500      490.030      501.690      520.850
    30:      542.620      554.150      572.040      591.400      604.200
    35:      619.060      640.250      650.870      671.710      688.160
    40:      707.830      717.940      731.880      764.730      784.090
    45:      801.700      819.560      834.960      853.310      862.550
    50:      870.420      890.870      907.580      918.630      931.890
    55:      949.330      961.360      978.250     1007.810     1018.700
    60:     1032.080     1048.800     1068.490     1078.500     1092.680
    65:     1100.710     1118.540     1136.760     1154.850     1172.910
    70:     1184.100     1203.910     1217.890     1226.110     1244.800
    75:     1252.280     1262.550     1279.020     1289.280     1308.700
    80:     1318.580     1329.580     1347.020     1369.980     1387.620
    85:     1404.520     1427.730     1441.990     1459.430     1477.530
    90:     1491.740     1502.480     1524.140     1533.560     1545.470
    95:     1567.580     1579.790     1603.830     1621.800     1629.470
   100:     1639.970     1650.870     1663.000     1671.490     1694.130
   105:     1749.500     1759.000     1767.670     1794.890     1812.100
   110:     1826.510     1835.680     1843.920     1856.150     1880.850
   115:     1890.270     1898.540     1907.740     1915.790     1946.540
   120:     1963.570     1982.350     2000.740     2018.750     2030.780
   125:     2037.580     2058.630     2078.940     2091.430     2110.390
   130:     2128.670     2145.180     2162.200     2170.050     2185.060
   135:     2462.300     2474.010     2490.720     2509.650     2526.470
   140:     2534.300     2541.970     2549.590     2562.900     2572.750
   145:     2600.730
F:
     0:        0.000        4.000        2.000        1.000        3.000
     5:        2.000        3.000        4.000        1.000        3.000
    10:        1.000        2.000        4.000        4.000        3.000
    15:        1.000        2.000        4.000        3.000        2.000
    20:        1.000        2.000        1.000        3.000        4.000
    25:        3.000        1.000        4.000        2.000        2.000
    30:        3.000        1.000        4.000        1.000        4.000
    35:        2.000        3.000        2.000        1.000        3.000
    40:        4.000        1.000        4.000        2.000        3.000
    45:        4.000        1.000        3.000        2.000        3.000
    50:        4.000        1.000        2.000        3.000        2.000
    55:        4.000        1.000        1.000        4.000        3.000
    60:        2.000        3.000        1.000        2.000        4.000
    65:        4.000        3.000        1.000        2.000        4.000
    70:        2.000        1.000        3.000        3.000        2.000
    75:        4.000        1.000        2.000        1.000        3.000
    80:        4.000        1.000        3.000        2.000        4.000
    85:        4.000        2.000        1.000        3.000        2.000
    90:        3.000        1.000        4.000        3.000        1.000
    95:        4.000        2.000        2.000        1.000        4.000
   100:        3.000        3.000        1.000        2.000        4.000
   105:        2.000        4.000        1.000        3.000        3.000
   110:        4.000        1.000        2.000        4.000        3.000
   115:        2.000        1.000        2.000        1.000        4.000
   120:        3.000        1.000        4.000        3.000        2.000
   125:        3.000        2.000        4.000        1.000        1.000
   130:        2.000        3.000        4.000        3.000        1.000
   135:        4.000        2.000        1.000        4.000        3.000
   140:        2.000        1.000        2.000        4.000        3.000
   145:        2.000
G:
     0:       80.000       37.000       43.000
H:
     0:        0.000        2.000        2.000        2.000        1.000
     5:        1.000        1.000        1.000        2.000        2.000
    10:        1.000        1.000        2.000        3.000        3.000
    15:        4.000        4.000        4.000        4.000        4.000
    20:        4.000        3.000        4.000        3.000        3.000
    25:        3.000        3.000        3.000        4.000        6.000
    30:        5.000        6.000        6.000        5.000        5.000
    35:        6.000        5.000        6.000        6.000        6.000
    40:        5.000        5.000        6.000        6.000        6.000
    45:        6.000        5.000        6.000        5.000        5.000
    50:        6.000        6.000        5.000        5.000        6.000
    55:        5.000        6.000        6.000        5.000        5.000
    60:        6.000        6.000        5.000        5.000        5.000
    65:        6.000        6.000        5.000        6.000        5.000
    70:        6.000        5.000        5.000        6.000        5.000
    75:        5.000        6.000        5.000        6.000        5.000
    80:        5.000        6.000        6.000        6.000        6.000
    85:        6.000        5.000        6.000        6.000        5.000
    90:        5.000        6.000        5.000        5.000        6.000
    95:        5.000        5.000        6.000        7.000        7.000
   100:        7.000        7.000        7.000        8.000        8.000
   105:        7.000        7.000        9.000       10.000        9.000
   110:        9.000        9.000        9.000       10.000        9.000
   115:       11.000       11.000       11.000       11.000       12.000
   120:       12.000       12.000       12.000       11.000       11.000
   125:       11.000       11.000       11.000       12.000       12.000
   130:       12.000       12.000       11.000       11.000       12.000
   135:       11.000       12.000       12.000       12.000       11.000
   140:       11.000       11.000       11.000       11.000       11.000
   145:       11.000
J:
     0:        0.000        0.000        0.000        1.000        1.000
     5:        0.000        1.000        0.000        1.000        1.000
    10:        1.000        0.000        0.000        0.000        1.000
    15:        1.000        0.000        0.000        1.000        0.000
    20:        1.000        0.000        1.000        1.000        0.000
    25:        1.000        1.000        0.000        0.000        2.000
    30:        0.000        2.000        0.000        2.000        0.000
    35:        2.000        0.000        2.000        2.000        0.000
    40:        0.000        2.000        0.000        2.000        0.000
    45:        0.000        2.000        0.000        2.000        0.000
    50:        0.000        2.000        2.000        0.000        2.000
    55:        0.000        2.000        2.000        0.000        0.000
    60:        2.000        0.000        2.000        2.000        0.000
    65:        0.000        0.000        2.000        2.000        0.000
    70:        2.000        2.000        0.000        0.000        2.000
    75:        0.000        2.000        2.000        2.000        0.000
    80:        0.000        2.000        0.000        2.000        0.000
    85:        0.000        2.000        2.000        0.000        2.000
    90:        0.000        2.000        0.000        0.000        2.000
    95:        0.000        2.000        2.000        2.000        0.000
   100:        0.000        0.000        2.000        2.000        0.000
   105:        2.000        0.000        1.000        1.000        1.000
   110:        0.000        1.000        0.000        0.000        1.000
   115:        0.000        1.000        0.000        1.000        0.000
   120:        1.000        1.000        0.000        1.000        0.000
   125:        1.000        0.000        0.000        1.000        1.000
   130:        0.000        1.000        0.000        1.000        1.000
   135:        0.000        0.000        1.000        0.000        1.000
   140:        0.000        1.000        0.000        0.000        1.000
   145:        0.000
K:
     0:        0.000        1.000        1.000        1.000        2.000
     5:        2.000        2.000        2.000        1.000        1.000
    10:        2.000        2.000        1.000        2.000        2.000
    15:        1.000        1.000        1.000        1.000        1.000
    20:        1.000        2.000        1.000        2.000        2.000
    25:        2.000        2.000        2.000        1.000        1.000
    30:        2.000        1.000        1.000        2.000        2.000
    35:        1.000        2.000        1.000        1.000        1.000
    40:        2.000        2.000        1.000        1.000        1.000
    45:        1.000        2.000        1.000        2.000        2.000
    50:        1.000        1.000        2.000        2.000        1.000
    55:        2.000        1.000        1.000        2.000        2.000
    60:        1.000        1.000        2.000        2.000        2.000
    65:        1.000        1.000        2.000        1.000        2.000
    70:        1.000        2.000        2.000        1.000        2.000
    75:        2.000        1.000        2.000        1.000        2.000
    80:        2.000        1.000        1.000        1.000        1.000
    85:        1.000        2.000        1.000        1.000        2.000
    90:        2.000        1.000        2.000        2.000        1.000
    95:        2.000        2.000        1.000        2.000        2.000
   100:        2.000        2.000        2.000        1.000        1.000
   105:        2.000        2.000        2.000        1.000        2.000
   110:        2.000        2.000        2.000        1.000        2.000
   115:        2.000        2.000        2.000        2.000        1.000
   120:        1.000        1.000        1.000        2.000        2.000
   125:        2.000        2.000        2.000        1.000        1.000
   130:        1.000        1.000        2.000        2.000        1.000
   135:        2.000        1.000        1.000        1.000        2.000
   140:        2.000        2.000        2.000        2.000        2.000
   145:        2.000
L:
     0:        0.000        6.000        1.000        1.000        6.000
     5:        1.000        6.000        6.000        1.000        6.000
    10:        1.000        1.000        6.000        4.000        4.000
    15:        5.000        5.000        4.000        4.000        5.000
    20:        5.000        5.000        5.000        4.000        4.000
    25:        4.000        5.000        4.000        5.000        3.000
    30:        2.000        3.000        2.000        3.000        2.000
    35:        3.000        2.000        3.000        3.000        2.000
    40:        2.000        3.000        2.000        3.000        2.000
    45:        2.000        3.000        2.000        3.000        2.000
    50:        2.000        3.000        3.000        2.000        3.000
    55:        2.000        3.000        3.000        2.000        2.000
    60:        3.000        2.000        3.000        3.000        2.000
    65:        2.000        2.000        3.000        3.000        2.000
    70:        3.000        3.000        2.000        2.000        3.000
    75:        2.000        3.000        3.000        3.000        2.000
    80:        2.000        3.000        2.000        3.000        2.000
    85:        2.000        3.000        3.000        2.000        3.000
    90:        2.000        3.000        2.000        2.000        3.000
    95:        2.000        3.000        3.000        3.000        4.000
   100:        4.000        4.000        3.000        3.000        4.000
   105:        3.000        4.000        5.000        2.000        2.000
   110:        2.000        5.000        5.000        2.000        2.000
   115:        1.000        1.000        1.000        1.000        6.000
   120:        6.000        1.000        6.000        6.000        1.000
   125:        6.000        1.000        6.000        1.000        1.000
   130:        1.000        6.000        6.000        6.000        1.000
   135:        6.000        1.000        1.000        6.000        6.000
   140:        1.000        1.000        1.000        6.000        6.000
   145:        1.000
O:
     0:        0.000        1.000        1.000        0.000        0.000
     5:        1.000        0.000        1.000        0.000        0.000
    10:        0.000        1.000        1.000        1.000        0.000
    15:        0.000        1.000        1.000        0.000        1.000
    20:        0.000        1.000        0.000        0.000        1.000
    25:        0.000        0.000        1.000        1.000        0.000
    30:        2.000        0.000        2.000        0.000        2.000
    35:        0.000        2.000        0.000        0.000        2.000
    40:        2.000        0.000        2.000        0.000        2.000
    45:        2.000        0.000        2.000        0.000        2.000
    50:        2.000        0.000        0.000        2.000        0.000
    55:        2.000        0.000        0.000        2.000        2.000
    60:        0.000        2.000        0.000        0.000        2.000
    65:        2.000        2.000        0.000        0.000        2.000
    70:        0.000        0.000        2.000        2.000        0.000
    75:        2.000        0.000        0.000        0.000        2.000
    80:        2.000        0.000        2.000        0.000        2.000
    85:        2.000        0.000        0.000        2.000        0.000
    90:        2.000        0.000        2.000        2.000        0.000
    95:        2.000        0.000        0.000        0.000        2.000
   100:        2.000        2.000        0.000        0.000        2.000
   105:        0.000        2.000        0.000        0.000        0.000
   110:        1.000        0.000        1.000        1.000        0.000
   115:        1.000        0.000        1.000        0.000        1.000
   120:        0.000        0.000        1.000        0.000        1.000
   125:        0.000        1.000        1.000        0.000        0.000
   130:        1.000        0.000        1.000        0.000        0.000
   135:        1.000        1.000        0.000        1.000        0.000
   140:        1.000        0.000        1.000        1.000        0.000
   145:        1.000
P:
     0:        1.000
Q:
     0:       14.000      145.000      137.000
S:
     0:        0.000        2.000        2.000        3.000        3.000
     5:        2.000        3.000        2.000        3.000        3.000
    10:        3.000        2.000        2.000        6.000        1.000
    15:        1.000        6.000        6.000        1.000        6.000
    20:        1.000        6.000        1.000        1.000        6.000
    25:        1.000        1.000        6.000        6.000        4.000
    30:        5.000        5.000        4.000        5.000        4.000
    35:        4.000        5.000        4.000        5.000        5.000
    40:        4.000        5.000        4.000        4.000        5.000
    45:        4.000        5.000        5.000        4.000        5.000
    50:        4.000        5.000        4.000        5.000        4.000
    55:        4.000        5.000        5.000        4.000        5.000
    60:        4.000        5.000        5.000        4.000        4.000
    65:        4.000        5.000        5.000        4.000        4.000
    70:        4.000        5.000        5.000        5.000        4.000
    75:        4.000        5.000        4.000        5.000        5.000
    80:        4.000        5.000        5.000        4.000        4.000
    85:        4.000        4.000        5.000        5.000        4.000
    90:        5.000        5.000        4.000        5.000        5.000
    95:        4.000        4.000        4.000        3.000        6.000
   100:        3.000        3.000        3.000        6.000        6.000
   105:        6.000        6.000        5.000        5.000        5.000
   110:        2.000        5.000        2.000        2.000        5.000
   115:        4.000        1.000        4.000        1.000        4.000
   120:        1.000        1.000        4.000        1.000        4.000
   125:        1.000        4.000        4.000        1.000        1.000
   130:        4.000        1.000        4.000        1.000        1.000
   135:        4.000        4.000        1.000        4.000        1.000
   140:        4.000        1.000        4.000        4.000        1.000
   145:        4.000
U:
     0:        9.000       11.000       13.000
W:
     0:       66.000       37.000       29.000
X:
     0:        4.000        6.000        8.000
Y:
     0:       10.000       12.000       14.000
Z:
     0:        1.000        2.000        3.000        4.000
