File: C:\MED-PC\Data\2023-07-27_09h13m_Subject 141.txt


Start Date: 07/27/23
End Date: 07/27/23
Subject: 141
Experiment: 0
Group: 0
Box: 6
Start Time: 09:13:00
End Time: 10:38:10
MSN: CF_SetShifting
I:      48.000
N:      13.000
R:       2.000
T:    4500.000
U:       0.000
V:       2.000
A:
     0:        6.000       11.000        3.000       13.000
B:
     0:        0.000        0.000        0.000        0.000        0.000
     5:        0.000        0.000        0.000        0.000        0.000
    10:        0.000        0.000        0.000        0.000        0.000
    15:        0.000        0.000        0.000        0.000        0.000
    20:        0.000        0.000        0.000        0.000        0.000
    25:        0.000        0.000        0.000        0.000        0.000
    30:        0.000        0.000        0.000        0.000        0.000
    35:        0.000        0.000        0.000        0.000        0.000
    40:        0.000        0.000        0.000        0.000        0.000
    45:        0.000        0.000        0.000
C:
     0:        0.000        0.000       42.940       51.780        0.000
     5:        0.000        0.000        0.000        0.000        0.000
    10:        0.000        0.000        0.000        0.000        0.000
    15:        0.000      376.460      399.660      420.970      429.420
    20:      439.350      454.220      469.850      498.020      512.430
    25:      526.470        0.000      556.530      575.780      599.820
    30:      607.220      641.340      663.110      682.360      706.360
    35:        0.000      750.470      758.140      778.240      795.560
    40:      802.640      810.190      827.300      834.570      862.080
    45:      869.250      898.270      925.770
D:
     0:        0.000        0.000        0.980        0.910        0.000
     5:        0.000        0.000        0.000        0.000        0.000
    10:        0.000        0.000        0.000        0.000        0.000
    15:        0.000        0.720        0.850        0.570        0.910
    20:        0.660        0.620        0.610        0.560        0.870
    25:        0.650        0.000        1.190        0.740        0.990
    30:        0.730        0.670        0.790        0.930        2.600
    35:        0.000        3.210        0.820        3.570        0.870
    40:        0.650        0.650        0.660        0.800        2.160
    45:        0.990        2.440        1.560
E:
     0:        0.000        0.000       41.960       50.870        0.000
     5:        0.000        0.000        0.000        0.000      207.470
    10:        0.000        0.000        0.000        0.000        0.000
    15:        0.000      375.740      398.810      420.400      428.510
    20:      438.690      453.600      469.240      497.460      511.560
    25:      525.820      536.280      555.340      575.040      598.830
    30:      606.490      640.670      662.320      681.430      703.760
    35:        0.000      747.260      757.320      774.670      794.690
    40:      801.990      809.540      826.640      833.770      859.920
    45:      868.260      895.830      924.210
F:
     0:        0.000        0.000        1.000        4.000        0.000
     5:        0.000        0.000        0.000        0.000        2.000
    10:        0.000        0.000        0.000        0.000        0.000
    15:        0.000        3.000        4.000        3.000        2.000
    20:        1.000        1.000        3.000        4.000        2.000
    25:        4.000        3.000        1.000        1.000        4.000
    30:        2.000        3.000        3.000        4.000        1.000
    35:        0.000        2.000        3.000        1.000        2.000
    40:        4.000        3.000        2.000        1.000        4.000
    45:        4.000        3.000        2.000
G:
     0:       19.000        1.000       18.000
H:
     0:        0.000        0.000        1.000        2.000        0.000
     5:        0.000        0.000        0.000        0.000        0.000
    10:        0.000        0.000        0.000        0.000        0.000
    15:        0.000        1.000        1.000        1.000        1.000
    20:        1.000        1.000        4.000        3.000        3.000
    25:        3.000        0.000        4.000        4.000        3.000
    30:        4.000        4.000        4.000        4.000        4.000
    35:        0.000        3.000        4.000        4.000        3.000
    40:        3.000        4.000        3.000        4.000        3.000
    45:        4.000        4.000        3.000
J:
     0:        0.000        0.000        0.000        0.000        0.000
     5:        0.000        0.000        0.000        0.000        0.000
    10:        0.000        0.000        0.000        0.000        0.000
    15:        0.000        0.000        0.000        0.000        0.000
    20:        0.000        0.000        1.000        0.000        0.000
    25:        0.000        1.000        1.000        1.000        0.000
    30:        0.000        1.000        1.000        0.000        1.000
    35:        0.000        0.000        1.000        1.000        0.000
    40:        0.000        1.000        0.000        1.000        0.000
    45:        0.000        1.000        1.000
K:
     0:        0.000        0.000        2.000        1.000        0.000
     5:        0.000        0.000        0.000        0.000        0.000
    10:        0.000        0.000        0.000        0.000        0.000
    15:        0.000        2.000        2.000        2.000        2.000
    20:        2.000        2.000        1.000        2.000        2.000
    25:        2.000        0.000        1.000        1.000        2.000
    30:        1.000        1.000        1.000        1.000        1.000
    35:        0.000        2.000        1.000        1.000        2.000
    40:        2.000        1.000        2.000        1.000        2.000
    45:        1.000        1.000        2.000
L:
     0:        0.000        0.000        6.000        5.000        0.000
     5:        0.000        0.000        0.000        0.000        6.000
    10:        0.000        0.000        0.000        0.000        0.000
    15:        0.000        5.000        5.000        5.000        6.000
    20:        6.000        6.000        3.000        3.000        2.000
    25:        3.000        3.000        2.000        2.000        3.000
    30:        2.000        3.000        3.000        3.000        2.000
    35:        0.000        2.000        3.000        2.000        2.000
    40:        3.000        3.000        2.000        2.000        3.000
    45:        3.000        3.000        4.000
M:
     0:        2.000        0.000        0.000
O:
     0:        0.000        0.000        1.000        1.000        0.000
     5:        0.000        0.000        0.000        0.000        1.000
    10:        0.000        0.000        0.000        0.000        0.000
    15:        0.000        1.000        1.000        1.000        1.000
    20:        1.000        1.000        1.000        1.000        1.000
    25:        1.000        0.000        0.000        0.000        1.000
    30:        1.000        0.000        0.000        1.000        0.000
    35:        0.000        1.000        0.000        0.000        1.000
    40:        1.000        0.000        1.000        0.000        1.000
    45:        1.000        0.000        2.000
P:
     0:       15.000       25.000       18.000        0.000        0.000
     5:        4.000        2.000        0.000        0.000        0.000
    10:        0.000        0.000        2.000        0.000        0.000
    15:        0.000        0.000        0.000        0.000        0.000
    20:        0.000        0.000        0.000        0.000        0.000
    25:        0.000        0.000        0.000        0.000        0.000
    30:        0.000        0.000        0.000        0.000        0.000
    35:        0.000        0.000        0.000        0.000        0.000
    40:        0.000        0.000        0.000        0.000        0.000
    45:        0.000        0.000        0.000
Q:
     0:        0.000        1.000        0.000
S:
     0:        0.000        0.000        4.000        2.000        0.000
     5:        0.000        0.000        0.000        0.000        2.000
    10:        0.000        0.000        0.000        0.000        0.000
    15:        0.000        4.000        2.000        4.000        2.000
    20:        4.000        4.000        1.000        6.000        6.000
    25:        6.000        1.000        1.000        1.000        6.000
    30:        6.000        1.000        1.000        6.000        1.000
    35:        0.000        6.000        1.000        1.000        6.000
    40:        6.000        1.000        6.000        1.000        6.000
    45:        6.000        1.000        5.000
W:
     0:       17.000       13.000        4.000
X:
     0:        3.000        4.000        5.000        6.000        7.000
     5:        8.000
Y:
     0:        9.000       10.000       11.000       12.000       13.000
     5:       14.000
Z:
     0:        1.000        2.000        3.000        4.000
