File: C:\MED-PC\Data\2023-07-19_09h48m_Subject 138.txt


Start Date: 07/19/23
End Date: 07/19/23
Subject: 138
Experiment: 0
Group: 0
Box: 3
Start Time: 09:48:11
End Time: 11:11:02
MSN: CF-SetShifting07132023
B:       0.000
I:     257.000
N:      42.000
R:       1.000
T:    4500.000
V:       0.000
A:
     0:        5.000       14.000        6.000        9.000
C:
     0:        0.000        0.000        0.000       58.690       83.730
     5:       91.950      107.510      131.870      167.380      180.500
    10:      187.850      207.100        0.000      256.970      264.860
    15:      278.710      298.410      306.780      316.370      333.160
    20:      358.260      377.370      389.120      410.910      421.960
    25:      430.310      462.550      472.690      495.120      504.750
    30:      522.720      539.320      555.260      577.550        0.000
    35:      621.750      654.910      664.120      682.160      691.420
    40:      705.950      730.380      749.710      758.790      769.040
    45:      794.570      807.880      841.970      850.120      867.690
    50:      888.520      897.150      905.350      921.620      945.690
    55:      965.660      975.010      986.220     1005.320     1014.860
    60:     1037.980     1048.210     1062.070     1072.480     1096.450
    65:     1117.740     1131.620     1141.050     1161.090     1181.540
    70:     1199.510     1207.740     1229.810     1237.880     1248.230
    75:     1266.950     1288.810     1297.750     1310.150     1328.230
    80:     1344.220     1353.200     1362.810     1373.290        0.000
    85:        0.000     1445.640     1463.240     1472.510     1490.240
    90:     1499.580     1517.510     1530.490     1539.690     1557.510
    95:     1575.870     1584.250     1600.770     1612.240     1629.790
   100:     1649.780     1666.670     1677.570     1688.070     1708.240
   105:     1718.310     1735.020     1751.880     1763.350     1773.700
   110:     1791.770     1811.640     1820.920     1829.370     1851.640
   115:     1869.090     1892.230     1900.310     1922.570     1930.170
   120:     1940.890     1961.630     1979.420     1988.120     2005.560
   125:     2027.890     2035.960     2047.450     2063.180     2080.030
   130:     2088.830     2097.850     2116.400        0.000        0.000
   135:     2189.090     2197.790     2206.770     2228.540     2238.260
   140:     2249.330     2269.490     2291.530     2299.140     2325.640
   145:     2334.040     2352.240     2361.410     2383.580     2392.140
   150:     2410.780     2418.880     2431.060     2448.630     2473.750
   155:     2483.430     2516.450     2526.630     2538.550     2551.980
   160:     2583.050     2610.430     2628.660     2637.080     2646.870
   165:     2669.410     2687.520     2706.680     2717.750     2726.960
   170:     2736.180     2749.290     2770.320     2794.260     2814.710
   175:     2832.940     2841.370     2851.960     2870.180     2880.240
   180:     2890.970     2917.170     2945.070        0.000        0.000
   185:        0.000     3036.070     3046.050     3067.110        0.000
   190:     3100.240        0.000     3145.390     3154.230     3173.400
   195:     3181.690     3210.320     3220.370     3245.160     3254.850
   200:     3264.300     3282.330     3300.820     3309.230     3321.090
   205:        0.000        0.000        0.000     3424.390     3449.030
   210:        0.000        0.000        0.000        0.000        0.000
   215:     3592.360     3604.930     3633.490        0.000        0.000
   220:        0.000        0.000     3749.330     3760.900        0.000
   225:     3809.920        0.000     3843.830        0.000        0.000
   230:        0.000        0.000        0.000        0.000        0.000
   235:        0.000        0.000        0.000     4115.060     4126.880
   240:     4137.550     4162.220     4179.500     4196.890     4218.530
   245:     4230.360        0.000     4281.230     4298.060     4306.290
   250:        0.000        0.000     4383.700        0.000        0.000
   255:     4450.590        0.000
D:
     0:        0.000        0.000        0.000        1.090        2.060
     5:        1.050        1.730        0.800        0.640        1.690
    10:        0.670        0.670        0.000        1.820        0.720
    15:        1.910        0.750        2.110        2.230        0.900
    20:        1.790        0.630        2.950        2.410        1.540
    25:        1.680        1.730        3.360        1.740        1.570
    30:        2.000        0.660        1.700        0.630        0.000
    35:        0.970        0.810        0.620        1.420        1.380
    40:        0.570        1.540        0.920        1.120        1.590
    45:        1.650        1.870        0.680        1.680        0.680
    50:        0.860        0.770        0.660        0.610        1.350
    55:        1.830        1.730        1.570        0.610        0.680
    60:        0.610        1.660        1.930        1.670        0.730
    65:        0.660        0.850        1.250        0.690        1.020
    70:        0.610        1.680        0.670        1.270        2.140
    75:        0.650        1.690        1.800        0.630        0.780
    80:        0.570        0.730        0.820        1.820        0.000
    85:        0.000        0.940        0.750        1.880        1.050
    90:        1.720        0.850        0.630        0.750        0.690
    95:        0.590        0.740        0.600        0.710        0.570
   100:        1.460        1.010        1.820        1.540        1.510
   105:        1.500        0.640        0.640        1.670        1.580
   110:        0.720        0.600        2.180        2.050        0.630
   115:        1.430        0.580        1.400        1.450        0.680
   120:        1.550        1.580        0.860        0.770        0.680
   125:        0.600        0.600        1.630        0.650        0.620
   130:        0.640        1.600        0.660        0.000        0.000
   135:        1.180        0.710        1.140        0.930        0.620
   140:        1.470        0.590        0.700        0.710        2.640
   145:        0.650        0.900        0.670        0.610        0.670
   150:        1.660        0.640        1.490        0.710        0.630
   155:        0.770        0.670        0.660        0.650        1.590
   160:        2.200        0.810        0.550        0.640        0.710
   165:        0.730        0.650        0.590        0.680        0.690
   170:        0.690        0.830        0.650        0.660        0.560
   175:        0.590        0.590        0.720        0.610        0.600
   180:        0.680        0.600        0.600        0.000        0.000
   185:        0.000        0.750        0.800        2.810        0.000
   190:        0.670        0.000        0.700        2.260        0.640
   195:        0.650        0.560        0.680        0.730        1.460
   200:        1.830        0.640        0.640        0.640        4.100
   205:        0.000        0.000        0.000        0.750        0.720
   210:        0.000        0.000        0.000        0.000        0.000
   215:        0.560        0.660        1.120        0.000        0.000
   220:        0.000        0.000        0.660        0.740        0.000
   225:        1.320        0.000        0.650        0.000        0.000
   230:        0.000        0.000        0.000        0.000        0.000
   235:        0.000        0.000    -4097.720        0.900        0.590
   240:        2.380        0.600        0.730        0.590        0.650
   245:        2.360        0.000        0.660        0.580        0.560
   250:        0.000        0.000        1.490        0.000        0.000
   255:        0.860        0.000
F:
     0:        0.000        0.000        0.000        2.000        3.000
     5:        1.000        4.000        2.000        1.000        3.000
    10:        4.000        4.000        0.000        3.000        1.000
    15:        2.000        1.000        3.000        4.000        2.000
    20:        4.000        1.000        2.000        3.000        3.000
    25:        2.000        1.000        4.000        3.000        2.000
    30:        4.000        1.000        4.000        3.000        0.000
    35:        2.000        1.000        2.000        3.000        1.000
    40:        4.000        4.000        1.000        3.000        2.000
    45:        3.000        4.000        1.000        2.000        4.000
    50:        1.000        3.000        2.000        2.000        4.000
    55:        1.000        3.000        2.000        3.000        4.000
    60:        1.000        3.000        1.000        4.000        2.000
    65:        3.000        1.000        2.000        4.000        4.000
    70:        3.000        2.000        1.000        1.000        2.000
    75:        4.000        3.000        1.000        4.000        2.000
    80:        3.000        3.000        1.000        2.000        0.000
    85:        0.000        4.000        1.000        4.000        3.000
    90:        2.000        1.000        3.000        4.000        2.000
    95:        1.000        2.000        3.000        4.000        4.000
   100:        2.000        3.000        1.000        4.000        1.000
   105:        2.000        3.000        1.000        3.000        2.000
   110:        4.000        1.000        3.000        2.000        4.000
   115:        4.000        1.000        2.000        3.000        1.000
   120:        4.000        2.000        3.000        2.000        4.000
   125:        3.000        1.000        4.000        2.000        1.000
   130:        3.000        4.000        2.000        0.000        0.000
   135:        3.000        1.000        4.000        3.000        1.000
   140:        2.000        4.000        3.000        2.000        1.000
   145:        4.000        3.000        2.000        1.000        4.000
   150:        1.000        3.000        2.000        4.000        3.000
   155:        2.000        1.000        1.000        3.000        2.000
   160:        4.000        2.000        3.000        1.000        4.000
   165:        2.000        4.000        3.000        1.000        3.000
   170:        1.000        2.000        4.000        2.000        4.000
   175:        1.000        3.000        2.000        1.000        3.000
   180:        4.000        2.000        1.000        0.000        0.000
   185:        0.000        3.000        4.000        3.000        0.000
   190:        2.000        0.000        1.000        4.000        1.000
   195:        4.000        3.000        2.000        3.000        1.000
   200:        4.000        2.000        3.000        1.000        4.000
   205:        0.000        0.000        0.000        2.000        4.000
   210:        0.000        0.000        0.000        0.000        0.000
   215:        3.000        2.000        1.000        0.000        0.000
   220:        0.000        0.000        1.000        2.000        0.000
   225:        3.000        0.000        4.000        0.000        0.000
   230:        0.000        0.000        0.000        0.000        0.000
   235:        0.000        0.000        4.000        3.000        1.000
   240:        2.000        4.000        3.000        2.000        1.000
   245:        2.000        0.000        3.000        1.000        4.000
   250:        0.000        0.000        4.000        0.000        0.000
   255:        1.000        0.000
G:
     0:      107.000        0.000      107.000        0.000
H:
     0:        0.000        0.000        0.000        2.000        1.000
     5:        1.000        2.000        2.000        1.000        1.000
    10:        2.000        2.000        0.000        1.000        1.000
    15:        2.000        1.000        1.000        2.000        2.000
    20:        2.000        1.000        2.000        1.000        1.000
    25:        2.000        1.000        2.000        1.000        2.000
    30:        2.000        1.000        2.000        1.000        0.000
    35:        2.000        1.000        2.000        1.000        1.000
    40:        2.000        2.000        1.000        1.000        2.000
    45:        1.000        2.000        1.000        2.000        2.000
    50:        1.000        1.000        2.000        2.000        2.000
    55:        1.000        1.000        2.000        1.000        2.000
    60:        1.000        1.000        1.000        2.000        2.000
    65:        1.000        1.000        2.000        2.000        2.000
    70:        1.000        2.000        1.000        1.000        2.000
    75:        2.000        1.000        1.000        2.000        2.000
    80:        1.000        1.000        1.000        2.000        0.000
    85:        0.000        2.000        1.000        2.000        1.000
    90:        2.000        1.000        1.000        2.000        2.000
    95:        1.000        2.000        1.000        2.000        2.000
   100:        2.000        1.000        1.000        2.000        1.000
   105:        2.000        1.000        1.000        1.000        2.000
   110:        2.000        1.000        1.000        2.000        2.000
   115:        2.000        1.000        2.000        1.000        1.000
   120:        2.000        2.000        1.000        2.000        2.000
   125:        1.000        1.000        2.000        2.000        1.000
   130:        1.000        2.000        2.000        0.000        0.000
   135:        1.000        1.000        2.000        1.000        1.000
   140:        2.000        2.000        1.000        2.000        1.000
   145:        2.000        1.000        2.000        1.000        2.000
   150:        1.000        1.000        2.000        2.000        1.000
   155:        2.000        1.000        1.000        1.000        2.000
   160:        2.000        2.000        1.000        1.000        2.000
   165:        2.000        2.000        1.000        1.000        1.000
   170:        1.000        2.000        2.000        2.000        2.000
   175:        1.000        1.000        2.000        1.000        1.000
   180:        2.000        2.000        1.000        0.000        0.000
   185:        0.000        1.000        2.000        1.000        0.000
   190:        2.000        0.000        1.000        2.000        1.000
   195:        2.000        1.000        2.000        1.000        1.000
   200:        2.000        2.000        1.000        1.000        2.000
   205:        0.000        0.000        0.000        2.000        2.000
   210:        0.000        0.000        0.000        0.000        0.000
   215:        1.000        2.000        1.000        0.000        0.000
   220:        0.000        0.000        1.000        2.000        0.000
   225:        1.000        0.000        2.000        0.000        0.000
   230:        0.000        0.000        0.000        0.000        0.000
   235:        0.000        0.000        0.000        1.000        1.000
   240:        2.000        2.000        1.000        2.000        1.000
   245:        2.000        0.000        1.000        1.000        2.000
   250:        0.000        0.000        2.000        0.000        0.000
   255:        1.000        0.000
J:
     0:        0.000        0.000        0.000        1.000        0.000
     5:        0.000        1.000        1.000        0.000        0.000
    10:        1.000        1.000        0.000        0.000        0.000
    15:        1.000        0.000        0.000        1.000        1.000
    20:        1.000        0.000        1.000        0.000        0.000
    25:        1.000        0.000        1.000        0.000        1.000
    30:        1.000        0.000        1.000        0.000        0.000
    35:        1.000        0.000        1.000        0.000        0.000
    40:        1.000        1.000        0.000        0.000        1.000
    45:        0.000        1.000        0.000        1.000        1.000
    50:        0.000        0.000        1.000        1.000        1.000
    55:        0.000        0.000        1.000        0.000        1.000
    60:        0.000        0.000        0.000        1.000        1.000
    65:        0.000        0.000        1.000        1.000        1.000
    70:        0.000        1.000        0.000        0.000        1.000
    75:        1.000        0.000        0.000        1.000        1.000
    80:        0.000        0.000        0.000        1.000        0.000
    85:        0.000        1.000        0.000        1.000        0.000
    90:        1.000        0.000        0.000        1.000        1.000
    95:        0.000        1.000        0.000        1.000        1.000
   100:        1.000        0.000        0.000        1.000        0.000
   105:        1.000        0.000        0.000        0.000        1.000
   110:        1.000        0.000        0.000        1.000        1.000
   115:        1.000        0.000        1.000        0.000        0.000
   120:        1.000        1.000        0.000        1.000        1.000
   125:        0.000        0.000        1.000        1.000        0.000
   130:        0.000        1.000        1.000        0.000        0.000
   135:        0.000        0.000        1.000        0.000        0.000
   140:        1.000        1.000        0.000        1.000        0.000
   145:        1.000        0.000        1.000        0.000        1.000
   150:        0.000        0.000        1.000        1.000        0.000
   155:        1.000        0.000        0.000        0.000        1.000
   160:        1.000        1.000        0.000        0.000        1.000
   165:        1.000        1.000        0.000        0.000        0.000
   170:        0.000        1.000        1.000        1.000        1.000
   175:        0.000        0.000        1.000        0.000        0.000
   180:        1.000        1.000        0.000        0.000        0.000
   185:        0.000        0.000        1.000        0.000        0.000
   190:        1.000        0.000        0.000        1.000        0.000
   195:        1.000        0.000        1.000        0.000        0.000
   200:        1.000        1.000        0.000        0.000        1.000
   205:        0.000        0.000        0.000        1.000        1.000
   210:        0.000        0.000        0.000        0.000        0.000
   215:        0.000        1.000        0.000        0.000        0.000
   220:        0.000        0.000        0.000        1.000        0.000
   225:        0.000        0.000        1.000        0.000        0.000
   230:        0.000        0.000        0.000        0.000        0.000
   235:        0.000        0.000        1.000        0.000        0.000
   240:        1.000        1.000        0.000        1.000        0.000
   245:        1.000        0.000        0.000        0.000        1.000
   250:        0.000        0.000        1.000        0.000        0.000
   255:        0.000        0.000
K:
     0:        0.000        0.000        0.000        1.000        2.000
     5:        2.000        1.000        1.000        2.000        2.000
    10:        1.000        1.000        0.000        2.000        2.000
    15:        1.000        2.000        2.000        1.000        1.000
    20:        1.000        2.000        1.000        2.000        2.000
    25:        1.000        2.000        1.000        2.000        1.000
    30:        1.000        2.000        1.000        2.000        0.000
    35:        1.000        2.000        1.000        2.000        2.000
    40:        1.000        1.000        2.000        2.000        1.000
    45:        2.000        1.000        2.000        1.000        1.000
    50:        2.000        2.000        1.000        1.000        1.000
    55:        2.000        2.000        1.000        2.000        1.000
    60:        2.000        2.000        2.000        1.000        1.000
    65:        2.000        2.000        1.000        1.000        1.000
    70:        2.000        1.000        2.000        2.000        1.000
    75:        1.000        2.000        2.000        1.000        1.000
    80:        2.000        2.000        2.000        1.000        0.000
    85:        0.000        1.000        2.000        1.000        2.000
    90:        1.000        2.000        2.000        1.000        1.000
    95:        2.000        1.000        2.000        1.000        1.000
   100:        1.000        2.000        2.000        1.000        2.000
   105:        1.000        2.000        2.000        2.000        1.000
   110:        1.000        2.000        2.000        1.000        1.000
   115:        1.000        2.000        1.000        2.000        2.000
   120:        1.000        1.000        2.000        1.000        1.000
   125:        2.000        2.000        1.000        1.000        2.000
   130:        2.000        1.000        1.000        0.000        0.000
   135:        2.000        2.000        1.000        2.000        2.000
   140:        1.000        1.000        2.000        1.000        2.000
   145:        1.000        2.000        1.000        2.000        1.000
   150:        2.000        2.000        1.000        1.000        2.000
   155:        1.000        2.000        2.000        2.000        1.000
   160:        1.000        1.000        2.000        2.000        1.000
   165:        1.000        1.000        2.000        2.000        2.000
   170:        2.000        1.000        1.000        1.000        1.000
   175:        2.000        2.000        1.000        2.000        2.000
   180:        1.000        1.000        2.000        0.000        0.000
   185:        0.000        2.000        1.000        2.000        0.000
   190:        1.000        0.000        2.000        1.000        2.000
   195:        1.000        2.000        1.000        2.000        2.000
   200:        1.000        1.000        2.000        2.000        1.000
   205:        0.000        0.000        0.000        1.000        1.000
   210:        0.000        0.000        0.000        0.000        0.000
   215:        2.000        1.000        2.000        0.000        0.000
   220:        0.000        0.000        2.000        1.000        0.000
   225:        2.000        0.000        1.000        0.000        0.000
   230:        0.000        0.000        0.000        0.000        0.000
   235:        0.000        0.000        0.000        2.000        2.000
   240:        1.000        1.000        2.000        1.000        2.000
   245:        1.000        0.000        2.000        2.000        1.000
   250:        0.000        0.000        1.000        0.000        0.000
   255:        2.000        0.000
L:
     0:        0.000        0.000        0.000        3.000        4.000
     5:        3.000        4.000        3.000        3.000        4.000
    10:        4.000        4.000        0.000        4.000        3.000
    15:        3.000        3.000        4.000        4.000        3.000
    20:        4.000        3.000        3.000        4.000        4.000
    25:        3.000        3.000        4.000        4.000        3.000
    30:        4.000        3.000        4.000        4.000        0.000
    35:        3.000        3.000        3.000        4.000        3.000
    40:        4.000        4.000        3.000        4.000        3.000
    45:        4.000        4.000        3.000        3.000        4.000
    50:        3.000        4.000        3.000        3.000        4.000
    55:        3.000        4.000        3.000        4.000        4.000
    60:        3.000        4.000        3.000        4.000        3.000
    65:        4.000        3.000        3.000        4.000        4.000
    70:        4.000        3.000        3.000        3.000        3.000
    75:        4.000        4.000        3.000        4.000        3.000
    80:        4.000        4.000        3.000        3.000        0.000
    85:        0.000        4.000        3.000        4.000        4.000
    90:        3.000        3.000        4.000        4.000        3.000
    95:        3.000        3.000        4.000        4.000        4.000
   100:        3.000        4.000        3.000        4.000        3.000
   105:        3.000        4.000        3.000        4.000        3.000
   110:        4.000        3.000        4.000        3.000        4.000
   115:        4.000        3.000        3.000        4.000        3.000
   120:        4.000        3.000        4.000        3.000        4.000
   125:        4.000        3.000        4.000        3.000        3.000
   130:        4.000        4.000        3.000        0.000        0.000
   135:        4.000        3.000        4.000        4.000        3.000
   140:        3.000        4.000        4.000        3.000        3.000
   145:        4.000        4.000        3.000        3.000        4.000
   150:        3.000        4.000        3.000        4.000        4.000
   155:        3.000        3.000        3.000        4.000        3.000
   160:        4.000        3.000        4.000        3.000        4.000
   165:        3.000        4.000        4.000        3.000        4.000
   170:        3.000        3.000        4.000        3.000        4.000
   175:        3.000        4.000        3.000        3.000        4.000
   180:        4.000        3.000        3.000        0.000        0.000
   185:        0.000        4.000        4.000        4.000        0.000
   190:        3.000        0.000        3.000        4.000        3.000
   195:        4.000        4.000        3.000        4.000        3.000
   200:        4.000        3.000        4.000        3.000        4.000
   205:        0.000        0.000        0.000        3.000        4.000
   210:        0.000        0.000        0.000        0.000        0.000
   215:        4.000        3.000        3.000        0.000        0.000
   220:        0.000        0.000        3.000        3.000        0.000
   225:        4.000        0.000        4.000        0.000        0.000
   230:        0.000        0.000        0.000        0.000        0.000
   235:        0.000        0.000        4.000        4.000        3.000
   240:        3.000        4.000        4.000        3.000        3.000
   245:        3.000        0.000        4.000        3.000        4.000
   250:        0.000        0.000        4.000        0.000        0.000
   255:        3.000        0.000
M:
     0:        1.000        0.000        0.000        0.000
O:
     0:        0.000        0.000        0.000        0.000        1.000
     5:        1.000        0.000        0.000        1.000        1.000
    10:        0.000        0.000        0.000        1.000        1.000
    15:        0.000        1.000        1.000        0.000        0.000
    20:        0.000        1.000        0.000        1.000        1.000
    25:        0.000        1.000        0.000        1.000        0.000
    30:        0.000        1.000        0.000        1.000        0.000
    35:        0.000        1.000        0.000        1.000        1.000
    40:        0.000        0.000        1.000        1.000        0.000
    45:        1.000        0.000        1.000        0.000        0.000
    50:        1.000        1.000        0.000        0.000        0.000
    55:        1.000        1.000        0.000        1.000        0.000
    60:        1.000        1.000        1.000        0.000        0.000
    65:        1.000        1.000        0.000        0.000        0.000
    70:        1.000        0.000        1.000        1.000        0.000
    75:        0.000        1.000        1.000        0.000        0.000
    80:        1.000        1.000        1.000        0.000        0.000
    85:        0.000        0.000        1.000        0.000        1.000
    90:        0.000        1.000        1.000        0.000        0.000
    95:        1.000        0.000        1.000        0.000        0.000
   100:        0.000        1.000        1.000        0.000        1.000
   105:        0.000        1.000        1.000        1.000        0.000
   110:        0.000        1.000        1.000        0.000        0.000
   115:        0.000        1.000        0.000        1.000        1.000
   120:        0.000        0.000        1.000        0.000        0.000
   125:        1.000        1.000        0.000        0.000        1.000
   130:        1.000        0.000        0.000        0.000        0.000
   135:        1.000        1.000        0.000        1.000        1.000
   140:        0.000        0.000        1.000        0.000        1.000
   145:        0.000        1.000        0.000        1.000        0.000
   150:        1.000        1.000        0.000        0.000        1.000
   155:        0.000        1.000        1.000        1.000        0.000
   160:        0.000        0.000        1.000        1.000        0.000
   165:        0.000        0.000        1.000        1.000        1.000
   170:        1.000        0.000        0.000        0.000        0.000
   175:        1.000        1.000        0.000        1.000        1.000
   180:        0.000        0.000        1.000        0.000        0.000
   185:        0.000        1.000        0.000        1.000        0.000
   190:        0.000        0.000        1.000        0.000        1.000
   195:        0.000        1.000        0.000        1.000        1.000
   200:        0.000        0.000        1.000        1.000        0.000
   205:        0.000        0.000        0.000        0.000        0.000
   210:        0.000        0.000        0.000        0.000        0.000
   215:        1.000        0.000        1.000        0.000        0.000
   220:        0.000        0.000        1.000        0.000        0.000
   225:        1.000        0.000        0.000        0.000        0.000
   230:        0.000        0.000        0.000        0.000        0.000
   235:        0.000        0.000        0.000        1.000        1.000
   240:        0.000        0.000        1.000        0.000        1.000
   245:        0.000        0.000        1.000        1.000        0.000
   250:        0.000        0.000        0.000        0.000        0.000
   255:        1.000        0.000
P:
     0:        0.000        0.000        0.000
Q:
     0:        6.000      257.000      248.000
S:
     0:        0.000        0.000        0.000        1.000        6.000
     5:        6.000        1.000        1.000        6.000        6.000
    10:        1.000        1.000        0.000        6.000        6.000
    15:        1.000        6.000        6.000        1.000        1.000
    20:        1.000        6.000        1.000        6.000        6.000
    25:        1.000        6.000        1.000        6.000        1.000
    30:        1.000        6.000        1.000        6.000        0.000
    35:        1.000        6.000        1.000        6.000        6.000
    40:        1.000        1.000        6.000        6.000        1.000
    45:        6.000        1.000        6.000        1.000        1.000
    50:        6.000        6.000        1.000        1.000        1.000
    55:        6.000        6.000        1.000        6.000        1.000
    60:        6.000        6.000        6.000        1.000        1.000
    65:        6.000        6.000        1.000        1.000        1.000
    70:        6.000        1.000        6.000        6.000        1.000
    75:        1.000        6.000        6.000        1.000        1.000
    80:        6.000        6.000        6.000        1.000        0.000
    85:        0.000        1.000        6.000        1.000        6.000
    90:        1.000        6.000        6.000        1.000        1.000
    95:        6.000        1.000        6.000        1.000        1.000
   100:        1.000        6.000        6.000        1.000        6.000
   105:        1.000        6.000        6.000        6.000        1.000
   110:        1.000        6.000        6.000        1.000        1.000
   115:        1.000        6.000        1.000        6.000        6.000
   120:        1.000        1.000        6.000        1.000        1.000
   125:        6.000        6.000        1.000        1.000        6.000
   130:        6.000        1.000        1.000        0.000        0.000
   135:        6.000        6.000        1.000        6.000        6.000
   140:        1.000        1.000        6.000        1.000        6.000
   145:        1.000        6.000        1.000        6.000        1.000
   150:        6.000        6.000        1.000        1.000        6.000
   155:        1.000        6.000        6.000        6.000        1.000
   160:        1.000        1.000        6.000        6.000        1.000
   165:        1.000        1.000        6.000        6.000        6.000
   170:        6.000        1.000        1.000        1.000        1.000
   175:        6.000        6.000        1.000        6.000        6.000
   180:        1.000        1.000        6.000        0.000        0.000
   185:        0.000        6.000        1.000        6.000        0.000
   190:        1.000        0.000        6.000        1.000        6.000
   195:        1.000        6.000        1.000        6.000        6.000
   200:        1.000        1.000        6.000        6.000        1.000
   205:        0.000        0.000        0.000        1.000        1.000
   210:        0.000        0.000        0.000        0.000        0.000
   215:        6.000        1.000        6.000        0.000        0.000
   220:        0.000        0.000        6.000        1.000        0.000
   225:        6.000        0.000        1.000        0.000        0.000
   230:        0.000        0.000        0.000        0.000        0.000
   235:        0.000        0.000        1.000        6.000        6.000
   240:        1.000        1.000        6.000        1.000        6.000
   245:        1.000        0.000        6.000        6.000        1.000
   250:        0.000        0.000        1.000        0.000        0.000
   255:        6.000        0.000
W:
     0:      106.000      106.000        0.000
