File: C:\MED-PC\Data\2023-08-17_10h47m_Subject 137.txt


Start Date: 08/17/23
End Date: 08/17/23
Subject: 137
Experiment: 0
Group: 0
Box: 2
Start Time: 10:47:17
End Time: 12:02:46
MSN: CF_SetShiftingAfter814
I:     159.000
M:       0.000
N:       2.000
R:       1.000
T:    4500.000
V:       6.000
A:
     0:        5.000       11.000        8.000       14.000       14.000
     5:        8.000     4500.000        0.000
B:
     0:        3.000        5.000        7.000
C:
     0:        0.000       14.490       24.280       33.370        0.000
     5:       76.780       85.620      103.180      110.150      126.840
    10:      135.470      146.770      156.190      173.800      182.250
    15:      200.770      208.840      227.450      234.750      251.360
    20:      271.170      278.570      286.140      293.530      319.160
    25:      327.460      340.840      351.180      358.750      366.320
    30:      383.030      402.070      418.630      426.350      443.640
    35:      451.760      459.990      487.910      516.600      524.500
    40:      532.580      559.670      568.030      583.060      594.220
    45:      613.420      630.040      652.980      667.360      680.760
    50:      698.110      720.580      730.410      746.320      755.230
    55:      765.520      787.820      807.280      814.220      832.020
    60:      841.030      854.710      863.070      879.970      897.540
    65:      904.830      914.450      924.070      940.200      961.510
    70:      978.670      995.990     1015.270     1049.290     1057.170
    75:     1066.940     1083.540     1100.260     1117.030     1134.500
    80:     1155.310     1168.250     1184.590     1201.490     1218.470
    85:     1235.600     1243.430     1264.680     1271.690     1292.550
    90:     1299.260     1308.410     1317.010     1325.590     1339.200
    95:     1356.600     1372.830     1379.880     1396.880     1414.180
   100:     1430.410     1450.320     1464.140     1483.250     1491.910
   105:     1500.110     1517.350     1536.290     1551.290     1560.780
   110:     1569.210     1586.430     1593.230     1601.010     1620.070
   115:     1637.650     1644.570     1656.280     1675.790     1692.700
   120:     1709.560     1716.200     1727.600     1741.210     1751.110
   125:     1765.800     1775.010     1783.980     1791.550     1808.850
   130:     1826.880     1836.720     1856.740     1876.150     1883.600
   135:     1901.200     1918.850     1929.150     1947.660     1954.900
   140:     1966.060     1983.550        0.000     2034.810     2041.690
   145:     2059.340     2078.450     2099.460     2119.320     2136.380
   150:     2143.370     2152.050     2169.760     2186.950     2196.800
   155:     2215.840     2233.700     2247.200     2266.820
D:
     0:        0.000        0.820        1.500        1.620        0.000
     5:        1.070        0.600        0.740        0.860        0.760
    10:        0.540        0.610        0.720        0.850        0.620
    15:        0.920        0.520        0.750        0.510        0.620
    20:        0.570        0.540        1.000        0.630        0.780
    25:        0.580        0.700        0.660        0.720        0.620
    30:        0.640        0.790        0.740        0.870        0.670
    35:        0.780        0.580        0.630        0.620        0.840
    40:        0.580        0.680        0.640        0.910        0.810
    45:        0.790        0.740        0.840        0.610        0.700
    50:        0.800        0.750        0.690        0.640        0.670
    55:        0.610        0.930        0.670        0.920        0.640
    60:        0.600        0.610        0.660        0.590        1.000
    65:        0.720        0.700        0.650        0.860        0.630
    70:        0.600        0.760        1.240        0.700        0.650
    75:        0.610        0.700        0.610        0.650        0.600
    80:        0.900        0.710        1.320        0.640        0.800
    85:        0.630        0.730        0.930        0.990        1.060
    90:        0.690        0.670        0.690        0.770        0.890
    95:        0.570        0.660        0.840        0.620        0.590
   100:        0.690        0.700        0.690        0.700        0.660
   105:        0.620        0.660        0.530        1.020        0.680
   110:        0.640        0.580        0.610        0.600        0.770
   115:        0.700        0.770        0.690        0.600        0.680
   120:        0.670        0.620        0.900        0.580        0.670
   125:        0.710        0.820        0.740        0.640        0.710
   130:        0.750        0.730        0.600        0.660        0.610
   135:        0.690        0.610        0.610        0.580        0.660
   140:        0.680        0.720        0.000        0.740        0.730
   145:        0.610        0.670        0.640        1.000        1.800
   150:        0.670        0.690        0.530        0.640        0.760
   155:        0.630        0.750        0.770        0.670
E:
     0:        0.000       13.670       22.780       31.750        0.000
     5:       75.710       85.020      102.440      109.290      126.080
    10:      134.930      146.160      155.470      172.950      181.630
    15:      199.850      208.320      226.700      234.240      250.740
    20:      270.600      278.030      285.140      292.900      318.380
    25:      326.880      340.140      350.520      358.030      365.700
    30:      382.390      401.280      417.890      425.480      442.970
    35:      450.980      459.410      487.280      515.980      523.660
    40:      532.000      558.990      567.390      582.150      593.410
    45:      612.630      629.300      652.140      666.750      680.060
    50:      697.310      719.830      729.720      745.680      754.560
    55:      764.910      786.890      806.610      813.300      831.380
    60:      840.430      854.100      862.410      879.380      896.540
    65:      904.110      913.750      923.420      939.340      960.880
    70:      978.070      995.230     1014.030     1048.590     1056.520
    75:     1066.330     1082.840     1099.650     1116.380     1133.900
    80:     1154.410     1167.540     1183.270     1200.850     1217.670
    85:     1234.970     1242.700     1263.750     1270.700     1291.490
    90:     1298.570     1307.740     1316.320     1324.820     1338.310
    95:     1356.030     1372.170     1379.040     1396.260     1413.590
   100:     1429.720     1449.620     1463.450     1482.550     1491.250
   105:     1499.490     1516.690     1535.760     1550.270     1560.100
   110:     1568.570     1585.850     1592.620     1600.410     1619.300
   115:     1636.950     1643.800     1655.590     1675.190     1692.020
   120:     1708.890     1715.580     1726.700     1740.630     1750.440
   125:     1765.090     1774.190     1783.240     1790.910     1808.140
   130:     1826.130     1835.990     1856.140     1875.490     1882.990
   135:     1900.510     1918.240     1928.540     1947.080     1954.240
   140:     1965.380     1982.830        0.000     2034.070     2040.960
   145:     2058.730     2077.780     2098.820     2118.320     2134.580
   150:     2142.700     2151.360     2169.230     2186.310     2196.040
   155:     2215.210     2232.950     2246.430     2266.150
F:
     0:        0.000        4.000        2.000        3.000        0.000
     5:        1.000        4.000        1.000        3.000        2.000
    10:        4.000        3.000        2.000        1.000        2.000
    15:        3.000        4.000        1.000        2.000        4.000
    20:        3.000        1.000        2.000        4.000        3.000
    25:        1.000        1.000        3.000        2.000        4.000
    30:        4.000        2.000        3.000        1.000        3.000
    35:        4.000        2.000        1.000        3.000        4.000
    40:        2.000        1.000        1.000        2.000        4.000
    45:        3.000        2.000        4.000        3.000        1.000
    50:        1.000        2.000        4.000        3.000        4.000
    55:        1.000        2.000        3.000        1.000        4.000
    60:        3.000        2.000        1.000        4.000        3.000
    65:        2.000        4.000        2.000        1.000        3.000
    70:        1.000        3.000        4.000        2.000        4.000
    75:        2.000        1.000        3.000        4.000        3.000
    80:        1.000        2.000        1.000        2.000        3.000
    85:        4.000        4.000        2.000        1.000        3.000
    90:        2.000        4.000        1.000        3.000        2.000
    95:        4.000        3.000        1.000        3.000        4.000
   100:        2.000        1.000        1.000        2.000        3.000
   105:        4.000        2.000        3.000        1.000        4.000
   110:        2.000        3.000        4.000        1.000        3.000
   115:        1.000        4.000        2.000        3.000        4.000
   120:        1.000        2.000        3.000        1.000        4.000
   125:        2.000        4.000        1.000        3.000        2.000
   130:        3.000        1.000        4.000        2.000        2.000
   135:        3.000        1.000        4.000        3.000        4.000
   140:        1.000        2.000        0.000        1.000        3.000
   145:        2.000        4.000        4.000        3.000        2.000
   150:        1.000        3.000        4.000        1.000        2.000
   155:        4.000        3.000        1.000        2.000
G:
     0:       85.000       47.000       38.000
H:
     0:        0.000        1.000        1.000        1.000        0.000
     5:        1.000        2.000        1.000        2.000        1.000
    10:        1.000        1.000        2.000        1.000        2.000
    15:        1.000        2.000        1.000        2.000        2.000
    20:        1.000        1.000        1.000        2.000        1.000
    25:        1.000        1.000        1.000        3.000        4.000
    30:        4.000        4.000        3.000        4.000        3.000
    35:        3.000        4.000        4.000        3.000        3.000
    40:        4.000        3.000        3.000        3.000        3.000
    45:        4.000        3.000        3.000        3.000        4.000
    50:        4.000        3.000        4.000        3.000        5.000
    55:        6.000        6.000        5.000        6.000        5.000
    60:        5.000        5.000        6.000        6.000        5.000
    65:        5.000        5.000        5.000        6.000        5.000
    70:        6.000        6.000        6.000        5.000        5.000
    75:        5.000        6.000        6.000        6.000        6.000
    80:        7.000        8.000        8.000        8.000        8.000
    85:        7.000        8.000        7.000        8.000        7.000
    90:        7.000        7.000        7.000        7.000        8.000
    95:        8.000        7.000        8.000        8.000        8.000
   100:        8.000        7.000        8.000        7.000        7.000
   105:        8.000       10.000        9.000        9.000        9.000
   110:       10.000        9.000        9.000        9.000       10.000
   115:        9.000        9.000       10.000       10.000       10.000
   120:        9.000        9.000        9.000        9.000        9.000
   125:        9.000        9.000        9.000       10.000       10.000
   130:        9.000       10.000       12.000       11.000       12.000
   135:       12.000       11.000       12.000       11.000       11.000
   140:       12.000       12.000        0.000       11.000       12.000
   145:       12.000       12.000       12.000       12.000       11.000
   150:       11.000       12.000       12.000       11.000       12.000
   155:       12.000       11.000       12.000       12.000
J:
     0:        0.000        0.000        0.000        1.000        0.000
     5:        1.000        0.000        1.000        1.000        0.000
    10:        0.000        1.000        0.000        1.000        0.000
    15:        1.000        0.000        1.000        0.000        0.000
    20:        1.000        1.000        0.000        0.000        1.000
    25:        1.000        1.000        1.000        0.000        0.000
    30:        0.000        0.000        1.000        1.000        1.000
    35:        0.000        0.000        1.000        1.000        0.000
    40:        0.000        1.000        1.000        0.000        0.000
    45:        1.000        0.000        0.000        1.000        1.000
    50:        1.000        0.000        0.000        1.000        0.000
    55:        2.000        2.000        0.000        2.000        0.000
    60:        0.000        2.000        2.000        0.000        0.000
    65:        2.000        0.000        2.000        2.000        0.000
    70:        2.000        0.000        0.000        2.000        0.000
    75:        2.000        2.000        0.000        0.000        0.000
    80:        2.000        2.000        2.000        2.000        0.000
    85:        0.000        0.000        2.000        2.000        0.000
    90:        2.000        0.000        2.000        0.000        2.000
    95:        0.000        0.000        2.000        0.000        0.000
   100:        2.000        2.000        2.000        2.000        0.000
   105:        0.000        0.000        1.000        1.000        0.000
   110:        0.000        1.000        0.000        1.000        1.000
   115:        1.000        0.000        0.000        1.000        0.000
   120:        1.000        0.000        1.000        1.000        0.000
   125:        0.000        0.000        1.000        1.000        0.000
   130:        1.000        1.000        0.000        0.000        0.000
   135:        1.000        1.000        0.000        1.000        0.000
   140:        1.000        0.000        0.000        1.000        1.000
   145:        0.000        0.000        0.000        1.000        0.000
   150:        1.000        1.000        0.000        1.000        0.000
   155:        0.000        1.000        1.000        0.000
K:
     0:        0.000        2.000        2.000        2.000        0.000
     5:        2.000        1.000        2.000        1.000        2.000
    10:        2.000        2.000        1.000        2.000        1.000
    15:        2.000        1.000        2.000        1.000        1.000
    20:        2.000        2.000        2.000        1.000        2.000
    25:        2.000        2.000        2.000        2.000        1.000
    30:        1.000        1.000        2.000        1.000        2.000
    35:        2.000        1.000        1.000        2.000        2.000
    40:        1.000        2.000        2.000        2.000        2.000
    45:        1.000        2.000        2.000        2.000        1.000
    50:        1.000        2.000        1.000        2.000        2.000
    55:        1.000        1.000        2.000        1.000        2.000
    60:        2.000        2.000        1.000        1.000        2.000
    65:        2.000        2.000        2.000        1.000        2.000
    70:        1.000        1.000        1.000        2.000        2.000
    75:        2.000        1.000        1.000        1.000        1.000
    80:        2.000        1.000        1.000        1.000        1.000
    85:        2.000        1.000        2.000        1.000        2.000
    90:        2.000        2.000        2.000        2.000        1.000
    95:        1.000        2.000        1.000        1.000        1.000
   100:        1.000        2.000        1.000        2.000        2.000
   105:        1.000        1.000        2.000        2.000        2.000
   110:        1.000        2.000        2.000        2.000        1.000
   115:        2.000        2.000        1.000        1.000        1.000
   120:        2.000        2.000        2.000        2.000        2.000
   125:        2.000        2.000        2.000        1.000        1.000
   130:        2.000        1.000        1.000        2.000        1.000
   135:        1.000        2.000        1.000        2.000        2.000
   140:        1.000        1.000        0.000        2.000        1.000
   145:        1.000        1.000        1.000        1.000        2.000
   150:        2.000        1.000        1.000        2.000        1.000
   155:        1.000        2.000        1.000        1.000
L:
     0:        0.000        6.000        5.000        6.000        0.000
     5:        5.000        6.000        5.000        6.000        5.000
    10:        6.000        6.000        5.000        5.000        5.000
    15:        6.000        6.000        5.000        5.000        6.000
    20:        6.000        5.000        5.000        6.000        6.000
    25:        5.000        5.000        6.000        3.000        4.000
    30:        4.000        3.000        4.000        3.000        4.000
    35:        4.000        3.000        3.000        4.000        4.000
    40:        3.000        3.000        3.000        3.000        4.000
    45:        4.000        3.000        4.000        4.000        3.000
    50:        3.000        3.000        4.000        4.000        2.000
    55:        1.000        1.000        2.000        1.000        2.000
    60:        2.000        1.000        1.000        2.000        2.000
    65:        1.000        2.000        1.000        1.000        2.000
    70:        1.000        2.000        2.000        1.000        2.000
    75:        1.000        1.000        2.000        2.000        2.000
    80:        5.000        5.000        5.000        5.000        6.000
    85:        6.000        6.000        5.000        5.000        6.000
    90:        5.000        6.000        5.000        6.000        5.000
    95:        6.000        6.000        5.000        6.000        6.000
   100:        5.000        5.000        5.000        5.000        6.000
   105:        6.000        3.000        4.000        3.000        4.000
   110:        3.000        4.000        4.000        3.000        4.000
   115:        3.000        4.000        3.000        4.000        4.000
   120:        3.000        3.000        4.000        3.000        4.000
   125:        3.000        4.000        3.000        4.000        3.000
   130:        4.000        3.000        2.000        1.000        1.000
   135:        2.000        1.000        2.000        2.000        2.000
   140:        1.000        1.000        0.000        1.000        2.000
   145:        1.000        2.000        2.000        2.000        1.000
   150:        1.000        2.000        2.000        1.000        1.000
   155:        2.000        2.000        1.000        1.000
O:
     0:        0.000        1.000        1.000        0.000        0.000
     5:        0.000        1.000        0.000        0.000        1.000
    10:        1.000        0.000        1.000        0.000        1.000
    15:        0.000        1.000        0.000        1.000        1.000
    20:        0.000        0.000        1.000        1.000        0.000
    25:        0.000        0.000        0.000        1.000        1.000
    30:        1.000        1.000        0.000        0.000        0.000
    35:        1.000        1.000        0.000        0.000        1.000
    40:        1.000        0.000        0.000        1.000        1.000
    45:        0.000        1.000        1.000        0.000        0.000
    50:        0.000        1.000        1.000        0.000        2.000
    55:        0.000        0.000        2.000        0.000        2.000
    60:        2.000        0.000        0.000        2.000        2.000
    65:        0.000        2.000        0.000        0.000        2.000
    70:        0.000        2.000        2.000        0.000        2.000
    75:        0.000        0.000        2.000        2.000        2.000
    80:        0.000        0.000        0.000        0.000        2.000
    85:        2.000        2.000        0.000        0.000        2.000
    90:        0.000        2.000        0.000        2.000        0.000
    95:        2.000        2.000        0.000        2.000        2.000
   100:        0.000        0.000        0.000        0.000        2.000
   105:        2.000        1.000        0.000        0.000        1.000
   110:        1.000        0.000        1.000        0.000        0.000
   115:        0.000        1.000        1.000        0.000        1.000
   120:        0.000        1.000        0.000        0.000        1.000
   125:        1.000        1.000        0.000        0.000        1.000
   130:        0.000        0.000        1.000        1.000        1.000
   135:        0.000        0.000        1.000        0.000        1.000
   140:        0.000        1.000        0.000        0.000        0.000
   145:        1.000        1.000        1.000        0.000        1.000
   150:        0.000        0.000        1.000        0.000        1.000
   155:        1.000        0.000        0.000        1.000
P:
     0:        0.000
Q:
     0:        0.000        1.000        0.000
S:
     0:        0.000        2.000        2.000        3.000        0.000
     5:        3.000        2.000        3.000        3.000        2.000
    10:        2.000        3.000        2.000        3.000        2.000
    15:        3.000        2.000        3.000        2.000        2.000
    20:        3.000        3.000        2.000        2.000        3.000
    25:        3.000        3.000        3.000        4.000        4.000
    30:        4.000        4.000        1.000        1.000        1.000
    35:        4.000        4.000        1.000        1.000        4.000
    40:        4.000        1.000        1.000        4.000        4.000
    45:        1.000        4.000        4.000        1.000        1.000
    50:        1.000        4.000        4.000        1.000        6.000
    55:        5.000        6.000        5.000        5.000        6.000
    60:        5.000        6.000        5.000        6.000        5.000
    65:        6.000        6.000        6.000        5.000        5.000
    70:        5.000        5.000        6.000        6.000        6.000
    75:        6.000        5.000        5.000        6.000        5.000
    80:        1.000        4.000        1.000        4.000        1.000
    85:        4.000        4.000        4.000        1.000        1.000
    90:        4.000        4.000        1.000        1.000        4.000
    95:        4.000        1.000        1.000        1.000        4.000
   100:        4.000        1.000        1.000        4.000        1.000
   105:        4.000        2.000        5.000        5.000        2.000
   110:        2.000        5.000        2.000        5.000        5.000
   115:        5.000        2.000        2.000        5.000        2.000
   120:        5.000        2.000        5.000        5.000        2.000
   125:        2.000        2.000        5.000        5.000        2.000
   130:        5.000        5.000        6.000        6.000        6.000
   135:        3.000        3.000        6.000        3.000        6.000
   140:        3.000        6.000        0.000        3.000        3.000
   145:        6.000        6.000        6.000        3.000        6.000
   150:        3.000        3.000        6.000        3.000        6.000
   155:        6.000        3.000        3.000        6.000
U:
     0:        9.000       11.000       13.000
W:
     0:       72.000       31.000       41.000
X:
     0:        4.000        6.000        8.000
Y:
     0:       10.000       12.000       14.000
Z:
     0:        1.000        2.000        3.000        4.000
