File: C:\MED-PC\Data\2023-08-22_08h38m_Subject 140.txt


Start Date: 08/22/23
End Date: 08/22/23
Subject: 140
Experiment: 0
Group: 0
Box: 5
Start Time: 08:38:15
End Time: 10:08:38
MSN: CF_SetShifting08172023
I:     226.000
M:       1.000
N:      25.000
R:       1.000
T:    5400.000
V:       6.000
A:
     0:        5.000       13.000        6.000       14.000       14.000
     5:        8.000     5400.000
B:
     0:        3.000        5.000        7.000
C:
     0:        0.000        0.000       41.870       53.120       77.980
     5:      113.740      123.340      131.130      145.490      163.930
    10:      172.470      183.890      200.950      208.660      225.510
    15:      255.780      276.320      282.970      289.820      299.200
    20:      321.820      342.440      349.640      357.550      373.570
    25:      381.990      401.300      409.780      428.150      436.120
    30:      443.500      452.490      470.570      487.290      510.240
    35:      518.470      553.230      572.410      579.340      587.790
    40:      595.700      612.510      621.300      628.580      651.970
    45:      669.550      676.350      685.140      694.220      713.890
    50:      722.360      744.480      754.190      771.150      780.550
    55:      800.670      809.940      817.090      824.550      844.130
    60:      865.420      874.730      902.480      912.290      936.160
    65:      958.500      975.890      992.870     1011.210     1020.180
    70:     1036.950     1044.030     1055.510     1062.530     1082.610
    75:     1102.310     1109.310     1119.540     1184.100     1201.320
    80:     1208.300     1215.900     1224.100     1239.780     1260.720
    85:     1278.020     1297.300     1314.700     1332.450     1351.820
    90:     1372.940     1392.700     1402.520     1412.740     1424.010
    95:     1451.220     1461.780     1475.710     1486.250     1493.610
   100:     1504.040     1557.010     1576.240     1593.840     1603.600
   105:     1620.560     1638.430     1647.210     1660.590     1669.930
   110:     1687.740     1705.540     1715.960     1733.530     1753.060
   115:     1778.940     1818.410     1837.030     1852.890     1871.900
   120:     1879.370     1886.400     1898.590     1917.080     1925.360
   125:     1942.880     1960.860     1971.720     1979.230     2001.990
   130:     2034.700     2045.150     2063.930     2073.390     2090.890
   135:     2107.990     2135.090     2145.330     2206.230     2224.550
   140:     2242.960     2256.770     2275.270     2293.790     2314.510
   145:     2332.150     2339.490     2346.110     2367.480     2385.040
   150:     2393.450     2403.500     2410.160     2432.830     2456.850
   155:     2476.610     2497.700     2510.780     2522.860     2785.520
   160:     2802.950     2812.090     2829.180     2849.260     2866.580
   165:     2884.040     2898.180     2910.130     2920.040     2937.570
   170:     2955.550     2963.490     2981.090     3002.110     3052.220
   175:     3060.050     3070.550     3080.670     3088.590     3106.480
   180:     3125.570     3142.350     3174.120     3194.760     3212.680
   185:     3224.560     3239.060     3258.770     3276.030     3293.710
   190:     3305.830     3322.840     3340.250     3353.370     3363.730
   195:     3382.580     3400.450     3407.320     3427.110     3444.810
   200:     3463.450     3501.590     3521.240     3530.520     3550.600
   205:     3570.040     3581.430     3589.800     3598.410     3615.440
   210:     3625.130     3644.800     3664.530     3673.760     3683.610
   215:     3692.990     3706.420     3717.410     3728.140     3736.370
   220:     3745.240     3756.930     3766.080     3775.700     3853.760
   225:     3868.150
D:
     0:        0.000        0.000        0.750        0.560        0.780
     5:        0.600        0.630        1.340        0.840        0.920
    10:        0.800        0.680        1.240        0.670        0.980
    15:        0.780        0.830        0.620        0.670        0.580
    20:        0.610        0.760        0.940        0.600        0.700
    25:        0.820        0.780        0.910        0.880        0.620
    30:        0.720        0.670        0.870        0.990        0.960
    35:        0.680        0.740        0.960        0.600        0.650
    40:        0.600        1.150        0.830        0.620        0.900
    45:        0.950        0.780        0.660        0.690        0.790
    50:        0.720        0.790        0.890        1.930        0.780
    55:        1.320        0.580        1.030        0.810        1.450
    60:        1.310        0.860        1.660        0.850        0.620
    65:        0.770        0.910        0.860        1.030        0.890
    70:        0.730        1.060        0.740        0.890        0.710
    75:        0.700        0.720        0.670        0.910        1.040
    80:        0.870        0.700        0.770        0.660        1.080
    85:        0.850        1.050        1.040        0.900        0.920
    90:        0.590        0.820        0.660        0.830        0.800
    95:        0.890        0.780        0.620        1.250        0.770
   100:        0.710        0.770        0.650        0.700        0.680
   105:        0.810        0.660        0.900        1.240        0.780
   110:        0.810        1.010        0.620        0.700        0.920
   115:        0.740        0.760        0.610        0.840        0.890
   120:        0.850        0.970        0.660        0.910        0.910
   125:        0.840        0.890        0.580        0.640        2.960
   130:        0.620        0.950        1.590        1.270        1.150
   135:        0.740        0.740        0.630        0.940        0.830
   140:        0.810        0.820        0.990        0.800        0.720
   145:        0.800        0.710        0.600        0.970        0.700
   150:        0.690        1.170        0.640        0.800        2.890
   155:        0.840        1.030        0.880        0.630        2.080
   160:        0.790        0.890        0.870        0.790        0.940
   165:        0.770        0.730        1.000        1.120        0.650
   170:        0.910        0.790        0.890        0.810        1.470
   175:        0.670        1.020        0.640        0.890        0.690
   180:        1.120        0.780        0.830        0.720        1.120
   185:        0.770        1.430        0.790        0.690        0.860
   190:        0.630        0.880        0.700        0.650        0.820
   195:        0.740        0.890        0.820        0.820        0.800
   200:        0.840        0.720        0.650        0.810        5.130
   205:        0.750        0.850        0.930        0.890        0.850
   210:        0.830        0.770        0.650        0.730        0.760
   215:        0.790        0.750        1.080        0.890        0.900
   220:        0.710        0.890        0.650        0.800        1.100
   225:        1.760
E:
     0:        0.000       10.610       41.120       52.560       77.200
     5:      113.140      122.710      129.790      144.650      163.010
    10:      171.670      183.210      199.710      207.990      224.530
    15:      255.000      275.490      282.350      289.150      298.620
    20:      321.210      341.680      348.700      356.950      372.870
    25:      381.170      400.520      408.870      427.270      435.500
    30:      442.780      451.820      469.700      486.300      509.280
    35:      517.790      552.490      571.450      578.740      587.140
    40:      595.100      611.360      620.470      627.960      651.070
    45:      668.600      675.570      684.480      693.530      713.100
    50:      721.640      743.690      753.300      769.220      779.770
    55:      799.350      809.360      816.060      823.740      842.680
    60:      864.110      873.870      900.820      911.440      935.540
    65:      957.730      974.980      992.010     1010.180     1019.290
    70:     1036.220     1042.970     1054.770     1061.640     1081.900
    75:     1101.610     1108.590     1118.870     1183.190     1200.280
    80:     1207.430     1215.200     1223.330     1239.120     1259.640
    85:     1277.170     1296.250     1313.660     1331.550     1350.900
    90:     1372.350     1391.880     1401.860     1411.910     1423.210
    95:     1450.330     1461.000     1475.090     1485.000     1492.840
   100:     1503.330     1556.240     1575.590     1593.140     1602.920
   105:     1619.750     1637.770     1646.310     1659.350     1669.150
   110:     1686.930     1704.530     1715.340     1732.830     1752.140
   115:     1778.200     1817.650     1836.420     1852.050     1871.010
   120:     1878.520     1885.430     1897.930     1916.170     1924.450
   125:     1942.040     1959.970     1971.140     1978.590     1999.030
   130:     2034.080     2044.200     2062.340     2072.120     2089.740
   135:     2107.250     2134.350     2144.700     2205.290     2223.720
   140:     2242.150     2255.950     2274.280     2292.990     2313.790
   145:     2331.350     2338.780     2345.510     2366.510     2384.340
   150:     2392.760     2402.330     2409.520     2432.030     2453.960
   155:     2475.770     2496.670     2509.900     2522.230     2783.440
   160:     2802.160     2811.200     2828.310     2848.470     2865.640
   165:     2883.270     2897.450     2909.130     2918.920     2936.920
   170:     2954.640     2962.700     2980.200     3001.300     3050.750
   175:     3059.380     3069.530     3080.030     3087.700     3105.790
   180:     3124.450     3141.570     3173.290     3194.040     3211.560
   185:     3223.790     3237.630     3257.980     3275.340     3292.850
   190:     3305.200     3321.960     3339.550     3352.720     3362.910
   195:     3381.840     3399.560     3406.500     3426.290     3444.010
   200:     3462.610     3500.870     3520.590     3529.710     3545.470
   205:     3569.290     3580.580     3588.870     3597.520     3614.590
   210:     3624.300     3644.030     3663.880     3673.030     3682.850
   215:     3692.200     3705.670     3716.330     3727.250     3735.470
   220:     3744.530     3756.040     3765.430     3774.900     3852.660
   225:     3866.390
F:
     0:        0.000        1.000        3.000        2.000        4.000
     5:        2.000        3.000        4.000        1.000        4.000
    10:        1.000        2.000        3.000        2.000        1.000
    15:        4.000        3.000        1.000        3.000        4.000
    20:        2.000        4.000        3.000        2.000        1.000
    25:        2.000        1.000        3.000        4.000        1.000
    30:        3.000        2.000        4.000        1.000        3.000
    35:        2.000        4.000        4.000        3.000        1.000
    40:        2.000        3.000        1.000        2.000        4.000
    45:        2.000        1.000        3.000        4.000        1.000
    50:        2.000        3.000        4.000        4.000        2.000
    55:        3.000        1.000        2.000        4.000        1.000
    60:        3.000        1.000        3.000        2.000        4.000
    65:        2.000        3.000        1.000        4.000        4.000
    70:        3.000        2.000        1.000        2.000        1.000
    75:        4.000        3.000        2.000        1.000        4.000
    80:        3.000        3.000        2.000        1.000        4.000
    85:        3.000        2.000        4.000        1.000        4.000
    90:        1.000        2.000        3.000        1.000        2.000
    95:        3.000        4.000        1.000        3.000        2.000
   100:        4.000        1.000        4.000        2.000        3.000
   105:        2.000        3.000        1.000        4.000        2.000
   110:        1.000        3.000        4.000        2.000        1.000
   115:        3.000        4.000        2.000        4.000        3.000
   120:        1.000        4.000        3.000        1.000        2.000
   125:        2.000        3.000        1.000        4.000        4.000
   130:        2.000        3.000        1.000        3.000        4.000
   135:        1.000        2.000        2.000        1.000        4.000
   140:        3.000        3.000        4.000        1.000        2.000
   145:        4.000        3.000        1.000        2.000        4.000
   150:        1.000        2.000        3.000        4.000        2.000
   155:        3.000        1.000        3.000        1.000        4.000
   160:        2.000        1.000        4.000        3.000        2.000
   165:        1.000        2.000        3.000        4.000        2.000
   170:        3.000        4.000        1.000        3.000        2.000
   175:        4.000        1.000        3.000        4.000        2.000
   180:        1.000        2.000        3.000        4.000        1.000
   185:        2.000        4.000        1.000        3.000        4.000
   190:        3.000        1.000        2.000        2.000        3.000
   195:        1.000        4.000        4.000        2.000        1.000
   200:        3.000        1.000        4.000        3.000        2.000
   205:        1.000        4.000        2.000        3.000        2.000
   210:        4.000        3.000        1.000        2.000        1.000
   215:        4.000        3.000        1.000        3.000        4.000
   220:        2.000        2.000        4.000        3.000        1.000
   225:        4.000
G:
     0:      118.000       71.000       47.000
H:
     0:        0.000        0.000        1.000        1.000        2.000
     5:        1.000        1.000        1.000        1.000        1.000
    10:        1.000        4.000        3.000        4.000        4.000
    15:        4.000        3.000        3.000        3.000        4.000
    20:        4.000        3.000        3.000        4.000        3.000
    25:        4.000        3.000        4.000        3.000        3.000
    30:        3.000        4.000        4.000        4.000        3.000
    35:        4.000        4.000        3.000        3.000        3.000
    40:        4.000        3.000        3.000        4.000        4.000
    45:        3.000        3.000        3.000        4.000        3.000
    50:        4.000        3.000        4.000        3.000        4.000
    55:        3.000        3.000        3.000        4.000        4.000
    60:        3.000        4.000        3.000        4.000        4.000
    65:        4.000        4.000        4.000        3.000        4.000
    70:        3.000        3.000        3.000        4.000        4.000
    75:        3.000        3.000        4.000        4.000        3.000
    80:        3.000        3.000        4.000        4.000        4.000
    85:        4.000        4.000        4.000        4.000        4.000
    90:        4.000        3.000        3.000        3.000        4.000
    95:        3.000        3.000        3.000        3.000        5.000
   100:        6.000        6.000        5.000        5.000        6.000
   105:        6.000        5.000        5.000        5.000        6.000
   110:        6.000        5.000        6.000        6.000        6.000
   115:        6.000        6.000        6.000        6.000        5.000
   120:        5.000        5.000        6.000        5.000        6.000
   125:        6.000        5.000        5.000        6.000        6.000
   130:        5.000        6.000        5.000        6.000        6.000
   135:        6.000        5.000        5.000        6.000        6.000
   140:        5.000        6.000        6.000        6.000        6.000
   145:        5.000        5.000        6.000        6.000        5.000
   150:        5.000        5.000        6.000        6.000        5.000
   155:        5.000        5.000        5.000        7.000        8.000
   160:        7.000        8.000        7.000        8.000        8.000
   165:        7.000        7.000        7.000        8.000        8.000
   170:        7.000        8.000        8.000        8.000        7.000
   175:        7.000        7.000        7.000        8.000        8.000
   180:        8.000        7.000        8.000        8.000        7.000
   185:        7.000        8.000        8.000        8.000        7.000
   190:        8.000        8.000        7.000        7.000        8.000
   195:        8.000        7.000        8.000        8.000        8.000
   200:        8.000        8.000        7.000        7.000        7.000
   205:        7.000        7.000        7.000        8.000        9.000
   210:       10.000       10.000        9.000        9.000        9.000
   215:        9.000        9.000        9.000       11.000       11.000
   220:       11.000       11.000       11.000       11.000       11.000
   225:       11.000
J:
     0:        0.000        1.000        1.000        0.000        0.000
     5:        0.000        1.000        0.000        1.000        0.000
    10:        1.000        0.000        1.000        0.000        1.000
    15:        0.000        1.000        1.000        1.000        0.000
    20:        0.000        0.000        1.000        0.000        1.000
    25:        0.000        1.000        1.000        0.000        1.000
    30:        1.000        0.000        0.000        1.000        1.000
    35:        0.000        0.000        0.000        1.000        1.000
    40:        0.000        1.000        1.000        0.000        0.000
    45:        0.000        1.000        1.000        0.000        1.000
    50:        0.000        1.000        0.000        0.000        0.000
    55:        1.000        1.000        0.000        0.000        1.000
    60:        1.000        1.000        1.000        0.000        0.000
    65:        0.000        1.000        1.000        0.000        0.000
    70:        1.000        0.000        1.000        0.000        1.000
    75:        0.000        1.000        0.000        1.000        0.000
    80:        1.000        1.000        0.000        1.000        0.000
    85:        1.000        0.000        0.000        1.000        0.000
    90:        1.000        0.000        1.000        1.000        0.000
    95:        1.000        0.000        1.000        1.000        2.000
   100:        0.000        2.000        0.000        2.000        0.000
   105:        2.000        0.000        2.000        0.000        2.000
   110:        2.000        0.000        0.000        2.000        2.000
   115:        0.000        0.000        2.000        0.000        0.000
   120:        2.000        0.000        0.000        2.000        2.000
   125:        2.000        0.000        2.000        0.000        0.000
   130:        2.000        0.000        2.000        0.000        0.000
   135:        2.000        2.000        2.000        2.000        0.000
   140:        0.000        0.000        0.000        2.000        2.000
   145:        0.000        0.000        2.000        2.000        0.000
   150:        2.000        2.000        0.000        0.000        2.000
   155:        0.000        2.000        0.000        2.000        0.000
   160:        2.000        2.000        0.000        0.000        2.000
   165:        2.000        2.000        0.000        0.000        2.000
   170:        0.000        0.000        2.000        0.000        2.000
   175:        0.000        2.000        0.000        0.000        2.000
   180:        2.000        2.000        0.000        0.000        2.000
   185:        2.000        0.000        2.000        0.000        0.000
   190:        0.000        2.000        2.000        2.000        0.000
   195:        2.000        0.000        0.000        2.000        2.000
   200:        0.000        2.000        0.000        0.000        2.000
   205:        2.000        0.000        2.000        0.000        0.000
   210:        0.000        1.000        1.000        0.000        1.000
   215:        0.000        1.000        1.000        1.000        0.000
   220:        0.000        0.000        0.000        1.000        1.000
   225:        0.000
K:
     0:        0.000        0.000        2.000        2.000        1.000
     5:        2.000        2.000        2.000        2.000        2.000
    10:        2.000        1.000        2.000        1.000        1.000
    15:        1.000        2.000        2.000        2.000        1.000
    20:        1.000        2.000        2.000        1.000        2.000
    25:        1.000        2.000        1.000        2.000        2.000
    30:        2.000        1.000        1.000        1.000        2.000
    35:        1.000        1.000        2.000        2.000        2.000
    40:        1.000        2.000        2.000        1.000        1.000
    45:        2.000        2.000        2.000        1.000        2.000
    50:        1.000        2.000        1.000        2.000        1.000
    55:        2.000        2.000        2.000        1.000        1.000
    60:        2.000        1.000        2.000        1.000        1.000
    65:        1.000        1.000        1.000        2.000        1.000
    70:        2.000        2.000        2.000        1.000        1.000
    75:        2.000        2.000        1.000        1.000        2.000
    80:        2.000        2.000        1.000        1.000        1.000
    85:        1.000        1.000        1.000        1.000        1.000
    90:        1.000        2.000        2.000        2.000        1.000
    95:        2.000        2.000        2.000        2.000        2.000
   100:        1.000        1.000        2.000        2.000        1.000
   105:        1.000        2.000        2.000        2.000        1.000
   110:        1.000        2.000        1.000        1.000        1.000
   115:        1.000        1.000        1.000        1.000        2.000
   120:        2.000        2.000        1.000        2.000        1.000
   125:        1.000        2.000        2.000        1.000        1.000
   130:        2.000        1.000        2.000        1.000        1.000
   135:        1.000        2.000        2.000        1.000        1.000
   140:        2.000        1.000        1.000        1.000        1.000
   145:        2.000        2.000        1.000        1.000        2.000
   150:        2.000        2.000        1.000        1.000        2.000
   155:        2.000        2.000        2.000        2.000        1.000
   160:        2.000        1.000        2.000        1.000        1.000
   165:        2.000        2.000        2.000        1.000        1.000
   170:        2.000        1.000        1.000        1.000        2.000
   175:        2.000        2.000        2.000        1.000        1.000
   180:        1.000        2.000        1.000        1.000        2.000
   185:        2.000        1.000        1.000        1.000        2.000
   190:        1.000        1.000        2.000        2.000        1.000
   195:        1.000        2.000        1.000        1.000        1.000
   200:        1.000        1.000        2.000        2.000        2.000
   205:        2.000        2.000        2.000        1.000        2.000
   210:        1.000        1.000        2.000        2.000        2.000
   215:        2.000        2.000        2.000        2.000        2.000
   220:        2.000        2.000        2.000        2.000        2.000
   225:        2.000
L:
     0:        0.000        5.000        2.000        5.000        2.000
     5:        5.000        2.000        2.000        5.000        2.000
    10:        5.000        3.000        4.000        3.000        3.000
    15:        4.000        4.000        3.000        4.000        4.000
    20:        3.000        4.000        4.000        3.000        3.000
    25:        3.000        3.000        4.000        4.000        3.000
    30:        4.000        3.000        4.000        3.000        4.000
    35:        3.000        4.000        4.000        4.000        3.000
    40:        3.000        4.000        3.000        3.000        4.000
    45:        3.000        3.000        4.000        4.000        3.000
    50:        3.000        4.000        4.000        4.000        3.000
    55:        4.000        3.000        3.000        4.000        3.000
    60:        4.000        3.000        4.000        3.000        4.000
    65:        3.000        4.000        3.000        4.000        4.000
    70:        4.000        3.000        3.000        3.000        3.000
    75:        4.000        4.000        3.000        3.000        4.000
    80:        4.000        4.000        3.000        3.000        4.000
    85:        4.000        3.000        4.000        3.000        4.000
    90:        3.000        3.000        4.000        3.000        3.000
    95:        4.000        4.000        3.000        4.000        1.000
   100:        6.000        1.000        6.000        1.000        6.000
   105:        1.000        6.000        1.000        6.000        1.000
   110:        1.000        6.000        6.000        1.000        1.000
   115:        6.000        6.000        1.000        6.000        6.000
   120:        1.000        6.000        6.000        1.000        1.000
   125:        1.000        6.000        1.000        6.000        6.000
   130:        1.000        6.000        1.000        6.000        6.000
   135:        1.000        1.000        1.000        1.000        6.000
   140:        6.000        6.000        6.000        1.000        1.000
   145:        6.000        6.000        1.000        1.000        6.000
   150:        1.000        1.000        6.000        6.000        1.000
   155:        6.000        1.000        6.000        5.000        6.000
   160:        5.000        5.000        6.000        6.000        5.000
   165:        5.000        5.000        6.000        6.000        5.000
   170:        6.000        6.000        5.000        6.000        5.000
   175:        6.000        5.000        6.000        6.000        5.000
   180:        5.000        5.000        6.000        6.000        5.000
   185:        5.000        6.000        5.000        6.000        6.000
   190:        6.000        5.000        5.000        5.000        6.000
   195:        5.000        6.000        6.000        5.000        5.000
   200:        6.000        5.000        6.000        6.000        5.000
   205:        5.000        6.000        5.000        6.000        1.000
   210:        4.000        4.000        1.000        1.000        1.000
   215:        4.000        4.000        1.000        2.000        2.000
   220:        3.000        3.000        2.000        2.000        3.000
   225:        2.000
O:
     0:        0.000        0.000        0.000        1.000        1.000
     5:        1.000        0.000        1.000        0.000        1.000
    10:        0.000        1.000        0.000        1.000        0.000
    15:        1.000        0.000        0.000        0.000        1.000
    20:        1.000        1.000        0.000        1.000        0.000
    25:        1.000        0.000        0.000        1.000        0.000
    30:        0.000        1.000        1.000        0.000        0.000
    35:        1.000        1.000        1.000        0.000        0.000
    40:        1.000        0.000        0.000        1.000        1.000
    45:        1.000        0.000        0.000        1.000        0.000
    50:        1.000        0.000        1.000        1.000        1.000
    55:        0.000        0.000        1.000        1.000        0.000
    60:        0.000        0.000        0.000        1.000        1.000
    65:        1.000        0.000        0.000        1.000        1.000
    70:        0.000        1.000        0.000        1.000        0.000
    75:        1.000        0.000        1.000        0.000        1.000
    80:        0.000        0.000        1.000        0.000        1.000
    85:        0.000        1.000        1.000        0.000        1.000
    90:        0.000        1.000        0.000        0.000        1.000
    95:        0.000        1.000        0.000        0.000        0.000
   100:        2.000        0.000        2.000        0.000        2.000
   105:        0.000        2.000        0.000        2.000        0.000
   110:        0.000        2.000        2.000        0.000        0.000
   115:        2.000        2.000        0.000        2.000        2.000
   120:        0.000        2.000        2.000        0.000        0.000
   125:        0.000        2.000        0.000        2.000        2.000
   130:        0.000        2.000        0.000        2.000        2.000
   135:        0.000        0.000        0.000        0.000        2.000
   140:        2.000        2.000        2.000        0.000        0.000
   145:        2.000        2.000        0.000        0.000        2.000
   150:        0.000        0.000        2.000        2.000        0.000
   155:        2.000        0.000        2.000        0.000        2.000
   160:        0.000        0.000        2.000        2.000        0.000
   165:        0.000        0.000        2.000        2.000        0.000
   170:        2.000        2.000        0.000        2.000        0.000
   175:        2.000        0.000        2.000        2.000        0.000
   180:        0.000        0.000        2.000        2.000        0.000
   185:        0.000        2.000        0.000        2.000        2.000
   190:        2.000        0.000        0.000        0.000        2.000
   195:        0.000        2.000        2.000        0.000        0.000
   200:        2.000        0.000        2.000        2.000        0.000
   205:        0.000        2.000        0.000        2.000        1.000
   210:        1.000        0.000        0.000        1.000        0.000
   215:        1.000        0.000        0.000        0.000        1.000
   220:        1.000        1.000        1.000        0.000        0.000
   225:        1.000
P:
     0:        1.000
Q:
     0:       16.000      225.000      217.000
S:
     0:        0.000        5.000        5.000        4.000        4.000
     5:        4.000        5.000        4.000        5.000        4.000
    10:        5.000        6.000        1.000        6.000        1.000
    15:        6.000        1.000        1.000        1.000        6.000
    20:        6.000        6.000        1.000        6.000        1.000
    25:        6.000        1.000        1.000        6.000        1.000
    30:        1.000        6.000        6.000        1.000        1.000
    35:        6.000        6.000        6.000        1.000        1.000
    40:        6.000        1.000        1.000        6.000        6.000
    45:        6.000        1.000        1.000        6.000        1.000
    50:        6.000        1.000        6.000        6.000        6.000
    55:        1.000        1.000        6.000        6.000        1.000
    60:        1.000        1.000        1.000        6.000        6.000
    65:        6.000        1.000        1.000        6.000        6.000
    70:        1.000        6.000        1.000        6.000        1.000
    75:        6.000        1.000        6.000        1.000        6.000
    80:        1.000        1.000        6.000        1.000        6.000
    85:        1.000        6.000        6.000        1.000        6.000
    90:        1.000        6.000        1.000        1.000        6.000
    95:        1.000        6.000        1.000        1.000        2.000
   100:        2.000        3.000        2.000        2.000        3.000
   105:        2.000        3.000        3.000        2.000        2.000
   110:        3.000        3.000        2.000        2.000        3.000
   115:        3.000        2.000        2.000        2.000        3.000
   120:        3.000        2.000        3.000        3.000        2.000
   125:        2.000        3.000        3.000        2.000        2.000
   130:        2.000        3.000        3.000        3.000        2.000
   135:        3.000        2.000        2.000        3.000        2.000
   140:        3.000        3.000        2.000        3.000        2.000
   145:        2.000        3.000        3.000        2.000        2.000
   150:        3.000        2.000        3.000        2.000        2.000
   155:        3.000        3.000        3.000        5.000        6.000
   160:        6.000        5.000        6.000        5.000        6.000
   165:        5.000        6.000        5.000        6.000        6.000
   170:        5.000        6.000        5.000        5.000        6.000
   175:        6.000        5.000        5.000        6.000        6.000
   180:        5.000        6.000        5.000        6.000        5.000
   185:        6.000        6.000        5.000        5.000        6.000
   190:        5.000        5.000        6.000        6.000        5.000
   195:        5.000        6.000        6.000        6.000        5.000
   200:        5.000        5.000        6.000        5.000        6.000
   205:        5.000        6.000        6.000        5.000        4.000
   210:        4.000        3.000        3.000        4.000        3.000
   215:        4.000        3.000        3.000        1.000        2.000
   220:        2.000        2.000        2.000        1.000        1.000
   225:        2.000
U:
     0:        9.000       11.000       13.000
W:
     0:      107.000       41.000       66.000
X:
     0:        4.000        6.000        8.000
Y:
     0:       10.000       12.000       14.000
Z:
     0:        1.000        2.000        3.000        4.000
