File: C:\MED-PC\Data\2023-08-31_09h18m_Subject 139.txt


Start Date: 08/31/23
End Date: 08/31/23
Subject: 139
Experiment: 0
Group: 0
Box: 4
Start Time: 09:18:26
End Time: 10:54:08
MSN: CF_SetShiftingV1-1
I:     121.000
M:       1.000
N:      46.000
R:       1.000
T:    4500.000
V:       0.000
A:
     0:        5.000       11.000        6.000       14.000       14.000
     5:        8.000     4500.000
B:
     0:        3.000        5.000        7.000
C:
     0:        0.000        0.000        0.000        0.000        0.000
     5:        0.000        0.000        0.000        0.000        0.000
    10:        0.000        0.000        0.000        0.000      345.780
    15:      365.170        0.000        0.000        0.000      464.400
    20:      480.110      504.620        0.000        0.000      578.720
    25:        0.000        0.000        0.000        0.000      702.280
    30:      713.370      728.850        0.000        0.000      803.060
    35:      816.780      837.630      851.530      870.290      891.120
    40:      912.010      938.370      951.590      963.150        0.000
    45:     1012.950     1030.630     1056.770        0.000     1113.200
    50:     1128.790     1147.390     1160.340     1184.610     1198.020
    55:     1211.130        0.000     1245.580     1264.080     1296.860
    60:     1305.270     1321.700     1341.910     1358.330     1388.800
    65:        0.000     1439.930        0.000     1476.330        0.000
    70:     1515.370        0.000        0.000     1584.350     1611.580
    75:        0.000     1657.840     1677.080     1693.160     1711.610
    80:     1719.940     1742.460        0.000        0.000        0.000
    85:        0.000        0.000     1885.150     1892.980     1910.770
    90:     1918.770     1939.120     1966.300     2000.020     2019.320
    95:        0.000     2062.150     2089.010     2114.150     2128.550
   100:     2156.190        0.000        0.000        0.000        0.000
   105:     2285.780     2304.780     2325.160        0.000     2379.010
   110:     2403.310     2419.770     2437.340        0.000     2479.800
   115:     2488.390     2502.870     2528.560        0.000     2578.950
   120:        0.000
D:
     0:        0.000        0.000        0.000        0.000        0.000
     5:        0.000        0.000        0.000        0.000        0.000
    10:        0.000        0.000        0.000        0.000        1.310
    15:        0.900        0.000        0.000        0.000        1.940
    20:        0.780        1.060        0.000        0.000        1.450
    25:        0.000        0.000        0.000        0.000        1.200
    30:        0.940        0.910        0.000        0.000        1.150
    35:        0.890        0.910        1.920        1.040        0.820
    40:        1.120        0.880        0.850        0.750        0.000
    45:        0.770        0.970        0.670        0.000        2.490
    50:        0.940        1.300        0.810        0.610        0.770
    55:        3.970        0.000        0.780        0.820        0.810
    60:        0.710        1.630        1.030        0.760        0.760
    65:        0.000        0.810        0.000        0.780        0.000
    70:        0.930        0.000        0.000        1.360        0.840
    75:        0.000        0.900        0.930        0.750        0.820
    80:        1.040        0.900        0.000        0.000        0.000
    85:        0.000        0.000        1.020        0.690        0.830
    90:        0.900        0.800        1.200        1.000        0.700
    95:        0.000        1.580        1.580        0.760        0.800
   100:        1.100        0.000        0.000        0.000        0.000
   105:        0.810        1.620        0.850        0.000        1.890
   110:        0.760        0.830        0.940        0.000        0.730
   115:        0.750        0.840        0.810        0.000        0.700
   120:        0.000
E:
     0:        0.000        0.000        0.000        0.000        0.000
     5:        0.000        0.000        0.000        0.000        0.000
    10:        0.000        0.000        0.000        0.000      344.470
    15:      364.270        0.000        0.000        0.000      462.460
    20:      479.330      503.560        0.000        0.000      577.270
    25:        0.000        0.000        0.000        0.000      701.080
    30:      712.430      727.940        0.000        0.000      801.910
    35:      815.890      836.720      849.610      869.250      890.300
    40:      910.890      937.490      950.740      962.400        0.000
    45:     1012.180     1029.660     1056.100        0.000     1110.710
    50:     1127.850     1146.090     1159.530     1184.000     1197.250
    55:     1207.160        0.000     1244.800     1263.260     1296.050
    60:     1304.560     1320.070     1340.880     1357.570     1388.040
    65:        0.000     1439.120        0.000     1475.550        0.000
    70:     1514.440        0.000        0.000     1582.990     1610.740
    75:        0.000     1656.940     1676.150     1692.410     1710.790
    80:     1718.900     1741.560        0.000        0.000        0.000
    85:        0.000        0.000     1884.130     1892.290     1909.940
    90:     1917.870     1938.320     1965.100     1999.020     2018.620
    95:        0.000     2060.570     2087.430     2113.390     2127.750
   100:     2155.090        0.000        0.000        0.000        0.000
   105:     2284.970     2303.160     2324.310        0.000     2377.120
   110:     2402.550     2418.940     2436.400        0.000     2479.070
   115:     2487.640     2502.030     2527.750        0.000     2578.250
   120:     2605.660
F:
     0:        0.000        0.000        0.000        0.000        0.000
     5:        0.000        0.000        0.000        0.000        0.000
    10:        0.000        0.000        0.000        0.000        3.000
    15:        2.000        0.000        0.000        0.000        4.000
    20:        1.000        4.000        0.000        0.000        1.000
    25:        0.000        0.000        0.000        0.000        3.000
    30:        2.000        3.000        0.000        0.000        2.000
    35:        4.000        1.000        3.000        4.000        1.000
    40:        2.000        4.000        2.000        3.000        0.000
    45:        1.000        4.000        3.000        0.000        2.000
    50:        1.000        3.000        1.000        2.000        4.000
    55:        4.000        0.000        2.000        1.000        3.000
    60:        2.000        3.000        4.000        1.000        4.000
    65:        0.000        2.000        0.000        1.000        0.000
    70:        3.000        0.000        0.000        4.000        1.000
    75:        0.000        3.000        2.000        2.000        1.000
    80:        3.000        4.000        0.000        0.000        0.000
    85:        0.000        0.000        1.000        2.000        3.000
    90:        4.000        4.000        2.000        1.000        3.000
    95:        0.000        1.000        4.000        2.000        3.000
   100:        1.000        0.000        0.000        0.000        0.000
   105:        4.000        3.000        2.000        0.000        2.000
   110:        1.000        3.000        4.000        0.000        1.000
   115:        4.000        2.000        3.000        0.000        3.000
   120:        2.000
G:
     0:       40.000       19.000       21.000
H:
     0:        0.000        0.000        0.000        0.000        0.000
     5:        0.000        0.000        0.000        0.000        0.000
    10:        0.000        0.000        0.000        0.000        1.000
    15:        1.000        0.000        0.000        0.000        1.000
    20:        2.000        2.000        0.000        0.000        1.000
    25:        0.000        0.000        0.000        0.000        1.000
    30:        1.000        1.000        0.000        0.000        1.000
    35:        1.000        1.000        2.000        1.000        2.000
    40:        2.000        1.000        1.000        2.000        0.000
    45:        2.000        2.000        2.000        0.000        1.000
    50:        1.000        1.000        2.000        1.000        1.000
    55:        1.000        0.000        2.000        2.000        1.000
    60:        1.000        1.000        2.000        2.000        1.000
    65:        0.000        1.000        0.000        1.000        0.000
    70:        2.000        0.000        0.000        2.000        2.000
    75:        0.000        2.000        1.000        1.000        1.000
    80:        2.000        2.000        0.000        0.000        0.000
    85:        0.000        0.000        1.000        1.000        1.000
    90:        1.000        2.000        2.000        1.000        2.000
    95:        0.000        1.000        2.000        1.000        2.000
   100:        2.000        0.000        0.000        0.000        0.000
   105:        2.000        1.000        2.000        0.000        2.000
   110:        1.000        1.000        2.000        0.000        1.000
   115:        1.000        2.000        2.000        0.000        2.000
   120:        0.000
J:
     0:        0.000        0.000        0.000        0.000        0.000
     5:        0.000        0.000        0.000        0.000        0.000
    10:        0.000        0.000        0.000        0.000        1.000
    15:        0.000        0.000        0.000        0.000        0.000
    20:        1.000        0.000        0.000        0.000        1.000
    25:        0.000        0.000        0.000        0.000        1.000
    30:        0.000        1.000        0.000        0.000        0.000
    35:        0.000        1.000        1.000        0.000        1.000
    40:        0.000        0.000        0.000        1.000        0.000
    45:        1.000        0.000        1.000        0.000        0.000
    50:        1.000        1.000        1.000        0.000        0.000
    55:        0.000        0.000        0.000        1.000        1.000
    60:        0.000        1.000        0.000        1.000        0.000
    65:        0.000        0.000        0.000        1.000        0.000
    70:        1.000        0.000        0.000        0.000        1.000
    75:        0.000        1.000        0.000        0.000        1.000
    80:        1.000        0.000        0.000        0.000        0.000
    85:        0.000        0.000        1.000        0.000        1.000
    90:        0.000        0.000        0.000        1.000        1.000
    95:        0.000        1.000        0.000        0.000        1.000
   100:        1.000        0.000        0.000        0.000        0.000
   105:        0.000        1.000        0.000        0.000        0.000
   110:        1.000        1.000        0.000        0.000        1.000
   115:        0.000        0.000        1.000        0.000        1.000
   120:        0.000
K:
     0:        0.000        0.000        0.000        0.000        0.000
     5:        0.000        0.000        0.000        0.000        0.000
    10:        0.000        0.000        0.000        0.000        2.000
    15:        2.000        0.000        0.000        0.000        2.000
    20:        1.000        1.000        0.000        0.000        2.000
    25:        0.000        0.000        0.000        0.000        2.000
    30:        2.000        2.000        0.000        0.000        2.000
    35:        2.000        2.000        1.000        2.000        1.000
    40:        1.000        2.000        2.000        1.000        0.000
    45:        1.000        1.000        1.000        0.000        2.000
    50:        2.000        2.000        1.000        2.000        2.000
    55:        2.000        0.000        1.000        1.000        2.000
    60:        2.000        2.000        1.000        1.000        2.000
    65:        0.000        2.000        0.000        2.000        0.000
    70:        1.000        0.000        0.000        1.000        1.000
    75:        0.000        1.000        2.000        2.000        2.000
    80:        1.000        1.000        0.000        0.000        0.000
    85:        0.000        0.000        2.000        2.000        2.000
    90:        2.000        1.000        1.000        2.000        1.000
    95:        0.000        2.000        1.000        2.000        1.000
   100:        1.000        0.000        0.000        0.000        0.000
   105:        1.000        2.000        1.000        0.000        1.000
   110:        2.000        2.000        1.000        0.000        2.000
   115:        2.000        1.000        1.000        0.000        1.000
   120:        0.000
L:
     0:        0.000        0.000        0.000        0.000        0.000
     5:        0.000        0.000        0.000        0.000        0.000
    10:        0.000        0.000        0.000        0.000        4.000
    15:        3.000        0.000        0.000        0.000        4.000
    20:        3.000        4.000        0.000        0.000        3.000
    25:        0.000        0.000        0.000        0.000        4.000
    30:        3.000        4.000        0.000        0.000        3.000
    35:        4.000        3.000        4.000        4.000        3.000
    40:        3.000        4.000        3.000        4.000        0.000
    45:        3.000        4.000        4.000        0.000        3.000
    50:        3.000        4.000        3.000        3.000        4.000
    55:        4.000        0.000        3.000        3.000        4.000
    60:        3.000        4.000        4.000        3.000        4.000
    65:        0.000        3.000        0.000        3.000        0.000
    70:        4.000        0.000        0.000        4.000        3.000
    75:        0.000        4.000        3.000        3.000        3.000
    80:        4.000        4.000        0.000        0.000        0.000
    85:        0.000        0.000        3.000        3.000        4.000
    90:        4.000        4.000        3.000        3.000        4.000
    95:        0.000        3.000        4.000        3.000        4.000
   100:        3.000        0.000        0.000        0.000        0.000
   105:        4.000        4.000        3.000        0.000        3.000
   110:        3.000        4.000        4.000        0.000        3.000
   115:        4.000        3.000        4.000        0.000        4.000
   120:        3.000
O:
     0:        0.000        0.000        0.000        0.000        0.000
     5:        0.000        0.000        0.000        0.000        0.000
    10:        0.000        0.000        0.000        0.000        0.000
    15:        1.000        0.000        0.000        0.000        1.000
    20:        0.000        1.000        0.000        0.000        0.000
    25:        0.000        0.000        0.000        0.000        0.000
    30:        1.000        0.000        0.000        0.000        1.000
    35:        1.000        0.000        0.000        1.000        0.000
    40:        1.000        1.000        1.000        0.000        0.000
    45:        0.000        1.000        0.000        0.000        1.000
    50:        0.000        0.000        0.000        1.000        1.000
    55:        1.000        0.000        1.000        0.000        0.000
    60:        1.000        0.000        1.000        0.000        1.000
    65:        0.000        1.000        0.000        0.000        0.000
    70:        0.000        0.000        0.000        1.000        0.000
    75:        0.000        0.000        1.000        1.000        0.000
    80:        0.000        1.000        0.000        0.000        0.000
    85:        0.000        0.000        0.000        1.000        0.000
    90:        1.000        1.000        1.000        0.000        0.000
    95:        0.000        0.000        1.000        1.000        0.000
   100:        0.000        0.000        0.000        0.000        0.000
   105:        1.000        0.000        1.000        0.000        1.000
   110:        0.000        0.000        1.000        0.000        0.000
   115:        1.000        1.000        0.000        0.000        0.000
   120:        1.000
P:
     0:       75.000
Q:
     0:        7.000      121.000      113.000
S:
     0:        0.000        0.000        0.000        0.000        0.000
     5:        0.000        0.000        0.000        0.000        0.000
    10:        0.000        0.000        0.000        0.000        3.000
    15:        6.000        0.000        0.000        0.000        6.000
    20:        3.000        6.000        0.000        0.000        3.000
    25:        0.000        0.000        0.000        0.000        3.000
    30:        6.000        3.000        0.000        0.000        6.000
    35:        6.000        3.000        3.000        6.000        3.000
    40:        6.000        6.000        6.000        3.000        0.000
    45:        3.000        6.000        3.000        0.000        6.000
    50:        3.000        3.000        3.000        6.000        6.000
    55:        6.000        0.000        6.000        3.000        3.000
    60:        6.000        3.000        6.000        3.000        6.000
    65:        0.000        6.000        0.000        3.000        0.000
    70:        3.000        0.000        0.000        6.000        3.000
    75:        0.000        3.000        6.000        6.000        3.000
    80:        3.000        6.000        0.000        0.000        0.000
    85:        0.000        0.000        3.000        6.000        3.000
    90:        6.000        6.000        6.000        3.000        3.000
    95:        0.000        3.000        6.000        6.000        3.000
   100:        3.000        0.000        0.000        0.000        0.000
   105:        6.000        3.000        6.000        0.000        6.000
   110:        3.000        3.000        6.000        0.000        3.000
   115:        6.000        6.000        3.000        0.000        3.000
   120:        6.000
U:
     0:        9.000       11.000       13.000
W:
     0:       33.000       18.000       15.000
X:
     0:        4.000        6.000        8.000
Y:
     0:       10.000       12.000       14.000
Z:
     0:        1.000        2.000        3.000        4.000
