File: C:\MED-PC\Data\2023-08-18_08h42m_Subject 137.txt


Start Date: 08/18/23
End Date: 08/18/23
Subject: 137
Experiment: 0
Group: 0
Box: 2
Start Time: 08:42:06
End Time: 10:19:07
MSN: CF_SetShifting08172023
I:      98.000
M:       1.000
N:      13.000
R:       1.000
T:    5400.000
V:       0.000
A:
     0:        5.000       13.000        4.000       12.000       14.000
     5:        8.000     5400.000
B:
     0:        3.000        5.000        7.000
C:
     0:        0.000       12.180        0.000       67.770        0.000
     5:        0.000        0.000      176.050      198.540      207.530
    10:      231.540        0.000        0.000        0.000        0.000
    15:        0.000        0.000      398.560      411.600      428.570
    20:      448.280      471.850      478.970      490.110      506.800
    25:        0.000      551.200      560.080      576.230      585.440
    30:        0.000      628.420      651.020      663.750      676.430
    35:      695.580      704.260      727.030      745.110      762.070
    40:      770.380      787.120      795.360      813.830      831.700
    45:      840.010      857.530      875.030      883.570      903.510
    50:      925.050      942.210      977.550      985.350     1004.380
    55:     1025.660     1034.270     1044.890     1055.830     1073.890
    60:     1093.290     1103.100     1120.810     1141.230     1158.760
    65:     1177.080     1188.130        0.000     1223.720     1232.040
    70:     1251.420     1269.470     1295.440        0.000     1337.440
    75:     1346.880     1370.260     1387.050     1394.600     1408.880
    80:     1416.800     1424.090     1442.280     1449.110     1467.730
    85:     1485.380     1516.100     1524.270     1541.650     1550.600
    90:     1558.050     1566.540     1586.130     1603.880     1622.490
    95:     1632.840     1643.040     1666.980
D:
     0:        0.000        2.320        0.000        1.300        0.000
     5:        0.000        0.000        1.120        0.750        0.660
    10:        2.790        0.000        0.000        0.000        0.000
    15:        0.000        0.000        0.570        0.610        0.720
    20:        0.600        0.700        0.660        0.600        0.540
    25:        0.000        0.580        0.810        0.570        1.540
    30:        0.000        0.740        0.860        0.640        0.620
    35:        0.660        0.940        0.720        0.760        0.510
    40:        0.620        0.630        0.570        0.690        0.680
    45:        1.630        0.740        0.540        0.580        0.620
    50:        0.580        0.730        0.660        0.650        0.640
    55:        0.620        0.540        0.620        0.840        0.640
    60:        0.550        0.550        0.590        0.520        0.520
    65:        0.590        0.560        0.000        0.630        0.890
    70:        0.620        1.000        0.690        0.000        0.690
    75:        0.610        0.500        0.620        0.780        0.650
    80:        0.630        0.660        0.630        0.750        0.600
    85:        0.640        0.550        0.590        0.560        0.710
    90:        0.610        0.640        0.540        0.680        0.720
    95:        0.620        0.530        0.620
E:
     0:        0.000        9.860        0.000       66.470       91.330
     5:        0.000        0.000      174.930      197.790      206.870
    10:      228.750        0.000        0.000        0.000        0.000
    15:        0.000        0.000      397.990      410.990      427.850
    20:      447.680      471.150      478.310      489.510      506.260
    25:        0.000      550.620      559.270      575.660      583.900
    30:        0.000      627.680      650.160      663.110      675.810
    35:      694.920      703.320      726.310      744.350      761.560
    40:      769.760      786.490      794.790      813.140      831.020
    45:      838.380      856.790      874.490      882.990      902.890
    50:      924.470      941.480      976.890      984.700     1003.740
    55:     1025.040     1033.730     1044.270     1054.990     1073.250
    60:     1092.740     1102.550     1120.220     1140.710     1158.240
    65:     1176.490     1187.570        0.000     1223.090     1231.150
    70:     1250.800     1268.470     1294.750        0.000     1336.750
    75:     1346.270     1369.760     1386.430     1393.820     1408.230
    80:     1416.170     1423.430     1441.650     1448.360     1467.130
    85:     1484.740     1515.550     1523.680     1541.090     1549.890
    90:     1557.440     1565.900     1585.590     1603.200     1621.770
    95:     1632.220     1642.510     1666.360
F:
     0:        0.000        3.000        0.000        4.000        2.000
     5:        0.000        0.000        1.000        2.000        3.000
    10:        1.000        0.000        0.000        0.000        0.000
    15:        0.000        0.000        4.000        1.000        3.000
    20:        2.000        4.000        3.000        4.000        1.000
    25:        0.000        2.000        4.000        2.000        1.000
    30:        0.000        3.000        4.000        2.000        1.000
    35:        3.000        1.000        2.000        4.000        3.000
    40:        2.000        3.000        4.000        1.000        2.000
    45:        4.000        1.000        3.000        3.000        1.000
    50:        4.000        2.000        4.000        3.000        1.000
    55:        2.000        1.000        3.000        2.000        4.000
    60:        1.000        3.000        4.000        2.000        4.000
    65:        3.000        1.000        0.000        2.000        4.000
    70:        2.000        3.000        1.000        0.000        4.000
    75:        1.000        2.000        3.000        4.000        2.000
    80:        1.000        3.000        3.000        1.000        4.000
    85:        2.000        3.000        4.000        1.000        2.000
    90:        1.000        3.000        4.000        2.000        2.000
    95:        3.000        4.000        1.000
G:
     0:       36.000       19.000       17.000
H:
     0:        0.000        2.000        0.000        2.000        0.000
     5:        0.000        0.000        1.000        1.000        2.000
    10:        2.000        0.000        0.000        0.000        0.000
    15:        0.000        0.000        1.000        2.000        2.000
    20:        2.000        1.000        1.000        2.000        2.000
    25:        0.000        1.000        1.000        1.000        2.000
    30:        0.000        2.000        1.000        1.000        2.000
    35:        1.000        2.000        2.000        2.000        1.000
    40:        2.000        1.000        2.000        2.000        1.000
    45:        2.000        2.000        1.000        1.000        2.000
    50:        2.000        2.000        1.000        2.000        2.000
    55:        1.000        1.000        1.000        2.000        2.000
    60:        1.000        2.000        2.000        2.000        2.000
    65:        1.000        1.000        0.000        1.000        2.000
    70:        2.000        2.000        2.000        0.000        1.000
    75:        2.000        2.000        1.000        1.000        1.000
    80:        1.000        2.000        1.000        2.000        2.000
    85:        2.000        1.000        2.000        1.000        1.000
    90:        1.000        2.000        2.000        2.000        1.000
    95:        1.000        2.000        2.000
J:
     0:        0.000        1.000        0.000        0.000        0.000
     5:        0.000        0.000        1.000        0.000        1.000
    10:        1.000        0.000        0.000        0.000        0.000
    15:        0.000        0.000        0.000        1.000        1.000
    20:        0.000        0.000        1.000        0.000        1.000
    25:        0.000        0.000        0.000        0.000        1.000
    30:        0.000        1.000        0.000        0.000        1.000
    35:        1.000        1.000        0.000        0.000        1.000
    40:        0.000        1.000        0.000        1.000        0.000
    45:        0.000        1.000        1.000        1.000        1.000
    50:        0.000        0.000        0.000        1.000        1.000
    55:        0.000        1.000        1.000        0.000        0.000
    60:        1.000        1.000        0.000        0.000        0.000
    65:        1.000        1.000        0.000        0.000        0.000
    70:        0.000        1.000        1.000        0.000        0.000
    75:        1.000        0.000        1.000        0.000        0.000
    80:        1.000        1.000        1.000        1.000        0.000
    85:        0.000        1.000        0.000        1.000        0.000
    90:        1.000        1.000        0.000        0.000        0.000
    95:        1.000        0.000        1.000
K:
     0:        0.000        1.000        0.000        1.000        0.000
     5:        0.000        0.000        2.000        2.000        1.000
    10:        1.000        0.000        0.000        0.000        0.000
    15:        0.000        0.000        2.000        1.000        1.000
    20:        1.000        2.000        2.000        1.000        1.000
    25:        0.000        2.000        2.000        2.000        1.000
    30:        0.000        1.000        2.000        2.000        1.000
    35:        2.000        1.000        1.000        1.000        2.000
    40:        1.000        2.000        1.000        1.000        2.000
    45:        1.000        1.000        2.000        2.000        1.000
    50:        1.000        1.000        2.000        1.000        1.000
    55:        2.000        2.000        2.000        1.000        1.000
    60:        2.000        1.000        1.000        1.000        1.000
    65:        2.000        2.000        0.000        2.000        1.000
    70:        1.000        1.000        1.000        0.000        2.000
    75:        1.000        1.000        2.000        2.000        2.000
    80:        2.000        1.000        2.000        1.000        1.000
    85:        1.000        2.000        1.000        2.000        2.000
    90:        2.000        1.000        1.000        1.000        2.000
    95:        2.000        1.000        1.000
L:
     0:        0.000        2.000        0.000        2.000        3.000
     5:        0.000        0.000        3.000        3.000        2.000
    10:        3.000        0.000        0.000        0.000        0.000
    15:        0.000        0.000        2.000        3.000        2.000
    20:        3.000        2.000        2.000        2.000        3.000
    25:        0.000        3.000        2.000        3.000        3.000
    30:        0.000        2.000        2.000        3.000        3.000
    35:        2.000        3.000        3.000        2.000        2.000
    40:        3.000        2.000        2.000        3.000        3.000
    45:        2.000        3.000        2.000        2.000        3.000
    50:        2.000        3.000        2.000        2.000        3.000
    55:        3.000        3.000        2.000        3.000        2.000
    60:        3.000        2.000        2.000        3.000        2.000
    65:        2.000        3.000        0.000        3.000        2.000
    70:        3.000        2.000        3.000        0.000        2.000
    75:        3.000        3.000        2.000        2.000        3.000
    80:        3.000        2.000        2.000        3.000        2.000
    85:        3.000        2.000        2.000        3.000        3.000
    90:        3.000        2.000        2.000        3.000        3.000
    95:        2.000        2.000        3.000
O:
     0:        0.000        0.000        0.000        1.000        1.000
     5:        0.000        0.000        0.000        1.000        0.000
    10:        0.000        0.000        0.000        0.000        0.000
    15:        0.000        0.000        1.000        0.000        0.000
    20:        1.000        1.000        0.000        1.000        0.000
    25:        0.000        1.000        1.000        1.000        0.000
    30:        0.000        0.000        1.000        1.000        0.000
    35:        0.000        0.000        1.000        1.000        0.000
    40:        1.000        0.000        1.000        0.000        1.000
    45:        1.000        0.000        0.000        0.000        0.000
    50:        1.000        1.000        1.000        0.000        0.000
    55:        1.000        0.000        0.000        1.000        1.000
    60:        0.000        0.000        1.000        1.000        1.000
    65:        0.000        0.000        0.000        1.000        1.000
    70:        1.000        0.000        0.000        0.000        1.000
    75:        0.000        1.000        0.000        1.000        1.000
    80:        0.000        0.000        0.000        0.000        1.000
    85:        1.000        0.000        1.000        0.000        1.000
    90:        0.000        0.000        1.000        1.000        1.000
    95:        0.000        1.000        0.000
P:
     0:       85.000
Q:
     0:       13.000       85.000       77.000
S:
     0:        0.000        5.000        0.000        4.000        4.000
     5:        0.000        0.000        5.000        4.000        5.000
    10:        5.000        0.000        0.000        0.000        0.000
    15:        0.000        0.000        4.000        5.000        5.000
    20:        4.000        4.000        5.000        4.000        5.000
    25:        0.000        4.000        4.000        4.000        5.000
    30:        0.000        5.000        4.000        4.000        5.000
    35:        5.000        5.000        4.000        4.000        5.000
    40:        4.000        5.000        4.000        5.000        4.000
    45:        4.000        5.000        5.000        5.000        5.000
    50:        4.000        4.000        4.000        5.000        5.000
    55:        4.000        5.000        5.000        4.000        4.000
    60:        5.000        5.000        4.000        4.000        4.000
    65:        5.000        5.000        0.000        4.000        4.000
    70:        4.000        5.000        5.000        0.000        4.000
    75:        5.000        4.000        5.000        4.000        4.000
    80:        5.000        5.000        5.000        5.000        4.000
    85:        4.000        5.000        4.000        5.000        4.000
    90:        5.000        5.000        4.000        4.000        4.000
    95:        5.000        4.000        5.000
U:
     0:        9.000       11.000       13.000
W:
     0:       47.000       23.000       24.000
X:
     0:        4.000        6.000        8.000
Y:
     0:       10.000       12.000       14.000
Z:
     0:        1.000        2.000        3.000        4.000
