File: C:\MED-PC\Data\2023-07-20_10h02m_Subject 136.txt


Start Date: 07/20/23
End Date: 07/20/23
Subject: 136
Experiment: 0
Group: 0
Box: 1
Start Time: 10:02:01
End Time: 11:35:54
MSN: CF-SetShifting07132023
I:     229.000
N:     148.000
R:       1.000
T:    5400.000
U:       0.000
V:       1.000
A:
     0:        4.000       10.000        5.000       12.000
B:
     0:        0.000        0.000        0.000        2.000        0.000
     5:        0.000        0.000        0.000        0.000        2.000
    10:        0.000        0.000        0.000        0.000        2.000
    15:        2.000        0.000        0.000        2.000        2.000
    20:        0.000        2.000        0.000        2.000        2.000
    25:        2.000        0.000        2.000        2.000        2.000
    30:        2.000        2.000        2.000        1.000        2.000
    35:        2.000        1.000        2.000        0.000        0.000
    40:        2.000        2.000        2.000        2.000        0.000
    45:        0.000        2.000        2.000        0.000        0.000
    50:        0.000        0.000        0.000        0.000        0.000
    55:        0.000        0.000        0.000        0.000        0.000
    60:        0.000        0.000        0.000        0.000        0.000
    65:        0.000        0.000        0.000        0.000        0.000
    70:        0.000        0.000        0.000        0.000        0.000
    75:        0.000        0.000        0.000        0.000        0.000
    80:        0.000        0.000        0.000        0.000        0.000
    85:        0.000        0.000        0.000        0.000        0.000
    90:        0.000        0.000        0.000        0.000        0.000
    95:        0.000        0.000        0.000        0.000        0.000
   100:        0.000        0.000        0.000        0.000        0.000
   105:        0.000        0.000        0.000        0.000        0.000
   110:        0.000        0.000        0.000        0.000        0.000
   115:        0.000        0.000        0.000        0.000        0.000
   120:        0.000        0.000        0.000        0.000        0.000
   125:        0.000        0.000        0.000        0.000        0.000
   130:        0.000        0.000        0.000        0.000        0.000
   135:        0.000        0.000        0.000        0.000        0.000
   140:        0.000        0.000        0.000        0.000        0.000
   145:        0.000        0.000        0.000        0.000        0.000
   150:        0.000        0.000        0.000        0.000        0.000
   155:        0.000        0.000        0.000        0.000        0.000
   160:        0.000        0.000        0.000        0.000        0.000
   165:        0.000        0.000        0.000        0.000        0.000
   170:        0.000        0.000        0.000        0.000        0.000
   175:        0.000        0.000        0.000        0.000        0.000
   180:        0.000        0.000        0.000        0.000        0.000
   185:        0.000        0.000        0.000        0.000        0.000
   190:        0.000        0.000        0.000        0.000        0.000
   195:        0.000        0.000        0.000        0.000        0.000
   200:        0.000        0.000        0.000        0.000        0.000
   205:        0.000        0.000        0.000        0.000        0.000
   210:        0.000        0.000        0.000        0.000        0.000
   215:        0.000        0.000        0.000        0.000        0.000
   220:        0.000        0.000        0.000        0.000        0.000
   225:        0.000        0.000        0.000        0.000        0.000
   230:        0.000        0.000        0.000        0.000        0.000
   235:        0.000        0.000        0.000        0.000        0.000
   240:        0.000        0.000        0.000        0.000        0.000
   245:        0.000        0.000        0.000        0.000        0.000
   250:        0.000        0.000        0.000        0.000        0.000
   255:        0.000        0.000        0.000        0.000        0.000
   260:        0.000        0.000        0.000        0.000        0.000
   265:        0.000        0.000        0.000        0.000        0.000
   270:        0.000        0.000        0.000        0.000        0.000
   275:        0.000        0.000        0.000        0.000        0.000
   280:        0.000        0.000        0.000        0.000        0.000
   285:        0.000        0.000        0.000        0.000        0.000
   290:        0.000        0.000        0.000        0.000        0.000
   295:        0.000        0.000        0.000        0.000        0.000
   300:        0.000        0.000        0.000        0.000        0.000
   305:        0.000        0.000        0.000        0.000        0.000
   310:        0.000        0.000        0.000        0.000        0.000
   315:        0.000        0.000        0.000        0.000        0.000
   320:        0.000        0.000        0.000        0.000        0.000
   325:        0.000        0.000        0.000        0.000        0.000
   330:        0.000        0.000        0.000        0.000        0.000
   335:        0.000        0.000        0.000        0.000        0.000
   340:        0.000        0.000        0.000        0.000        0.000
   345:        0.000        0.000        0.000        0.000        0.000
   350:        0.000        0.000        0.000        0.000        0.000
   355:        0.000        0.000        0.000        0.000        0.000
   360:        0.000        0.000        0.000        0.000        0.000
   365:        0.000        0.000        0.000        0.000        0.000
   370:        0.000        0.000        0.000        0.000        0.000
   375:        0.000        0.000        0.000        0.000        0.000
   380:        0.000        0.000        0.000        0.000        0.000
   385:        0.000        0.000        0.000        0.000        0.000
   390:        0.000        0.000        0.000        0.000        0.000
   395:        0.000        0.000        0.000        0.000        0.000
   400:        0.000        0.000        0.000        0.000        0.000
   405:        0.000        0.000        0.000        0.000        0.000
   410:        0.000        0.000        0.000        0.000        0.000
   415:        0.000        0.000        0.000        0.000        0.000
   420:        0.000        0.000        0.000        0.000        0.000
   425:        0.000        0.000        0.000        0.000        0.000
   430:        0.000        0.000        0.000        0.000        0.000
   435:        0.000        0.000        0.000        0.000        0.000
   440:        0.000        0.000        0.000        0.000        0.000
   445:        0.000        0.000        0.000        0.000        0.000
   450:        0.000        0.000        0.000        0.000        0.000
   455:        0.000        0.000        0.000        0.000        0.000
   460:        0.000        0.000        0.000        0.000        0.000
   465:        0.000        0.000        0.000        0.000        0.000
   470:        0.000        0.000        0.000        0.000        0.000
   475:        0.000        0.000        0.000        0.000        0.000
   480:        0.000        0.000        0.000        0.000        0.000
   485:        0.000        0.000        0.000        0.000        0.000
   490:        0.000        0.000        0.000        0.000        0.000
   495:        0.000        0.000        0.000        0.000        0.000
   500:        0.000        0.000        0.000        0.000        0.000
   505:        0.000        0.000        0.000        0.000        0.000
   510:        0.000        0.000        0.000        0.000        0.000
   515:        0.000        0.000        0.000        0.000        0.000
   520:        0.000        0.000        0.000        0.000        0.000
   525:        0.000        0.000        0.000        0.000        0.000
   530:        0.000        0.000        0.000        0.000        0.000
   535:        0.000        0.000        0.000        0.000        0.000
   540:        0.000        0.000        0.000        0.000        0.000
   545:        0.000        0.000        0.000        0.000        0.000
   550:        0.000        0.000        0.000        0.000        0.000
   555:        0.000        0.000        0.000        0.000        0.000
   560:        0.000        0.000        0.000        0.000        0.000
   565:        0.000        0.000        0.000        0.000        0.000
   570:        0.000        0.000        0.000        0.000        0.000
   575:        0.000        0.000        0.000        0.000        0.000
   580:        0.000        0.000        0.000        0.000        0.000
   585:        0.000        0.000        0.000        0.000        0.000
   590:        0.000        0.000        0.000        0.000        0.000
   595:        0.000        0.000        0.000        0.000        0.000
   600:        0.000        0.000        0.000        0.000        0.000
   605:        0.000        0.000        0.000        0.000        0.000
   610:        0.000        0.000        0.000        0.000        0.000
   615:        0.000        0.000        0.000        0.000        0.000
   620:        0.000        0.000        0.000        0.000        0.000
   625:        0.000        0.000        0.000        0.000        0.000
   630:        0.000        0.000        0.000        0.000        0.000
   635:        0.000        0.000        0.000        0.000        0.000
   640:        0.000        0.000        0.000        0.000        0.000
   645:        0.000        0.000        0.000        0.000        0.000
   650:        0.000        0.000        0.000        0.000        0.000
   655:        0.000        0.000        0.000        0.000        0.000
   660:        0.000        0.000        0.000        0.000        0.000
   665:        0.000        0.000        0.000        0.000        0.000
   670:        0.000        0.000        0.000        0.000        0.000
   675:        0.000        0.000        0.000        0.000        0.000
   680:        0.000        0.000        0.000        0.000        0.000
   685:        0.000        0.000        0.000        0.000        0.000
   690:        0.000        0.000        0.000        0.000        0.000
   695:        0.000        0.000        0.000        0.000        0.000
   700:        0.000        0.000        0.000        0.000        0.000
   705:        0.000        0.000        0.000        0.000        0.000
   710:        0.000        0.000        0.000        0.000        0.000
   715:        0.000        0.000        0.000        0.000        0.000
   720:        0.000        0.000        0.000        0.000        0.000
   725:        0.000        0.000        0.000        0.000        0.000
   730:        0.000        0.000        0.000        0.000        0.000
   735:        0.000        0.000        0.000        0.000        0.000
   740:        0.000        0.000        0.000        0.000        0.000
   745:        0.000        0.000        0.000        0.000        0.000
   750:        0.000        0.000        0.000        0.000        0.000
   755:        0.000        0.000        0.000        0.000        0.000
   760:        0.000        0.000        0.000        0.000        0.000
   765:        0.000        0.000        0.000        0.000        0.000
   770:        0.000        0.000        0.000        0.000        0.000
   775:        0.000        0.000        0.000        0.000        0.000
   780:        0.000        0.000        0.000        0.000        0.000
   785:        0.000        0.000        0.000        0.000        0.000
   790:        0.000        0.000        0.000        0.000        0.000
   795:        0.000        0.000        0.000        0.000        0.000
   800:        0.000        0.000        0.000        0.000        0.000
   805:        0.000        0.000        0.000        0.000        0.000
   810:        0.000        0.000        0.000        0.000        0.000
   815:        0.000        0.000        0.000        0.000        0.000
   820:        0.000        0.000        0.000        0.000        0.000
   825:        0.000        0.000        0.000        0.000        0.000
   830:        0.000        0.000        0.000        0.000        0.000
   835:        0.000        0.000        0.000        0.000        0.000
   840:        0.000        0.000        0.000        0.000        0.000
   845:        0.000        0.000        0.000        0.000        0.000
   850:        0.000        0.000        0.000        0.000        0.000
   855:        0.000        0.000        0.000        0.000        0.000
   860:        0.000        0.000        0.000        0.000        0.000
   865:        0.000        0.000        0.000        0.000        0.000
   870:        0.000        0.000        0.000        0.000        0.000
   875:        0.000        0.000        0.000        0.000        0.000
   880:        0.000        0.000        0.000        0.000        0.000
   885:        0.000        0.000        0.000        0.000        0.000
   890:        0.000        0.000        0.000        0.000        0.000
   895:        0.000        0.000        0.000        0.000        0.000
   900:        0.000        0.000        0.000        0.000        0.000
   905:        0.000        0.000        0.000        0.000        0.000
   910:        0.000        0.000        0.000        0.000        0.000
   915:        0.000        0.000        0.000        0.000        0.000
   920:        0.000        0.000        0.000        0.000        0.000
   925:        0.000        0.000        0.000        0.000        0.000
   930:        0.000        0.000        0.000        0.000        0.000
   935:        0.000        0.000        0.000        0.000        0.000
   940:        0.000        0.000        0.000        0.000        0.000
   945:        0.000        0.000        0.000        0.000        0.000
   950:        0.000        0.000        0.000        0.000        0.000
   955:        0.000        0.000        0.000        0.000        0.000
   960:        0.000        0.000        0.000        0.000        0.000
   965:        0.000        0.000        0.000        0.000        0.000
   970:        0.000        0.000        0.000        0.000        0.000
   975:        0.000        0.000        0.000        0.000        0.000
   980:        0.000        0.000        0.000        0.000        0.000
   985:        0.000        0.000        0.000        0.000        0.000
   990:        0.000        0.000        0.000        0.000        0.000
   995:        0.000        0.000        0.000        0.000        0.000
C:
     0:        0.000        0.000        0.000       56.600        0.000
     5:        0.000        0.000        0.000        0.000      189.800
    10:        0.000        0.000        0.000        0.000      296.990
    15:      322.430        0.000        0.000      393.590      413.870
    20:        0.000      446.290        0.000      492.750      507.130
    25:      532.490        0.000      566.520      585.530      603.020
    30:      618.990      638.970      659.280      674.430      693.980
    35:      719.780      732.600      753.350        0.000        0.000
    40:      832.450      847.670      872.940      888.190        0.000
    45:        0.000      946.560      966.840        0.000     1004.650
    50:     1019.590     1046.350     1058.330     1072.260     1087.630
    55:     1101.630     1140.740     1157.080     1178.600     1203.860
    60:     1228.620     1247.570     1266.620     1292.620     1325.440
    65:     1353.340     1384.070     1403.930     1424.460     1442.910
    70:     1469.330     1488.850     1509.690     1527.550     1550.140
    75:        0.000        0.000        0.000        0.000        0.000
    80:        0.000        0.000        0.000        0.000        0.000
    85:        0.000        0.000        0.000        0.000        0.000
    90:     1960.660     1983.910     2004.090     2031.280        0.000
    95:     2079.560     2099.160     2115.500     2151.240     2174.840
   100:     2192.960     2228.060     2250.590     2270.380        0.000
   105:        0.000        0.000        0.000        0.000        0.000
   110:        0.000     2478.840        0.000     2525.970     2549.090
   115:     2574.980        0.000     2623.270     2646.560        0.000
   120:     2693.940        0.000        0.000        0.000     2773.520
   125:     2793.170        0.000        0.000        0.000        0.000
   130:        0.000        0.000        0.000        0.000        0.000
   135:        0.000        0.000        0.000        0.000        0.000
   140:        0.000        0.000        0.000        0.000        0.000
   145:        0.000        0.000        0.000        0.000        0.000
   150:        0.000        0.000        0.000        0.000        0.000
   155:        0.000        0.000        0.000        0.000        0.000
   160:        0.000        0.000        0.000        0.000        0.000
   165:        0.000        0.000        0.000        0.000        0.000
   170:        0.000        0.000        0.000        0.000        0.000
   175:        0.000        0.000        0.000        0.000        0.000
   180:        0.000        0.000        0.000        0.000        0.000
   185:        0.000        0.000        0.000        0.000        0.000
   190:        0.000        0.000        0.000        0.000        0.000
   195:        0.000        0.000        0.000        0.000        0.000
   200:        0.000        0.000        0.000        0.000        0.000
   205:        0.000        0.000        0.000        0.000        0.000
   210:        0.000        0.000        0.000        0.000        0.000
   215:        0.000        0.000        0.000        0.000        0.000
   220:        0.000        0.000        0.000        0.000        0.000
   225:        0.000        0.000        0.000        0.000
D:
     0:        0.000        0.000        0.000        0.000        0.000
     5:        0.000        0.000        0.000        0.000        0.000
    10:        0.000        0.000        0.000        0.000        0.000
    15:        0.000        0.000        0.000        0.000        0.000
    20:        0.000        0.000        0.000        0.000        0.000
    25:        0.000        0.000        0.000        0.000        0.000
    30:        0.000        0.000        0.000        0.000        0.000
    35:        0.000        0.000        0.000        0.000        0.000
    40:        0.000        0.000        0.000        0.000        0.000
    45:        0.000        0.000        0.000        0.000        0.000
    50:        0.000        0.000        0.000        0.000        0.000
    55:        0.000        0.000        0.000        0.000        0.000
    60:        0.000        0.000        0.000        0.000        0.000
    65:        0.000        0.000        0.000        0.000        0.000
    70:        0.000        0.000        0.000        0.000        0.000
    75:        0.000        0.000        0.000        0.000        0.000
    80:        0.000        0.000        0.000        0.000        0.000
    85:        0.000        0.000        0.000        0.000        0.000
    90:        0.000        0.000        0.000        0.000        0.000
    95:        0.000        0.000        0.000        0.000        0.000
   100:        0.000        0.000        0.000        0.000        0.000
   105:        0.000        0.000        0.000        0.000        0.000
   110:        0.000        0.000        0.000        0.000        0.000
   115:        0.000        0.000        0.000        0.000        0.000
   120:        0.000        0.000        0.000        0.000        0.000
   125:        0.000        0.000        0.000        0.000        0.000
   130:        0.000        0.000        0.000        0.000        0.000
   135:        0.000        0.000        0.000        0.000        0.000
   140:        0.000        0.000        0.000        0.000        0.000
   145:        0.000        0.000        0.000        0.000        0.000
   150:        0.000        0.000        0.000        0.000        0.000
   155:        0.000        0.000        0.000        0.000        0.000
   160:        0.000        0.000        0.000        0.000        0.000
   165:        0.000        0.000        0.000        0.000        0.000
   170:        0.000        0.000        0.000        0.000        0.000
   175:        0.000        0.000        0.000        0.000        0.000
   180:        0.000        0.000        0.000        0.000        0.000
   185:        0.000        0.000        0.000        0.000        0.000
   190:        0.000        0.000        0.000        0.000        0.000
   195:        0.000        0.000        0.000        0.000        0.000
   200:        0.000        0.000        0.000        0.000        0.000
   205:        0.000        0.000        0.000        0.000        0.000
   210:        0.000        0.000        0.000        0.000        0.000
   215:        0.000        0.000        0.000        0.000        0.000
   220:        0.000        0.000        0.000        0.000        0.000
   225:        0.000        0.000        0.000        0.000
E:
     0:        0.000        0.000        0.000       55.000        0.000
     5:        0.000        0.000        0.000        0.000      189.010
    10:        0.000        0.000        0.000        0.000      296.070
    15:      321.840        0.000        0.000      392.980      413.260
    20:        0.000      445.580        0.000      492.170      506.530
    25:      531.850        0.000      565.900      584.890      598.430
    30:      618.150      638.340      658.540      673.260      693.310
    35:      716.760      731.250      752.840        0.000        0.000
    40:      829.220      846.940      870.300      883.710        0.000
    45:        0.000      945.970      966.140        0.000     1003.920
    50:     1017.530     1045.190     1055.920     1071.270     1086.830
    55:     1099.330     1139.990     1155.960     1177.910     1203.270
    60:     1227.970     1246.820     1265.950     1291.980     1324.620
    65:     1352.680     1382.590     1403.190     1422.570     1439.870
    70:     1467.640     1487.600     1507.580     1526.810     1549.300
    75:        0.000        0.000        0.000        0.000        0.000
    80:        0.000        0.000        0.000        0.000        0.000
    85:        0.000        0.000        0.000        0.000        0.000
    90:     1959.530     1982.360     2001.590     2029.100        0.000
    95:     2078.650     2098.230     2114.710     2149.330     2173.990
   100:     2191.870     2227.270     2248.290     2268.590     2300.920
   105:        0.000        0.000        0.000        0.000        0.000
   110:     2454.100     2477.960        0.000     2525.060     2546.730
   115:     2574.330        0.000     2622.000     2645.580     2672.360
   120:     2692.340        0.000     2739.910     2755.550     2772.680
   125:     2791.990        0.000        0.000        0.000        0.000
   130:        0.000        0.000        0.000        0.000        0.000
   135:        0.000        0.000        0.000        0.000        0.000
   140:        0.000        0.000        0.000        0.000        0.000
   145:        0.000        0.000        0.000        0.000        0.000
   150:        0.000        0.000        0.000        0.000        0.000
   155:        0.000        0.000        0.000        0.000        0.000
   160:        0.000        0.000        0.000        0.000        0.000
   165:        0.000        0.000        0.000        0.000        0.000
   170:        0.000        0.000        0.000        0.000        0.000
   175:        0.000        0.000        0.000        0.000        0.000
   180:        0.000        0.000        0.000        0.000        0.000
   185:        0.000        0.000        0.000        0.000        0.000
   190:        0.000        0.000        0.000        0.000        0.000
   195:        0.000        0.000        0.000        0.000        0.000
   200:        0.000        0.000        0.000        0.000        0.000
   205:        0.000        0.000        0.000        0.000        0.000
   210:        0.000        0.000        0.000        0.000        0.000
   215:        0.000        0.000        0.000        0.000        0.000
   220:        0.000        0.000        0.000        0.000        0.000
   225:        0.000        0.000        0.000        0.000
F:
     0:        0.000        0.000        0.000        4.000        0.000
     5:        0.000        0.000        0.000        0.000        3.000
    10:        0.000        0.000        0.000        0.000        1.000
    15:        2.000        0.000        0.000        1.000        3.000
    20:        0.000        4.000        0.000        2.000        2.000
    25:        4.000        0.000        3.000        1.000        1.000
    30:        3.000        4.000        2.000        4.000        2.000
    35:        1.000        3.000        3.000        0.000        0.000
    40:        4.000        2.000        1.000        2.000        0.000
    45:        0.000        1.000        3.000        0.000        4.000
    50:        2.000        4.000        3.000        1.000        1.000
    55:        2.000        4.000        3.000        1.000        2.000
    60:        4.000        2.000        1.000        4.000        3.000
    65:        2.000        1.000        4.000        3.000        1.000
    70:        3.000        4.000        2.000        1.000        3.000
    75:        0.000        0.000        0.000        0.000        0.000
    80:        0.000        0.000        0.000        0.000        0.000
    85:        0.000        0.000        0.000        0.000        0.000
    90:        2.000        4.000        1.000        3.000        0.000
    95:        4.000        2.000        1.000        3.000        2.000
   100:        4.000        4.000        3.000        2.000        1.000
   105:        0.000        0.000        0.000        0.000        0.000
   110:        3.000        2.000        0.000        4.000        1.000
   115:        2.000        0.000        1.000        4.000        3.000
   120:        2.000        0.000        4.000        3.000        1.000
   125:        1.000        0.000        0.000        0.000        0.000
   130:        0.000        0.000        0.000        0.000        0.000
   135:        0.000        0.000        0.000        0.000        0.000
   140:        0.000        0.000        0.000        0.000        0.000
   145:        0.000        0.000        0.000        0.000        0.000
   150:        0.000        0.000        0.000        0.000        0.000
   155:        0.000        0.000        0.000        0.000        0.000
   160:        0.000        0.000        0.000        0.000        0.000
   165:        0.000        0.000        0.000        0.000        0.000
   170:        0.000        0.000        0.000        0.000        0.000
   175:        0.000        0.000        0.000        0.000        0.000
   180:        0.000        0.000        0.000        0.000        0.000
   185:        0.000        0.000        0.000        0.000        0.000
   190:        0.000        0.000        0.000        0.000        0.000
   195:        0.000        0.000        0.000        0.000        0.000
   200:        0.000        0.000        0.000        0.000        0.000
   205:        0.000        0.000        0.000        0.000        0.000
   210:        0.000        0.000        0.000        0.000        0.000
   215:        0.000        0.000        0.000        0.000        0.000
   220:        0.000        0.000        0.000        0.000        0.000
   225:        0.000        0.000        0.000        0.000
G:
     0:       34.000       34.000        0.000
H:
     0:        0.000        0.000        0.000        1.000        0.000
     5:        0.000        0.000        0.000        0.000        1.000
    10:        0.000        0.000        0.000        0.000        1.000
    15:        1.000        0.000        0.000        1.000        1.000
    20:        0.000        1.000        0.000        1.000        1.000
    25:        1.000        0.000        1.000        1.000        1.000
    30:        1.000        1.000        1.000        2.000        1.000
    35:        1.000        2.000        1.000        0.000        0.000
    40:        1.000        1.000        1.000        1.000        0.000
    45:        0.000        1.000        1.000        0.000        1.000
    50:        1.000        1.000        1.000        1.000        1.000
    55:        1.000        4.000        4.000        4.000        4.000
    60:        4.000        4.000        4.000        4.000        4.000
    65:        4.000        4.000        4.000        4.000        4.000
    70:        4.000        4.000        4.000        4.000        4.000
    75:        0.000        0.000        0.000        0.000        0.000
    80:        0.000        0.000        0.000        0.000        0.000
    85:        0.000        0.000        0.000        0.000        0.000
    90:        4.000        4.000        4.000        4.000        0.000
    95:        4.000        4.000        4.000        4.000        4.000
   100:        4.000        4.000        4.000        4.000        0.000
   105:        0.000        0.000        0.000        0.000        0.000
   110:        0.000        4.000        0.000        4.000        4.000
   115:        4.000        0.000        4.000        4.000        0.000
   120:        4.000        0.000        0.000        0.000        4.000
   125:        4.000        0.000        0.000        0.000        0.000
   130:        0.000        0.000        0.000        0.000        0.000
   135:        0.000        0.000        0.000        0.000        0.000
   140:        0.000        0.000        0.000        0.000        0.000
   145:        0.000        0.000        0.000        0.000        0.000
   150:        0.000        0.000        0.000        0.000        0.000
   155:        0.000        0.000        0.000        0.000        0.000
   160:        0.000        0.000        0.000        0.000        0.000
   165:        0.000        0.000        0.000        0.000        0.000
   170:        0.000        0.000        0.000        0.000        0.000
   175:        0.000        0.000        0.000        0.000        0.000
   180:        0.000        0.000        0.000        0.000        0.000
   185:        0.000        0.000        0.000        0.000        0.000
   190:        0.000        0.000        0.000        0.000        0.000
   195:        0.000        0.000        0.000        0.000        0.000
   200:        0.000        0.000        0.000        0.000        0.000
   205:        0.000        0.000        0.000        0.000        0.000
   210:        0.000        0.000        0.000        0.000        0.000
   215:        0.000        0.000        0.000        0.000        0.000
   220:        0.000        0.000        0.000        0.000        0.000
   225:        0.000        0.000        0.000        0.000
J:
     0:        0.000        0.000        0.000        1.000        0.000
     5:        0.000        0.000        0.000        0.000        1.000
    10:        0.000        0.000        0.000        0.000        1.000
    15:        1.000        0.000        0.000        1.000        1.000
    20:        0.000        1.000        0.000        1.000        1.000
    25:        1.000        0.000        1.000        1.000        1.000
    30:        1.000        1.000        1.000        1.000        1.000
    35:        1.000        1.000        1.000        0.000        0.000
    40:        1.000        1.000        1.000        1.000        0.000
    45:        0.000        1.000        1.000        0.000        1.000
    50:        1.000        1.000        1.000        1.000        1.000
    55:        1.000        1.000        0.000        0.000        0.000
    60:        0.000        0.000        0.000        0.000        0.000
    65:        0.000        0.000        0.000        0.000        0.000
    70:        0.000        0.000        0.000        0.000        0.000
    75:        0.000        0.000        0.000        0.000        0.000
    80:        0.000        0.000        0.000        0.000        0.000
    85:        0.000        0.000        0.000        0.000        0.000
    90:        0.000        0.000        0.000        0.000        0.000
    95:        0.000        0.000        0.000        0.000        0.000
   100:        0.000        0.000        0.000        0.000        0.000
   105:        0.000        0.000        0.000        0.000        0.000
   110:        0.000        0.000        0.000        0.000        0.000
   115:        0.000        0.000        0.000        0.000        0.000
   120:        0.000        0.000        0.000        0.000        0.000
   125:        0.000        0.000        0.000        0.000        0.000
   130:        0.000        0.000        0.000        0.000        0.000
   135:        0.000        0.000        0.000        0.000        0.000
   140:        0.000        0.000        0.000        0.000        0.000
   145:        0.000        0.000        0.000        0.000        0.000
   150:        0.000        0.000        0.000        0.000        0.000
   155:        0.000        0.000        0.000        0.000        0.000
   160:        0.000        0.000        0.000        0.000        0.000
   165:        0.000        0.000        0.000        0.000        0.000
   170:        0.000        0.000        0.000        0.000        0.000
   175:        0.000        0.000        0.000        0.000        0.000
   180:        0.000        0.000        0.000        0.000        0.000
   185:        0.000        0.000        0.000        0.000        0.000
   190:        0.000        0.000        0.000        0.000        0.000
   195:        0.000        0.000        0.000        0.000        0.000
   200:        0.000        0.000        0.000        0.000        0.000
   205:        0.000        0.000        0.000        0.000        0.000
   210:        0.000        0.000        0.000        0.000        0.000
   215:        0.000        0.000        0.000        0.000        0.000
   220:        0.000        0.000        0.000        0.000        0.000
   225:        0.000        0.000        0.000        0.000
K:
     0:        0.000        0.000        0.000        0.000        0.000
     5:        0.000        0.000        0.000        0.000        0.000
    10:        0.000        0.000        0.000        0.000        0.000
    15:        0.000        0.000        0.000        0.000        0.000
    20:        0.000        0.000        0.000        0.000        0.000
    25:        0.000        0.000        0.000        0.000        0.000
    30:        0.000        0.000        0.000        0.000        0.000
    35:        0.000        0.000        0.000        0.000        0.000
    40:        0.000        0.000        0.000        0.000        0.000
    45:        0.000        0.000        0.000        0.000        0.000
    50:        0.000        0.000        0.000        0.000        0.000
    55:        0.000        1.000        1.000        1.000        1.000
    60:        1.000        1.000        1.000        1.000        1.000
    65:        1.000        1.000        1.000        1.000        1.000
    70:        1.000        1.000        1.000        1.000        1.000
    75:        0.000        0.000        0.000        0.000        0.000
    80:        0.000        0.000        0.000        0.000        0.000
    85:        0.000        0.000        0.000        0.000        0.000
    90:        1.000        1.000        1.000        1.000        0.000
    95:        1.000        1.000        1.000        1.000        1.000
   100:        1.000        1.000        1.000        1.000        0.000
   105:        0.000        0.000        0.000        0.000        0.000
   110:        0.000        1.000        0.000        1.000        1.000
   115:        1.000        0.000        1.000        1.000        0.000
   120:        1.000        0.000        0.000        0.000        1.000
   125:        1.000        0.000        0.000        0.000        0.000
   130:        0.000        0.000        0.000        0.000        0.000
   135:        0.000        0.000        0.000        0.000        0.000
   140:        0.000        0.000        0.000        0.000        0.000
   145:        0.000        0.000        0.000        0.000        0.000
   150:        0.000        0.000        0.000        0.000        0.000
   155:        0.000        0.000        0.000        0.000        0.000
   160:        0.000        0.000        0.000        0.000        0.000
   165:        0.000        0.000        0.000        0.000        0.000
   170:        0.000        0.000        0.000        0.000        0.000
   175:        0.000        0.000        0.000        0.000        0.000
   180:        0.000        0.000        0.000        0.000        0.000
   185:        0.000        0.000        0.000        0.000        0.000
   190:        0.000        0.000        0.000        0.000        0.000
   195:        0.000        0.000        0.000        0.000        0.000
   200:        0.000        0.000        0.000        0.000        0.000
   205:        0.000        0.000        0.000        0.000        0.000
   210:        0.000        0.000        0.000        0.000        0.000
   215:        0.000        0.000        0.000        0.000        0.000
   220:        0.000        0.000        0.000        0.000        0.000
   225:        0.000        0.000        0.000        0.000
L:
     0:        0.000        0.000        0.000        1.000        0.000
     5:        0.000        0.000        0.000        0.000        1.000
    10:        0.000        0.000        0.000        0.000        4.000
    15:        4.000        0.000        0.000        4.000        1.000
    20:        0.000        1.000        0.000        4.000        4.000
    25:        1.000        0.000        1.000        4.000        4.000
    30:        1.000        1.000        4.000        1.000        4.000
    35:        4.000        1.000        1.000        0.000        0.000
    40:        1.000        4.000        4.000        4.000        0.000
    45:        0.000        4.000        1.000        0.000        1.000
    50:        4.000        1.000        1.000        4.000        4.000
    55:        4.000        3.000        3.000        2.000        2.000
    60:        3.000        2.000        2.000        3.000        3.000
    65:        2.000        2.000        3.000        3.000        2.000
    70:        3.000        3.000        2.000        2.000        3.000
    75:        0.000        0.000        0.000        0.000        0.000
    80:        0.000        0.000        0.000        0.000        0.000
    85:        0.000        0.000        0.000        0.000        0.000
    90:        2.000        3.000        2.000        3.000        0.000
    95:        3.000        2.000        2.000        3.000        2.000
   100:        3.000        3.000        3.000        2.000        2.000
   105:        0.000        0.000        0.000        0.000        0.000
   110:        3.000        2.000        0.000        3.000        2.000
   115:        2.000        0.000        2.000        3.000        3.000
   120:        2.000        0.000        3.000        3.000        2.000
   125:        2.000        0.000        0.000        0.000        0.000
   130:        0.000        0.000        0.000        0.000        0.000
   135:        0.000        0.000        0.000        0.000        0.000
   140:        0.000        0.000        0.000        0.000        0.000
   145:        0.000        0.000        0.000        0.000        0.000
   150:        0.000        0.000        0.000        0.000        0.000
   155:        0.000        0.000        0.000        0.000        0.000
   160:        0.000        0.000        0.000        0.000        0.000
   165:        0.000        0.000        0.000        0.000        0.000
   170:        0.000        0.000        0.000        0.000        0.000
   175:        0.000        0.000        0.000        0.000        0.000
   180:        0.000        0.000        0.000        0.000        0.000
   185:        0.000        0.000        0.000        0.000        0.000
   190:        0.000        0.000        0.000        0.000        0.000
   195:        0.000        0.000        0.000        0.000        0.000
   200:        0.000        0.000        0.000        0.000        0.000
   205:        0.000        0.000        0.000        0.000        0.000
   210:        0.000        0.000        0.000        0.000        0.000
   215:        0.000        0.000        0.000        0.000        0.000
   220:        0.000        0.000        0.000        0.000        0.000
   225:        0.000        0.000        0.000        0.000
M:
     0:        5.000        0.000        0.000
O:
     0:        0.000        0.000        0.000        0.000        0.000
     5:        0.000        0.000        0.000        0.000        0.000
    10:        0.000        0.000        0.000        0.000        0.000
    15:        0.000        0.000        0.000        0.000        0.000
    20:        0.000        0.000        0.000        0.000        0.000
    25:        0.000        0.000        0.000        0.000        0.000
    30:        0.000        0.000        0.000        0.000        0.000
    35:        0.000        0.000        0.000        0.000        0.000
    40:        0.000        0.000        0.000        0.000        0.000
    45:        0.000        0.000        0.000        0.000        0.000
    50:        0.000        0.000        0.000        0.000        0.000
    55:        0.000        1.000        1.000        1.000        1.000
    60:        1.000        1.000        1.000        1.000        1.000
    65:        1.000        1.000        1.000        1.000        1.000
    70:        1.000        1.000        1.000        1.000        1.000
    75:        0.000        0.000        0.000        0.000        0.000
    80:        0.000        0.000        0.000        0.000        0.000
    85:        0.000        0.000        0.000        0.000        0.000
    90:        1.000        1.000        1.000        1.000        0.000
    95:        1.000        1.000        1.000        1.000        1.000
   100:        1.000        1.000        1.000        1.000        1.000
   105:        0.000        0.000        0.000        0.000        0.000
   110:        1.000        1.000        0.000        1.000        1.000
   115:        1.000        0.000        1.000        1.000        1.000
   120:        1.000        0.000        1.000        1.000        1.000
   125:        1.000        0.000        0.000        0.000        0.000
   130:        0.000        0.000        0.000        0.000        0.000
   135:        0.000        0.000        0.000        0.000        0.000
   140:        0.000        0.000        0.000        0.000        0.000
   145:        0.000        0.000        0.000        0.000        0.000
   150:        0.000        0.000        0.000        0.000        0.000
   155:        0.000        0.000        0.000        0.000        0.000
   160:        0.000        0.000        0.000        0.000        0.000
   165:        0.000        0.000        0.000        0.000        0.000
   170:        0.000        0.000        0.000        0.000        0.000
   175:        0.000        0.000        0.000        0.000        0.000
   180:        0.000        0.000        0.000        0.000        0.000
   185:        0.000        0.000        0.000        0.000        0.000
   190:        0.000        0.000        0.000        0.000        0.000
   195:        0.000        0.000        0.000        0.000        0.000
   200:        0.000        0.000        0.000        0.000        0.000
   205:        0.000        0.000        0.000        0.000        0.000
   210:        0.000        0.000        0.000        0.000        0.000
   215:        0.000        0.000        0.000        0.000        0.000
   220:        0.000        0.000        0.000        0.000        0.000
   225:        0.000        0.000        0.000        0.000
P:
     0:        0.000        0.000        0.000
Q:
     0:        1.000      229.000       49.000
S:
     0:        0.000        0.000        0.000        5.000        0.000
     5:        0.000        0.000        0.000        0.000        3.000
    10:        0.000        0.000        0.000        0.000        3.000
    15:        5.000        0.000        0.000        3.000        3.000
    20:        0.000        5.000        0.000        5.000        5.000
    25:        5.000        0.000        3.000        3.000        3.000
    30:        3.000        5.000        5.000        5.000        5.000
    35:        3.000        3.000        3.000        0.000        0.000
    40:        5.000        5.000        3.000        5.000        0.000
    45:        0.000        3.000        3.000        0.000        5.000
    50:        5.000        5.000        3.000        3.000        3.000
    55:        5.000        4.000        2.000        2.000        4.000
    60:        4.000        4.000        2.000        4.000        2.000
    65:        4.000        2.000        4.000        2.000        2.000
    70:        2.000        4.000        4.000        2.000        2.000
    75:        0.000        0.000        0.000        0.000        0.000
    80:        0.000        0.000        0.000        0.000        0.000
    85:        0.000        0.000        0.000        0.000        0.000
    90:        4.000        4.000        2.000        2.000        0.000
    95:        4.000        4.000        2.000        2.000        4.000
   100:        4.000        4.000        2.000        4.000        2.000
   105:        0.000        0.000        0.000        0.000        0.000
   110:        2.000        4.000        0.000        4.000        2.000
   115:        4.000        0.000        2.000        4.000        2.000
   120:        4.000        0.000        4.000        2.000        2.000
   125:        2.000        0.000        0.000        0.000        0.000
   130:        0.000        0.000        0.000        0.000        0.000
   135:        0.000        0.000        0.000        0.000        0.000
   140:        0.000        0.000        0.000        0.000        0.000
   145:        0.000        0.000        0.000        0.000        0.000
   150:        0.000        0.000        0.000        0.000        0.000
   155:        0.000        0.000        0.000        0.000        0.000
   160:        0.000        0.000        0.000        0.000        0.000
   165:        0.000        0.000        0.000        0.000        0.000
   170:        0.000        0.000        0.000        0.000        0.000
   175:        0.000        0.000        0.000        0.000        0.000
   180:        0.000        0.000        0.000        0.000        0.000
   185:        0.000        0.000        0.000        0.000        0.000
   190:        0.000        0.000        0.000        0.000        0.000
   195:        0.000        0.000        0.000        0.000        0.000
   200:        0.000        0.000        0.000        0.000        0.000
   205:        0.000        0.000        0.000        0.000        0.000
   210:        0.000        0.000        0.000        0.000        0.000
   215:        0.000        0.000        0.000        0.000        0.000
   220:        0.000        0.000        0.000        0.000        0.000
   225:        0.000        0.000        0.000        0.000
W:
     0:       43.000        2.000       41.000
X:
     0:        3.000        4.000        5.000        6.000        7.000
     5:        8.000
Y:
     0:        9.000       10.000       11.000       12.000       13.000
     5:       14.000
Z:
     0:        1.000        2.000        3.000        4.000
