File: C:\MED-PC\Data\2023-08-31_09h18m_Subject 138.txt


Start Date: 08/31/23
End Date: 08/31/23
Subject: 138
Experiment: 0
Group: 0
Box: 3
Start Time: 09:18:22
End Time: 10:54:08
MSN: CF_SetShiftingV1-1
I:     242.000
M:       1.000
N:      28.000
R:       1.000
T:    4500.000
V:       1.000
A:
     0:        7.000        9.000        6.000       10.000       14.000
     5:        8.000     4500.000
B:
     0:        3.000        5.000        7.000
C:
     0:        0.000        0.000        0.000        0.000        0.000
     5:        0.000        0.000      161.060      183.160      202.760
    10:      211.230      218.520      234.890      243.070      253.010
    15:      282.840      308.910      316.550      341.430      349.460
    20:      374.170      384.210      403.320      410.550      427.850
    25:      436.730      443.850      469.220      488.290      507.870
    30:      515.400      522.560      530.360      542.260      564.670
    35:      582.430      602.060      610.810      618.110      653.030
    40:      664.600      684.100      702.980      710.760      731.030
    45:      749.000      756.270      765.340      774.680      784.920
    50:      802.630      836.540      861.330      894.720      908.250
    55:      915.090      936.600      943.210      951.270      967.650
    60:      984.590      995.000     1012.820     1020.910     1032.720
    65:     1053.030     1060.870     1079.290     1098.020        0.000
    70:     1145.440     1152.900     1161.950     1173.630     1191.160
    75:     1198.080     1214.340     1232.220     1240.090     1256.860
    80:     1263.560     1271.250     1289.940     1297.400     1313.550
    85:     1330.490     1339.280     1373.450     1381.150     1388.390
    90:        0.000     1438.760     1456.250     1463.460     1496.170
    95:     1514.190     1522.330     1532.190     1540.960     1549.490
   100:     1566.350     1585.050     1595.400     1612.360     1628.700
   105:     1636.320     1650.740     1668.470     1686.860     1693.400
   110:     1704.520     1724.670     1744.790     1753.200     1762.620
   115:     1779.140     1797.810     1805.380     1823.880     1831.880
   120:     1840.730     1864.260     1883.420     1891.680     1900.270
   125:     1919.390     1926.300     1950.590     1970.410     1978.750
   130:     1986.610     2004.080     2025.220     2031.760     2039.780
   135:     2056.940     2065.490     2084.150     2101.020     2110.820
   140:     2120.610        0.000     2166.720     2185.350     2202.290
   145:     2210.410     2218.960     2228.430     2245.530     2274.730
   150:     2282.720     2291.610     2311.380     2319.650     2336.000
   155:     2346.260     2354.930     2378.290     2395.420     2411.880
   160:     2418.500     2426.760     2444.600     2464.480     2484.650
   165:     2491.770     2498.980     2517.570     2526.200     2533.410
   170:     2550.900     2568.680     2586.540     2595.530     2603.790
   175:     2612.820     2620.650     2638.720     2656.800     2664.120
   180:     2689.240     2696.670     2715.460     2733.020     2741.380
   185:     2760.700     2769.940     2777.530     2795.120        0.000
   190:     2854.970     2863.260     2871.420     2889.420        0.000
   195:     2941.860     2950.410        0.000     2988.490     2995.820
   200:     3013.620     3036.290     3052.850     3075.210     3082.950
   205:     3090.780     3109.130     3132.300     3139.810     3147.470
   210:     3166.180        0.000        0.000        0.000        0.000
   215:        0.000        0.000        0.000        0.000        0.000
   220:        0.000        0.000        0.000        0.000     3495.750
   225:     3525.170     3539.260     3551.600     3572.290     3590.670
   230:     3601.070     3627.760     3653.130        0.000     3696.840
   235:     3712.010        0.000        0.000        0.000     3821.680
   240:     3838.950     3847.070
D:
     0:        0.000        0.000        0.000        0.000        0.000
     5:        0.000        0.000        0.710        0.660        0.660
    10:        0.620        0.640        0.590        0.620        0.750
    15:        1.670        0.630        0.570        4.420        2.010
    20:        0.540        0.570        0.520        0.590        0.890
    25:        0.610        0.790        0.980        0.640        0.600
    30:        0.740        0.620        0.820        0.610        0.580
    35:        0.710        0.590        0.690        0.640        0.620
    40:        0.700        0.560        1.780        0.630        2.260
    45:        0.710        0.560        0.580        0.640        0.620
    50:        0.830        0.700        0.730        0.580        0.700
    55:        0.820        0.610        0.520        0.650        0.640
    60:        0.900        0.670        0.600        0.660        0.610
    65:        0.650        0.620        1.110        0.860        0.000
    70:        0.730        0.590        0.790        0.640        0.680
    75:        0.740        0.730        0.650        0.730        1.300
    80:        0.640        0.680        0.660        1.370        1.130
    85:        0.990        1.730        0.650        0.630        0.560
    90:        0.000        0.620        0.750        0.540        0.650
    95:        0.820        0.550        0.640        0.690        0.670
   100:        0.870        0.530        0.550        0.700        0.690
   105:        0.600        0.610        0.810        0.820        0.520
   110:        0.580        0.760        0.600        0.690        0.640
   115:        0.730        1.020        0.530        0.650        0.590
   120:        0.710        0.660        0.530        0.550        0.620
   125:        0.540        0.530        0.810        0.560        0.560
   130:        0.580        2.340        0.660        0.520        0.550
   135:        0.830        0.780        0.610        0.590        0.780
   140:        0.770        0.000        0.800        0.970        0.610
   145:        0.600        0.670        0.820        1.120        0.590
   150:        0.720        0.750        1.940        0.520        0.690
   155:        0.760        0.740        0.860        0.660        0.660
   160:        0.600        0.710        0.570        0.730        0.570
   165:        0.740        0.960        0.760        0.640        0.690
   170:        0.760        0.670        0.720        0.620        0.670
   175:        0.650        0.720        0.700        0.730        0.530
   180:        0.850        0.610        0.590        0.790        0.520
   185:        0.700        0.660        0.930        0.600        0.000
   190:        0.750        0.630        0.780        0.880        0.000
   195:        0.550        0.700        0.000        0.610        0.550
   200:        0.710        0.620        0.630        0.610        0.590
   205:        0.620        0.840        0.560        0.560        0.720
   210:        0.700        0.000        0.000        0.000        0.000
   215:        0.000        0.000        0.000        0.000        0.000
   220:        0.000        0.000        0.000        0.000        0.960
   225:        0.780        0.620        0.930        0.740        0.710
   230:        0.800        0.700        0.720        0.000        0.680
   235:        1.120        0.000        0.000        0.000        0.840
   240:        0.550        0.750
E:
     0:        0.000        0.000        0.000        0.000        0.000
     5:        0.000        0.000      160.350      182.500      202.100
    10:      210.610      217.880      234.300      242.450      252.260
    15:      281.170      308.280      315.980      337.010      347.450
    20:      373.630      383.640      402.800      409.960      426.960
    25:      436.120      443.060      468.240      487.650      507.270
    30:      514.660      521.940      529.540      541.650      564.090
    35:      581.720      601.470      610.120      617.470      652.410
    40:      663.900      683.540      701.200      710.130      728.770
    45:      748.290      755.710      764.760      774.040      784.300
    50:      801.800      835.840      860.600      894.140      907.550
    55:      914.270      935.990      942.690      950.620      967.010
    60:      983.690      994.330     1012.220     1020.250     1032.110
    65:     1052.380     1060.250     1078.180     1097.160        0.000
    70:     1144.710     1152.310     1161.160     1172.990     1190.480
    75:     1197.340     1213.610     1231.570     1239.360     1255.560
    80:     1262.920     1270.570     1289.280     1296.030     1312.420
    85:     1329.500     1337.550     1372.800     1380.520     1387.830
    90:        0.000     1438.140     1455.500     1462.920     1495.520
    95:     1513.370     1521.780     1531.550     1540.270     1548.820
   100:     1565.480     1584.520     1594.850     1611.660     1628.010
   105:     1635.720     1650.130     1667.660     1686.040     1692.880
   110:     1703.940     1723.910     1744.190     1752.510     1761.980
   115:     1778.410     1796.790     1804.850     1823.230     1831.290
   120:     1840.020     1863.600     1882.890     1891.130     1899.650
   125:     1918.850     1925.770     1949.780     1969.850     1978.190
   130:     1986.030     2001.740     2024.560     2031.240     2039.230
   135:     2056.110     2064.710     2083.540     2100.430     2110.040
   140:     2119.840        0.000     2165.920     2184.380     2201.680
   145:     2209.810     2218.290     2227.610     2244.410     2274.140
   150:     2282.000     2290.860     2309.440     2319.130     2335.310
   155:     2345.500     2354.190     2377.430     2394.760     2411.220
   160:     2417.900     2426.050     2444.030     2463.750     2484.080
   165:     2491.030     2498.020     2516.810     2525.560     2532.720
   170:     2550.140     2568.010     2585.820     2594.910     2603.120
   175:     2612.170     2619.930     2638.020     2656.070     2663.590
   180:     2688.390     2696.060     2714.870     2732.230     2740.860
   185:     2760.000     2769.280     2776.600     2794.520        0.000
   190:     2854.220     2862.630     2870.640     2888.540        0.000
   195:     2941.310     2949.710        0.000     2987.880     2995.270
   200:     3012.910     3035.670     3052.220     3074.600     3082.360
   205:     3090.160     3108.290     3131.740     3139.250     3146.750
   210:     3165.480        0.000        0.000        0.000        0.000
   215:        0.000        0.000        0.000        0.000        0.000
   220:        0.000        0.000        0.000     3477.760     3494.790
   225:     3524.390     3538.640     3550.670     3571.550     3589.960
   230:     3600.270     3627.060     3652.410        0.000     3696.160
   235:     3710.890        0.000        0.000        0.000     3820.840
   240:     3838.400     3846.320
F:
     0:        0.000        0.000        0.000        0.000        0.000
     5:        0.000        0.000        3.000        1.000        2.000
    10:        4.000        1.000        2.000        4.000        3.000
    15:        3.000        2.000        1.000        4.000        3.000
    20:        2.000        1.000        4.000        3.000        2.000
    25:        4.000        1.000        3.000        1.000        2.000
    30:        4.000        2.000        4.000        1.000        3.000
    35:        3.000        4.000        2.000        1.000        4.000
    40:        1.000        3.000        2.000        1.000        3.000
    45:        2.000        4.000        4.000        2.000        3.000
    50:        1.000        3.000        1.000        4.000        2.000
    55:        1.000        4.000        2.000        3.000        1.000
    60:        2.000        3.000        4.000        2.000        1.000
    65:        4.000        3.000        3.000        1.000        0.000
    70:        2.000        4.000        4.000        1.000        2.000
    75:        3.000        1.000        2.000        3.000        4.000
    80:        4.000        3.000        2.000        1.000        3.000
    85:        4.000        1.000        2.000        4.000        3.000
    90:        0.000        1.000        2.000        3.000        1.000
    95:        4.000        2.000        4.000        2.000        3.000
   100:        1.000        4.000        1.000        3.000        2.000
   105:        4.000        1.000        3.000        2.000        2.000
   110:        1.000        3.000        4.000        2.000        1.000
   115:        3.000        4.000        3.000        4.000        2.000
   120:        1.000        1.000        4.000        2.000        3.000
   125:        4.000        1.000        3.000        2.000        2.000
   130:        3.000        1.000        4.000        2.000        3.000
   135:        4.000        1.000        3.000        2.000        4.000
   140:        1.000        0.000        3.000        1.000        4.000
   145:        2.000        4.000        3.000        1.000        2.000
   150:        2.000        1.000        4.000        3.000        4.000
   155:        2.000        1.000        3.000        1.000        4.000
   160:        2.000        3.000        3.000        1.000        2.000
   165:        4.000        1.000        4.000        2.000        3.000
   170:        1.000        3.000        4.000        2.000        4.000
   175:        2.000        1.000        3.000        2.000        3.000
   180:        4.000        1.000        3.000        2.000        1.000
   185:        4.000        4.000        3.000        1.000        0.000
   190:        2.000        4.000        3.000        1.000        0.000
   195:        2.000        2.000        0.000        4.000        3.000
   200:        1.000        1.000        3.000        2.000        4.000
   205:        3.000        1.000        2.000        4.000        2.000
   210:        4.000        0.000        0.000        0.000        0.000
   215:        0.000        0.000        0.000        0.000        0.000
   220:        0.000        0.000        0.000        3.000        1.000
   225:        2.000        4.000        3.000        1.000        2.000
   230:        3.000        1.000        4.000        0.000        4.000
   235:        3.000        0.000        0.000        0.000        1.000
   240:        2.000        2.000
G:
     0:      107.000        0.000      107.000
H:
     0:        0.000        0.000        0.000        0.000        0.000
     5:        0.000        0.000        2.000        2.000        1.000
    10:        1.000        2.000        1.000        1.000        2.000
    15:        2.000        1.000        2.000        1.000        2.000
    20:        1.000        2.000        1.000        2.000        1.000
    25:        1.000        2.000        2.000        2.000        1.000
    30:        1.000        1.000        1.000        2.000        2.000
    35:        2.000        1.000        1.000        2.000        1.000
    40:        2.000        2.000        1.000        2.000        2.000
    45:        1.000        1.000        1.000        1.000        2.000
    50:        2.000        2.000        2.000        1.000        1.000
    55:        2.000        1.000        1.000        2.000        2.000
    60:        1.000        2.000        1.000        1.000        2.000
    65:        1.000        2.000        2.000        2.000        0.000
    70:        1.000        1.000        1.000        2.000        1.000
    75:        2.000        2.000        1.000        2.000        1.000
    80:        1.000        2.000        1.000        2.000        2.000
    85:        1.000        2.000        1.000        1.000        2.000
    90:        0.000        2.000        1.000        2.000        2.000
    95:        1.000        1.000        1.000        1.000        2.000
   100:        2.000        1.000        2.000        2.000        1.000
   105:        1.000        2.000        2.000        1.000        1.000
   110:        2.000        2.000        1.000        1.000        2.000
   115:        2.000        1.000        2.000        1.000        1.000
   120:        2.000        2.000        1.000        1.000        2.000
   125:        1.000        2.000        2.000        1.000        1.000
   130:        2.000        2.000        1.000        1.000        2.000
   135:        1.000        2.000        2.000        1.000        1.000
   140:        2.000        0.000        2.000        2.000        1.000
   145:        1.000        1.000        2.000        2.000        1.000
   150:        1.000        2.000        1.000        2.000        1.000
   155:        1.000        2.000        2.000        2.000        1.000
   160:        1.000        2.000        2.000        2.000        1.000
   165:        1.000        2.000        1.000        1.000        2.000
   170:        2.000        2.000        1.000        1.000        1.000
   175:        1.000        2.000        2.000        1.000        2.000
   180:        1.000        2.000        2.000        1.000        2.000
   185:        1.000        1.000        2.000        2.000        0.000
   190:        1.000        1.000        2.000        2.000        0.000
   195:        1.000        1.000        0.000        1.000        2.000
   200:        2.000        2.000        2.000        1.000        1.000
   205:        2.000        2.000        1.000        1.000        1.000
   210:        1.000        0.000        0.000        0.000        0.000
   215:        0.000        0.000        0.000        0.000        0.000
   220:        0.000        0.000        0.000        0.000        4.000
   225:        3.000        3.000        4.000        4.000        3.000
   230:        4.000        4.000        3.000        0.000        3.000
   235:        4.000        0.000        0.000        0.000        4.000
   240:        3.000        3.000
J:
     0:        0.000        0.000        0.000        0.000        0.000
     5:        0.000        0.000        1.000        1.000        0.000
    10:        0.000        1.000        0.000        0.000        1.000
    15:        1.000        0.000        1.000        0.000        1.000
    20:        0.000        1.000        0.000        1.000        0.000
    25:        0.000        1.000        1.000        1.000        0.000
    30:        0.000        0.000        0.000        1.000        1.000
    35:        1.000        0.000        0.000        1.000        0.000
    40:        1.000        1.000        0.000        1.000        1.000
    45:        0.000        0.000        0.000        0.000        1.000
    50:        1.000        1.000        1.000        0.000        0.000
    55:        1.000        0.000        0.000        1.000        1.000
    60:        0.000        1.000        0.000        0.000        1.000
    65:        0.000        1.000        1.000        1.000        0.000
    70:        0.000        0.000        0.000        1.000        0.000
    75:        1.000        1.000        0.000        1.000        0.000
    80:        0.000        1.000        0.000        1.000        1.000
    85:        0.000        1.000        0.000        0.000        1.000
    90:        0.000        1.000        0.000        1.000        1.000
    95:        0.000        0.000        0.000        0.000        1.000
   100:        1.000        0.000        1.000        1.000        0.000
   105:        0.000        1.000        1.000        0.000        0.000
   110:        1.000        1.000        0.000        0.000        1.000
   115:        1.000        0.000        1.000        0.000        0.000
   120:        1.000        1.000        0.000        0.000        1.000
   125:        0.000        1.000        1.000        0.000        0.000
   130:        1.000        1.000        0.000        0.000        1.000
   135:        0.000        1.000        1.000        0.000        0.000
   140:        1.000        0.000        1.000        1.000        0.000
   145:        0.000        0.000        1.000        1.000        0.000
   150:        0.000        1.000        0.000        1.000        0.000
   155:        0.000        1.000        1.000        1.000        0.000
   160:        0.000        1.000        1.000        1.000        0.000
   165:        0.000        1.000        0.000        0.000        1.000
   170:        1.000        1.000        0.000        0.000        0.000
   175:        0.000        1.000        1.000        0.000        1.000
   180:        0.000        1.000        1.000        0.000        1.000
   185:        0.000        0.000        1.000        1.000        0.000
   190:        0.000        0.000        1.000        1.000        0.000
   195:        0.000        0.000        0.000        0.000        1.000
   200:        1.000        1.000        1.000        0.000        0.000
   205:        1.000        1.000        0.000        0.000        0.000
   210:        0.000        0.000        0.000        0.000        0.000
   215:        0.000        0.000        0.000        0.000        0.000
   220:        0.000        0.000        0.000        1.000        1.000
   225:        0.000        0.000        1.000        1.000        0.000
   230:        1.000        1.000        0.000        0.000        0.000
   235:        1.000        0.000        0.000        0.000        1.000
   240:        0.000        0.000
K:
     0:        0.000        0.000        0.000        0.000        0.000
     5:        0.000        0.000        1.000        1.000        2.000
    10:        2.000        1.000        2.000        2.000        1.000
    15:        1.000        2.000        1.000        2.000        1.000
    20:        2.000        1.000        2.000        1.000        2.000
    25:        2.000        1.000        1.000        1.000        2.000
    30:        2.000        2.000        2.000        1.000        1.000
    35:        1.000        2.000        2.000        1.000        2.000
    40:        1.000        1.000        2.000        1.000        1.000
    45:        2.000        2.000        2.000        2.000        1.000
    50:        1.000        1.000        1.000        2.000        2.000
    55:        1.000        2.000        2.000        1.000        1.000
    60:        2.000        1.000        2.000        2.000        1.000
    65:        2.000        1.000        1.000        1.000        0.000
    70:        2.000        2.000        2.000        1.000        2.000
    75:        1.000        1.000        2.000        1.000        2.000
    80:        2.000        1.000        2.000        1.000        1.000
    85:        2.000        1.000        2.000        2.000        1.000
    90:        0.000        1.000        2.000        1.000        1.000
    95:        2.000        2.000        2.000        2.000        1.000
   100:        1.000        2.000        1.000        1.000        2.000
   105:        2.000        1.000        1.000        2.000        2.000
   110:        1.000        1.000        2.000        2.000        1.000
   115:        1.000        2.000        1.000        2.000        2.000
   120:        1.000        1.000        2.000        2.000        1.000
   125:        2.000        1.000        1.000        2.000        2.000
   130:        1.000        1.000        2.000        2.000        1.000
   135:        2.000        1.000        1.000        2.000        2.000
   140:        1.000        0.000        1.000        1.000        2.000
   145:        2.000        2.000        1.000        1.000        2.000
   150:        2.000        1.000        2.000        1.000        2.000
   155:        2.000        1.000        1.000        1.000        2.000
   160:        2.000        1.000        1.000        1.000        2.000
   165:        2.000        1.000        2.000        2.000        1.000
   170:        1.000        1.000        2.000        2.000        2.000
   175:        2.000        1.000        1.000        2.000        1.000
   180:        2.000        1.000        1.000        2.000        1.000
   185:        2.000        2.000        1.000        1.000        0.000
   190:        2.000        2.000        1.000        1.000        0.000
   195:        2.000        2.000        0.000        2.000        1.000
   200:        1.000        1.000        1.000        2.000        2.000
   205:        1.000        1.000        2.000        2.000        2.000
   210:        2.000        0.000        0.000        0.000        0.000
   215:        0.000        0.000        0.000        0.000        0.000
   220:        0.000        0.000        0.000        0.000        1.000
   225:        2.000        2.000        1.000        1.000        2.000
   230:        1.000        1.000        2.000        0.000        2.000
   235:        1.000        0.000        0.000        0.000        1.000
   240:        2.000        2.000
L:
     0:        0.000        0.000        0.000        0.000        0.000
     5:        0.000        0.000        2.000        3.000        3.000
    10:        2.000        3.000        3.000        2.000        2.000
    15:        2.000        3.000        3.000        2.000        2.000
    20:        3.000        3.000        2.000        2.000        3.000
    25:        2.000        3.000        2.000        3.000        3.000
    30:        2.000        3.000        2.000        3.000        2.000
    35:        2.000        2.000        3.000        3.000        2.000
    40:        3.000        2.000        3.000        3.000        2.000
    45:        3.000        2.000        2.000        3.000        2.000
    50:        3.000        2.000        3.000        2.000        3.000
    55:        3.000        2.000        3.000        2.000        3.000
    60:        3.000        2.000        2.000        3.000        3.000
    65:        2.000        2.000        2.000        3.000        0.000
    70:        3.000        2.000        2.000        3.000        3.000
    75:        2.000        3.000        3.000        2.000        2.000
    80:        2.000        2.000        3.000        3.000        2.000
    85:        2.000        3.000        3.000        2.000        2.000
    90:        0.000        3.000        3.000        2.000        3.000
    95:        2.000        3.000        2.000        3.000        2.000
   100:        3.000        2.000        3.000        2.000        3.000
   105:        2.000        3.000        2.000        3.000        3.000
   110:        3.000        2.000        2.000        3.000        3.000
   115:        2.000        2.000        2.000        2.000        3.000
   120:        3.000        3.000        2.000        3.000        2.000
   125:        2.000        3.000        2.000        3.000        3.000
   130:        2.000        3.000        2.000        3.000        2.000
   135:        2.000        3.000        2.000        3.000        2.000
   140:        3.000        0.000        2.000        3.000        2.000
   145:        3.000        2.000        2.000        3.000        3.000
   150:        3.000        3.000        2.000        2.000        2.000
   155:        3.000        3.000        2.000        3.000        2.000
   160:        3.000        2.000        2.000        3.000        3.000
   165:        2.000        3.000        2.000        3.000        2.000
   170:        3.000        2.000        2.000        3.000        2.000
   175:        3.000        3.000        2.000        3.000        2.000
   180:        2.000        3.000        2.000        3.000        3.000
   185:        2.000        2.000        2.000        3.000        0.000
   190:        3.000        2.000        2.000        3.000        0.000
   195:        3.000        3.000        0.000        2.000        2.000
   200:        3.000        3.000        2.000        3.000        2.000
   205:        2.000        3.000        3.000        2.000        3.000
   210:        2.000        0.000        0.000        0.000        0.000
   215:        0.000        0.000        0.000        0.000        0.000
   220:        0.000        0.000        0.000        4.000        5.000
   225:        5.000        4.000        4.000        5.000        5.000
   230:        4.000        5.000        4.000        0.000        4.000
   235:        4.000        0.000        0.000        0.000        5.000
   240:        5.000        5.000
O:
     0:        0.000        0.000        0.000        0.000        0.000
     5:        0.000        0.000        0.000        0.000        1.000
    10:        1.000        0.000        1.000        1.000        0.000
    15:        0.000        1.000        0.000        1.000        0.000
    20:        1.000        0.000        1.000        0.000        1.000
    25:        1.000        0.000        0.000        0.000        1.000
    30:        1.000        1.000        1.000        0.000        0.000
    35:        0.000        1.000        1.000        0.000        1.000
    40:        0.000        0.000        1.000        0.000        0.000
    45:        1.000        1.000        1.000        1.000        0.000
    50:        0.000        0.000        0.000        1.000        1.000
    55:        0.000        1.000        1.000        0.000        0.000
    60:        1.000        0.000        1.000        1.000        0.000
    65:        1.000        0.000        0.000        0.000        0.000
    70:        1.000        1.000        1.000        0.000        1.000
    75:        0.000        0.000        1.000        0.000        1.000
    80:        1.000        0.000        1.000        0.000        0.000
    85:        1.000        0.000        1.000        1.000        0.000
    90:        0.000        0.000        1.000        0.000        0.000
    95:        1.000        1.000        1.000        1.000        0.000
   100:        0.000        1.000        0.000        0.000        1.000
   105:        1.000        0.000        0.000        1.000        1.000
   110:        0.000        0.000        1.000        1.000        0.000
   115:        0.000        1.000        0.000        1.000        1.000
   120:        0.000        0.000        1.000        1.000        0.000
   125:        1.000        0.000        0.000        1.000        1.000
   130:        0.000        0.000        1.000        1.000        0.000
   135:        1.000        0.000        0.000        1.000        1.000
   140:        0.000        0.000        0.000        0.000        1.000
   145:        1.000        1.000        0.000        0.000        1.000
   150:        1.000        0.000        1.000        0.000        1.000
   155:        1.000        0.000        0.000        0.000        1.000
   160:        1.000        0.000        0.000        0.000        1.000
   165:        1.000        0.000        1.000        1.000        0.000
   170:        0.000        0.000        1.000        1.000        1.000
   175:        1.000        0.000        0.000        1.000        0.000
   180:        1.000        0.000        0.000        1.000        0.000
   185:        1.000        1.000        0.000        0.000        0.000
   190:        1.000        1.000        0.000        0.000        0.000
   195:        1.000        1.000        0.000        1.000        0.000
   200:        0.000        0.000        0.000        1.000        1.000
   205:        0.000        0.000        1.000        1.000        1.000
   210:        1.000        0.000        0.000        0.000        0.000
   215:        0.000        0.000        0.000        0.000        0.000
   220:        0.000        0.000        0.000        0.000        0.000
   225:        1.000        1.000        0.000        0.000        1.000
   230:        0.000        0.000        1.000        0.000        1.000
   235:        0.000        0.000        0.000        0.000        0.000
   240:        1.000        1.000
P:
     0:       16.000
Q:
     0:        8.000      242.000      234.000
S:
     0:        0.000        0.000        0.000        0.000        0.000
     5:        0.000        0.000        3.000        3.000        4.000
    10:        4.000        3.000        4.000        4.000        3.000
    15:        3.000        4.000        3.000        4.000        3.000
    20:        4.000        3.000        4.000        3.000        4.000
    25:        4.000        3.000        3.000        3.000        4.000
    30:        4.000        4.000        4.000        3.000        3.000
    35:        3.000        4.000        4.000        3.000        4.000
    40:        3.000        3.000        4.000        3.000        3.000
    45:        4.000        4.000        4.000        4.000        3.000
    50:        3.000        3.000        3.000        4.000        4.000
    55:        3.000        4.000        4.000        3.000        3.000
    60:        4.000        3.000        4.000        4.000        3.000
    65:        4.000        3.000        3.000        3.000        0.000
    70:        4.000        4.000        4.000        3.000        4.000
    75:        3.000        3.000        4.000        3.000        4.000
    80:        4.000        3.000        4.000        3.000        3.000
    85:        4.000        3.000        4.000        4.000        3.000
    90:        0.000        3.000        4.000        3.000        3.000
    95:        4.000        4.000        4.000        4.000        3.000
   100:        3.000        4.000        3.000        3.000        4.000
   105:        4.000        3.000        3.000        4.000        4.000
   110:        3.000        3.000        4.000        4.000        3.000
   115:        3.000        4.000        3.000        4.000        4.000
   120:        3.000        3.000        4.000        4.000        3.000
   125:        4.000        3.000        3.000        4.000        4.000
   130:        3.000        3.000        4.000        4.000        3.000
   135:        4.000        3.000        3.000        4.000        4.000
   140:        3.000        0.000        3.000        3.000        4.000
   145:        4.000        4.000        3.000        3.000        4.000
   150:        4.000        3.000        4.000        3.000        4.000
   155:        4.000        3.000        3.000        3.000        4.000
   160:        4.000        3.000        3.000        3.000        4.000
   165:        4.000        3.000        4.000        4.000        3.000
   170:        3.000        3.000        4.000        4.000        4.000
   175:        4.000        3.000        3.000        4.000        3.000
   180:        4.000        3.000        3.000        4.000        3.000
   185:        4.000        4.000        3.000        3.000        0.000
   190:        4.000        4.000        3.000        3.000        0.000
   195:        4.000        4.000        0.000        4.000        3.000
   200:        3.000        3.000        3.000        4.000        4.000
   205:        3.000        3.000        4.000        4.000        4.000
   210:        4.000        0.000        0.000        0.000        0.000
   215:        0.000        0.000        0.000        0.000        0.000
   220:        0.000        0.000        0.000        1.000        1.000
   225:        2.000        2.000        1.000        1.000        2.000
   230:        1.000        1.000        2.000        0.000        2.000
   235:        1.000        0.000        0.000        0.000        1.000
   240:        2.000        2.000
U:
     0:        9.000       11.000       13.000
W:
     0:      105.000      105.000        0.000
X:
     0:        4.000        6.000        8.000
Y:
     0:       10.000       12.000       14.000
Z:
     0:        1.000        2.000        3.000        4.000
