File: C:\MED-PC\Data\2023-08-18_08h42m_Subject 136.txt


Start Date: 08/18/23
End Date: 08/18/23
Subject: 136
Experiment: 0
Group: 0
Box: 1
Start Time: 08:42:03
End Time: 10:19:07
MSN: CF_SetShifting08172023
I:      70.000
M:       1.000
N:      28.000
R:       1.000
T:    5400.000
V:       0.000
A:
     0:        7.000        9.000        6.000       10.000       14.000
     5:        8.000     5400.000
B:
     0:        3.000        5.000        7.000
C:
     0:        0.000        7.630        0.000        0.000        0.000
     5:        0.000      134.830        0.000        0.000        0.000
    10:      221.240      242.260      267.780        0.000      303.300
    15:      332.140        0.000      365.330      377.910      404.510
    20:      427.800        0.000      478.750      497.400      517.610
    25:      542.280        0.000        0.000        0.000      641.370
    30:        0.000      684.390      698.530        0.000      751.560
    35:      774.610      792.620      806.760      820.930      837.980
    40:        0.000      888.030      909.320      921.880        0.000
    45:        0.000      991.170     1016.400     1029.010     1047.510
    50:        0.000        0.000        0.000        0.000        0.000
    55:        0.000        0.000        0.000     1260.870     1295.420
    60:     1326.370        0.000        0.000     1395.850     1426.660
    65:        0.000     1463.160     1483.150     1500.580     1524.310
D:
     0:        0.000        1.220        0.000        0.000        0.000
     5:        0.000        3.510        0.000        0.000        0.000
    10:        2.330        1.060        1.680        0.000        1.120
    15:        1.760        0.000        0.910        1.360        2.450
    20:        0.860        0.000        1.640        0.990        2.560
    25:        1.950        0.000        0.000        0.000        0.860
    30:        0.000        1.160        1.050        0.000        2.300
    35:        1.600        0.860        0.810        2.530        0.940
    40:        0.000        0.910        0.840        1.020        0.000
    45:        0.000        3.610        1.710        0.840        1.570
    50:        0.000        0.000        0.000        0.000        0.000
    55:        0.000        0.000        0.000        4.430        3.350
    60:        1.020        0.000        0.000        0.870        0.910
    65:        0.000        1.450        1.920        0.910        1.150
E:
     0:        0.000        6.410        0.000        0.000        0.000
     5:        0.000      131.320        0.000        0.000        0.000
    10:      218.910      241.200      266.100        0.000      302.180
    15:      330.380        0.000      364.420      376.550      402.060
    20:      426.940        0.000      477.110      496.410      515.050
    25:      540.330        0.000        0.000        0.000      640.510
    30:        0.000      683.230      697.480        0.000      749.260
    35:      773.010      791.760      805.950      818.400      837.040
    40:        0.000      887.120      908.480      920.860        0.000
    45:        0.000      987.560     1014.690     1028.170     1045.940
    50:        0.000        0.000        0.000        0.000        0.000
    55:        0.000        0.000        0.000     1256.440     1292.070
    60:     1325.350     1350.610        0.000     1394.980     1425.750
    65:        0.000     1461.710     1481.230     1499.670     1523.160
F:
     0:        0.000        4.000        0.000        0.000        0.000
     5:        0.000        2.000        0.000        0.000        0.000
    10:        1.000        3.000        4.000        0.000        2.000
    15:        1.000        0.000        3.000        1.000        4.000
    20:        3.000        0.000        2.000        1.000        2.000
    25:        3.000        0.000        0.000        0.000        4.000
    30:        0.000        1.000        3.000        0.000        2.000
    35:        4.000        3.000        1.000        4.000        2.000
    40:        0.000        4.000        3.000        1.000        0.000
    45:        0.000        2.000        1.000        4.000        3.000
    50:        0.000        0.000        0.000        0.000        0.000
    55:        0.000        0.000        0.000        2.000        4.000
    60:        1.000        3.000        0.000        2.000        3.000
    65:        0.000        2.000        4.000        1.000        2.000
G:
     0:       19.000       17.000        2.000
H:
     0:        0.000        2.000        0.000        0.000        0.000
     5:        0.000        1.000        0.000        0.000        0.000
    10:        1.000        1.000        1.000        0.000        2.000
    15:        1.000        0.000        1.000        2.000        2.000
    20:        1.000        0.000        2.000        1.000        2.000
    25:        1.000        0.000        0.000        0.000        2.000
    30:        0.000        1.000        1.000        0.000        2.000
    35:        2.000        1.000        1.000        2.000        2.000
    40:        0.000        2.000        1.000        2.000        0.000
    45:        0.000        2.000        1.000        2.000        1.000
    50:        0.000        0.000        0.000        0.000        0.000
    55:        0.000        0.000        0.000        2.000        2.000
    60:        1.000        0.000        0.000        2.000        1.000
    65:        0.000        2.000        2.000        1.000        2.000
J:
     0:        0.000        0.000        0.000        0.000        0.000
     5:        0.000        0.000        0.000        0.000        0.000
    10:        1.000        1.000        0.000        0.000        0.000
    15:        1.000        0.000        1.000        1.000        0.000
    20:        1.000        0.000        0.000        1.000        0.000
    25:        1.000        0.000        0.000        0.000        0.000
    30:        0.000        1.000        1.000        0.000        0.000
    35:        0.000        1.000        1.000        0.000        0.000
    40:        0.000        0.000        1.000        1.000        0.000
    45:        0.000        0.000        1.000        0.000        1.000
    50:        0.000        0.000        0.000        0.000        0.000
    55:        0.000        0.000        0.000        0.000        0.000
    60:        1.000        1.000        0.000        0.000        1.000
    65:        0.000        0.000        0.000        1.000        0.000
K:
     0:        0.000        1.000        0.000        0.000        0.000
     5:        0.000        2.000        0.000        0.000        0.000
    10:        2.000        2.000        2.000        0.000        1.000
    15:        2.000        0.000        2.000        1.000        1.000
    20:        2.000        0.000        1.000        2.000        1.000
    25:        2.000        0.000        0.000        0.000        1.000
    30:        0.000        2.000        2.000        0.000        1.000
    35:        1.000        2.000        2.000        1.000        1.000
    40:        0.000        1.000        2.000        1.000        0.000
    45:        0.000        1.000        2.000        1.000        2.000
    50:        0.000        0.000        0.000        0.000        0.000
    55:        0.000        0.000        0.000        1.000        1.000
    60:        2.000        0.000        0.000        1.000        2.000
    65:        0.000        1.000        1.000        2.000        1.000
L:
     0:        0.000        4.000        0.000        0.000        0.000
     5:        0.000        5.000        0.000        0.000        0.000
    10:        5.000        4.000        4.000        0.000        5.000
    15:        5.000        0.000        4.000        5.000        4.000
    20:        4.000        0.000        5.000        5.000        5.000
    25:        4.000        0.000        0.000        0.000        4.000
    30:        0.000        5.000        4.000        0.000        5.000
    35:        4.000        4.000        5.000        4.000        5.000
    40:        0.000        4.000        4.000        5.000        0.000
    45:        0.000        5.000        5.000        4.000        4.000
    50:        0.000        0.000        0.000        0.000        0.000
    55:        0.000        0.000        0.000        5.000        4.000
    60:        5.000        4.000        0.000        5.000        4.000
    65:        0.000        5.000        4.000        5.000        5.000
O:
     0:        0.000        1.000        0.000        0.000        0.000
     5:        0.000        1.000        0.000        0.000        0.000
    10:        0.000        0.000        1.000        0.000        1.000
    15:        0.000        0.000        0.000        0.000        1.000
    20:        0.000        0.000        1.000        0.000        1.000
    25:        0.000        0.000        0.000        0.000        1.000
    30:        0.000        0.000        0.000        0.000        1.000
    35:        1.000        0.000        0.000        1.000        1.000
    40:        0.000        1.000        0.000        0.000        0.000
    45:        0.000        1.000        0.000        1.000        0.000
    50:        0.000        0.000        0.000        0.000        0.000
    55:        0.000        0.000        0.000        1.000        1.000
    60:        0.000        0.000        0.000        1.000        0.000
    65:        0.000        1.000        1.000        0.000        1.000
P:
     0:       42.000
Q:
     0:        9.000       42.000       34.000
S:
     0:        0.000        2.000        0.000        0.000        0.000
     5:        0.000        2.000        0.000        0.000        0.000
    10:        1.000        1.000        2.000        0.000        2.000
    15:        1.000        0.000        1.000        1.000        2.000
    20:        1.000        0.000        2.000        1.000        2.000
    25:        1.000        0.000        0.000        0.000        2.000
    30:        0.000        1.000        1.000        0.000        2.000
    35:        2.000        1.000        1.000        2.000        2.000
    40:        0.000        2.000        1.000        1.000        0.000
    45:        0.000        2.000        1.000        2.000        1.000
    50:        0.000        0.000        0.000        0.000        0.000
    55:        0.000        0.000        0.000        2.000        2.000
    60:        1.000        1.000        0.000        2.000        1.000
    65:        0.000        2.000        2.000        1.000        2.000
U:
     0:        9.000       11.000       13.000
W:
     0:       21.000        2.000       19.000
X:
     0:        4.000        6.000        8.000
Y:
     0:       10.000       12.000       14.000
Z:
     0:        1.000        2.000        3.000        4.000
