File: C:\MED-PC\Data\2023-07-19_09h48m_Subject 139.txt


Start Date: 07/19/23
End Date: 07/19/23
Subject: 139
Experiment: 0
Group: 0
Box: 4
Start Time: 09:48:14
End Time: 11:11:02
MSN: CF-SetShifting07132023
B:       0.000
I:     191.000
N:     129.000
R:       1.000
T:    4500.000
V:       0.000
A:
     0:        5.000       14.000        8.000       10.000
C:
     0:        0.000        0.000        0.000        0.000        0.000
     5:        0.000        0.000        0.000        0.000        0.000
    10:        0.000        0.000        0.000        0.000        0.000
    15:        0.000        0.000        0.000      435.840        0.000
    20:        0.000      499.640        0.000        0.000        0.000
    25:        0.000      634.470        0.000        0.000        0.000
    30:        0.000        0.000        0.000        0.000      831.550
    35:      848.160        0.000        0.000      919.140        0.000
    40:        0.000      989.170     1003.590        0.000        0.000
    45:     1075.910     1110.120        0.000        0.000        0.000
    50:     1217.240        0.000        0.000     1286.990     1301.680
    55:     1321.850     1348.060     1363.210     1386.130     1422.360
    60:        0.000     1475.320        0.000        0.000        0.000
    65:        0.000        0.000     1623.680        0.000     1677.580
    70:        0.000        0.000     1750.630     1778.000     1795.360
    75:     1814.590     1838.770     1860.030     1879.500     1899.700
    80:        0.000     1950.760        0.000     2012.390        0.000
    85:        0.000        0.000     2096.870        0.000        0.000
    90:     2160.320        0.000     2216.750     2231.530        0.000
    95:     2272.970        0.000        0.000     2340.520        0.000
   100:        0.000        0.000        0.000        0.000        0.000
   105:        0.000     2544.360     2572.070     2588.780     2605.780
   110:     2630.140     2642.830        0.000        0.000        0.000
   115:        0.000        0.000     2786.250        0.000        0.000
   120:        0.000        0.000        0.000        0.000        0.000
   125:        0.000        0.000     3026.300     3037.870        0.000
   130:     3090.820     3114.200        0.000        0.000        0.000
   135:     3204.450     3224.700     3239.720        0.000        0.000
   140:        0.000        0.000        0.000        0.000        0.000
   145:        0.000        0.000        0.000        0.000     3525.660
   150:        0.000        0.000        0.000        0.000        0.000
   155:        0.000        0.000        0.000        0.000        0.000
   160:        0.000        0.000     3848.260     3875.740        0.000
   165:        0.000     3942.270        0.000     3979.050     3988.000
   170:     4004.340        0.000        0.000        0.000        0.000
   175:        0.000        0.000        0.000        0.000        0.000
   180:        0.000        0.000        0.000        0.000        0.000
   185:        0.000        0.000        0.000        0.000        0.000
   190:     4496.690
D:
     0:        0.000        0.000        0.000        0.000        0.000
     5:        0.000        0.000        0.000        0.000        0.000
    10:        0.000        0.000        0.000        0.000        0.000
    15:        0.000        0.000        0.000        2.360        0.000
    20:        0.000        2.950        0.000        0.000        0.000
    25:        0.000        3.430        0.000        0.000        0.000
    30:        0.000        0.000        0.000        0.000        3.450
    35:        1.560        0.000        0.000        3.320        0.000
    40:        0.000        2.120        1.760        0.000        0.000
    45:        5.850        2.730        0.000        0.000        0.000
    50:        3.910        0.000        0.000        3.980        1.570
    55:        2.400        3.830        2.700        5.910        3.850
    60:        0.000        5.780        0.000        0.000        0.000
    65:        0.000        0.000        1.580        0.000        6.500
    70:        0.000        0.000        3.400        5.660        1.910
    75:        3.410        1.300        5.580        5.640        2.990
    80:        0.000        2.750        0.000       10.010        0.000
    85:        0.000        0.000        2.970        0.000        0.000
    90:        4.120        0.000        5.470        2.090        0.000
    95:        2.260        0.000        0.000        2.360        0.000
   100:        0.000        0.000        0.000        0.000        0.000
   105:        0.000        3.390        3.370        6.160        5.540
   110:        2.590        2.870        0.000        0.000    -2715.560
   115:        0.000        0.000        2.710        0.000        0.000
   120:        0.000        0.000        0.000        0.000        0.000
   125:        0.000        0.000        1.240        2.550        0.000
   130:        3.480        1.420        0.000        0.000        0.000
   135:        2.910        2.880        1.080        0.000        0.000
   140:        0.000        0.000        0.000        0.000        0.000
   145:        0.000        0.000        0.000        0.000        3.640
   150:        0.000        0.000        0.000        0.000        0.000
   155:        0.000        0.000        0.000        0.000        0.000
   160:        0.000    -3822.850        1.540        2.250        0.000
   165:        0.000        6.090        0.000        3.470        1.840
   170:        1.050        0.000        0.000        0.000        0.000
   175:        0.000        0.000        0.000        0.000        0.000
   180:        0.000        0.000        0.000        0.000        0.000
   185:        0.000        0.000        0.000        0.000        0.000
   190:        3.190
F:
     0:        0.000        0.000        0.000        0.000        0.000
     5:        0.000        0.000        0.000        0.000        0.000
    10:        0.000        0.000        0.000        0.000        0.000
    15:        0.000        0.000        0.000        3.000        0.000
    20:        0.000        2.000        0.000        0.000        0.000
    25:        0.000        1.000        0.000        0.000        0.000
    30:        0.000        0.000        0.000        0.000        4.000
    35:        3.000        0.000        0.000        2.000        0.000
    40:        0.000        4.000        1.000        0.000        0.000
    45:        4.000        2.000        0.000        0.000        0.000
    50:        1.000        0.000        0.000        3.000        2.000
    55:        1.000        3.000        4.000        4.000        2.000
    60:        0.000        1.000        0.000        0.000        0.000
    65:        0.000        0.000        3.000        0.000        3.000
    70:        0.000        0.000        2.000        1.000        4.000
    75:        1.000        2.000        4.000        3.000        1.000
    80:        0.000        2.000        0.000        3.000        0.000
    85:        0.000        0.000        4.000        0.000        0.000
    90:        4.000        0.000        3.000        1.000        0.000
    95:        2.000        0.000        0.000        2.000        0.000
   100:        0.000        0.000        0.000        0.000        0.000
   105:        0.000        1.000        4.000        3.000        1.000
   110:        4.000        2.000        0.000        0.000        3.000
   115:        0.000        0.000        1.000        0.000        0.000
   120:        0.000        0.000        0.000        0.000        0.000
   125:        0.000        0.000        3.000        2.000        0.000
   130:        4.000        1.000        0.000        0.000        0.000
   135:        4.000        2.000        3.000        0.000        0.000
   140:        0.000        0.000        0.000        0.000        0.000
   145:        0.000        0.000        0.000        0.000        2.000
   150:        0.000        0.000        0.000        0.000        0.000
   155:        0.000        0.000        0.000        0.000        0.000
   160:        0.000        3.000        4.000        1.000        0.000
   165:        0.000        3.000        0.000        2.000        4.000
   170:        1.000        0.000        0.000        0.000        0.000
   175:        0.000        0.000        0.000        0.000        0.000
   180:        0.000        0.000        0.000        0.000        0.000
   185:        0.000        0.000        0.000        0.000        0.000
   190:        1.000
G:
     0:       42.000        0.000       42.000        0.000
H:
     0:        0.000        0.000        0.000        0.000        0.000
     5:        0.000        0.000        0.000        0.000        0.000
    10:        0.000        0.000        0.000        0.000        0.000
    15:        0.000        0.000        0.000        1.000        0.000
    20:        0.000        2.000        0.000        0.000        0.000
    25:        0.000        1.000        0.000        0.000        0.000
    30:        0.000        0.000        0.000        0.000        2.000
    35:        2.000        0.000        0.000        1.000        0.000
    40:        0.000        1.000        2.000        0.000        0.000
    45:        2.000        2.000        0.000        0.000        0.000
    50:        1.000        0.000        0.000        1.000        2.000
    55:        2.000        1.000        2.000        2.000        2.000
    60:        0.000        1.000        0.000        0.000        0.000
    65:        0.000        0.000        1.000        0.000        1.000
    70:        0.000        0.000        1.000        2.000        2.000
    75:        1.000        1.000        1.000        1.000        2.000
    80:        0.000        2.000        0.000        1.000        0.000
    85:        0.000        0.000        1.000        0.000        0.000
    90:        1.000        0.000        1.000        1.000        0.000
    95:        2.000        0.000        0.000        1.000        0.000
   100:        0.000        0.000        0.000        0.000        0.000
   105:        0.000        1.000        1.000        1.000        1.000
   110:        1.000        1.000        0.000        0.000        0.000
   115:        0.000        0.000        1.000        0.000        0.000
   120:        0.000        0.000        0.000        0.000        0.000
   125:        0.000        0.000        1.000        1.000        0.000
   130:        1.000        1.000        0.000        0.000        0.000
   135:        1.000        1.000        1.000        0.000        0.000
   140:        0.000        0.000        0.000        0.000        0.000
   145:        0.000        0.000        0.000        0.000        1.000
   150:        0.000        0.000        0.000        0.000        0.000
   155:        0.000        0.000        0.000        0.000        0.000
   160:        0.000        0.000        1.000        1.000        0.000
   165:        0.000        1.000        0.000        1.000        2.000
   170:        1.000        0.000        0.000        0.000        0.000
   175:        0.000        0.000        0.000        0.000        0.000
   180:        0.000        0.000        0.000        0.000        0.000
   185:        0.000        0.000        0.000        0.000        0.000
   190:        1.000
J:
     0:        0.000        0.000        0.000        0.000        0.000
     5:        0.000        0.000        0.000        0.000        0.000
    10:        0.000        0.000        0.000        0.000        0.000
    15:        0.000        0.000        0.000        0.000        0.000
    20:        0.000        0.000        0.000        0.000        0.000
    25:        0.000        0.000        0.000        0.000        0.000
    30:        0.000        0.000        0.000        0.000        0.000
    35:        0.000        0.000        0.000        0.000        0.000
    40:        0.000        0.000        0.000        0.000        0.000
    45:        0.000        0.000        0.000        0.000        0.000
    50:        0.000        0.000        0.000        0.000        0.000
    55:        0.000        0.000        0.000        0.000        0.000
    60:        0.000        0.000        0.000        0.000        0.000
    65:        0.000        0.000        0.000        0.000        0.000
    70:        0.000        0.000        0.000        0.000        0.000
    75:        0.000        0.000        0.000        0.000        0.000
    80:        0.000        0.000        0.000        0.000        0.000
    85:        0.000        0.000        0.000        0.000        0.000
    90:        0.000        0.000        0.000        0.000        0.000
    95:        0.000        0.000        0.000        0.000        0.000
   100:        0.000        0.000        0.000        0.000        0.000
   105:        0.000        0.000        0.000        0.000        0.000
   110:        0.000        0.000        0.000        0.000        0.000
   115:        0.000        0.000        0.000        0.000        0.000
   120:        0.000        0.000        0.000        0.000        0.000
   125:        0.000        0.000        0.000        0.000        0.000
   130:        0.000        0.000        0.000        0.000        0.000
   135:        0.000        0.000        0.000        0.000        0.000
   140:        0.000        0.000        0.000        0.000        0.000
   145:        0.000        0.000        0.000        0.000        0.000
   150:        0.000        0.000        0.000        0.000        0.000
   155:        0.000        0.000        0.000        0.000        0.000
   160:        0.000        0.000        0.000        0.000        0.000
   165:        0.000        0.000        0.000        0.000        0.000
   170:        0.000        0.000        0.000        0.000        0.000
   175:        0.000        0.000        0.000        0.000        0.000
   180:        0.000        0.000        0.000        0.000        0.000
   185:        0.000        0.000        0.000        0.000        0.000
   190:        0.000
K:
     0:        0.000        0.000        0.000        0.000        0.000
     5:        0.000        0.000        0.000        0.000        0.000
    10:        0.000        0.000        0.000        0.000        0.000
    15:        0.000        0.000        0.000        2.000        0.000
    20:        0.000        1.000        0.000        0.000        0.000
    25:        0.000        2.000        0.000        0.000        0.000
    30:        0.000        0.000        0.000        0.000        1.000
    35:        1.000        0.000        0.000        2.000        0.000
    40:        0.000        2.000        1.000        0.000        0.000
    45:        1.000        1.000        0.000        0.000        0.000
    50:        2.000        0.000        0.000        2.000        1.000
    55:        1.000        2.000        1.000        1.000        1.000
    60:        0.000        2.000        0.000        0.000        0.000
    65:        0.000        0.000        2.000        0.000        2.000
    70:        0.000        0.000        2.000        1.000        1.000
    75:        2.000        2.000        2.000        2.000        1.000
    80:        0.000        1.000        0.000        2.000        0.000
    85:        0.000        0.000        2.000        0.000        0.000
    90:        2.000        0.000        2.000        2.000        0.000
    95:        1.000        0.000        0.000        2.000        0.000
   100:        0.000        0.000        0.000        0.000        0.000
   105:        0.000        2.000        2.000        2.000        2.000
   110:        2.000        2.000        0.000        0.000        0.000
   115:        0.000        0.000        2.000        0.000        0.000
   120:        0.000        0.000        0.000        0.000        0.000
   125:        0.000        0.000        2.000        2.000        0.000
   130:        2.000        2.000        0.000        0.000        0.000
   135:        2.000        2.000        2.000        0.000        0.000
   140:        0.000        0.000        0.000        0.000        0.000
   145:        0.000        0.000        0.000        0.000        2.000
   150:        0.000        0.000        0.000        0.000        0.000
   155:        0.000        0.000        0.000        0.000        0.000
   160:        0.000        0.000        2.000        2.000        0.000
   165:        0.000        2.000        0.000        2.000        1.000
   170:        2.000        0.000        0.000        0.000        0.000
   175:        0.000        0.000        0.000        0.000        0.000
   180:        0.000        0.000        0.000        0.000        0.000
   185:        0.000        0.000        0.000        0.000        0.000
   190:        2.000
L:
     0:        0.000        0.000        0.000        0.000        0.000
     5:        0.000        0.000        0.000        0.000        0.000
    10:        0.000        0.000        0.000        0.000        0.000
    15:        0.000        0.000        0.000        6.000        0.000
    20:        0.000        3.000        0.000        0.000        0.000
    25:        0.000        3.000        0.000        0.000        0.000
    30:        0.000        0.000        0.000        0.000        6.000
    35:        6.000        0.000        0.000        3.000        0.000
    40:        0.000        6.000        3.000        0.000        0.000
    45:        6.000        3.000        0.000        0.000        0.000
    50:        3.000        0.000        0.000        6.000        3.000
    55:        3.000        6.000        6.000        6.000        3.000
    60:        0.000        3.000        0.000        0.000        0.000
    65:        0.000        0.000        6.000        0.000        6.000
    70:        0.000        0.000        3.000        3.000        6.000
    75:        3.000        3.000        6.000        6.000        3.000
    80:        0.000        3.000        0.000        6.000        0.000
    85:        0.000        0.000        6.000        0.000        0.000
    90:        6.000        0.000        6.000        3.000        0.000
    95:        3.000        0.000        0.000        3.000        0.000
   100:        0.000        0.000        0.000        0.000        0.000
   105:        0.000        3.000        6.000        6.000        3.000
   110:        6.000        3.000        0.000        0.000        6.000
   115:        0.000        0.000        3.000        0.000        0.000
   120:        0.000        0.000        0.000        0.000        0.000
   125:        0.000        0.000        6.000        3.000        0.000
   130:        6.000        3.000        0.000        0.000        0.000
   135:        6.000        3.000        6.000        0.000        0.000
   140:        0.000        0.000        0.000        0.000        0.000
   145:        0.000        0.000        0.000        0.000        3.000
   150:        0.000        0.000        0.000        0.000        0.000
   155:        0.000        0.000        0.000        0.000        0.000
   160:        0.000        6.000        6.000        3.000        0.000
   165:        0.000        6.000        0.000        3.000        6.000
   170:        3.000        0.000        0.000        0.000        0.000
   175:        0.000        0.000        0.000        0.000        0.000
   180:        0.000        0.000        0.000        0.000        0.000
   185:        0.000        0.000        0.000        0.000        0.000
   190:        3.000
M:
     0:        2.000        0.000        0.000        0.000
O:
     0:        0.000        0.000        0.000        0.000        0.000
     5:        0.000        0.000        0.000        0.000        0.000
    10:        0.000        0.000        0.000        0.000        0.000
    15:        0.000        0.000        0.000        1.000        0.000
    20:        0.000        1.000        0.000        0.000        0.000
    25:        0.000        1.000        0.000        0.000        0.000
    30:        0.000        0.000        0.000        0.000        1.000
    35:        1.000        0.000        0.000        1.000        0.000
    40:        0.000        1.000        1.000        0.000        0.000
    45:        1.000        1.000        0.000        0.000        0.000
    50:        1.000        0.000        0.000        1.000        1.000
    55:        1.000        1.000        1.000        1.000        1.000
    60:        0.000        1.000        0.000        0.000        0.000
    65:        0.000        0.000        1.000        0.000        1.000
    70:        0.000        0.000        1.000        1.000        1.000
    75:        1.000        1.000        1.000        1.000        1.000
    80:        0.000        1.000        0.000        1.000        0.000
    85:        0.000        0.000        1.000        0.000        0.000
    90:        1.000        0.000        1.000        1.000        0.000
    95:        1.000        0.000        0.000        1.000        0.000
   100:        0.000        0.000        0.000        0.000        0.000
   105:        0.000        1.000        1.000        1.000        1.000
   110:        1.000        1.000        0.000        0.000        1.000
   115:        0.000        0.000        1.000        0.000        0.000
   120:        0.000        0.000        0.000        0.000        0.000
   125:        0.000        0.000        1.000        1.000        0.000
   130:        1.000        1.000        0.000        0.000        0.000
   135:        1.000        1.000        1.000        0.000        0.000
   140:        0.000        0.000        0.000        0.000        0.000
   145:        0.000        0.000        0.000        0.000        1.000
   150:        0.000        0.000        0.000        0.000        0.000
   155:        0.000        0.000        0.000        0.000        0.000
   160:        0.000        1.000        1.000        1.000        0.000
   165:        0.000        1.000        0.000        1.000        1.000
   170:        1.000        0.000        0.000        0.000        0.000
   175:        0.000        0.000        0.000        0.000        0.000
   180:        0.000        0.000        0.000        0.000        0.000
   185:        0.000        0.000        0.000        0.000        0.000
   190:        1.000
P:
     0:        0.000        0.000        0.000
Q:
     0:        2.000      191.000      183.000
S:
     0:        0.000        0.000        0.000        0.000        0.000
     5:        0.000        0.000        0.000        0.000        0.000
    10:        0.000        0.000        0.000        0.000        0.000
    15:        0.000        0.000        0.000        6.000        0.000
    20:        0.000        2.000        0.000        0.000        0.000
    25:        0.000        6.000        0.000        0.000        0.000
    30:        0.000        0.000        0.000        0.000        2.000
    35:        6.000        0.000        0.000        2.000        0.000
    40:        0.000        2.000        6.000        0.000        0.000
    45:        2.000        2.000        0.000        0.000        0.000
    50:        6.000        0.000        0.000        6.000        2.000
    55:        6.000        6.000        2.000        2.000        2.000
    60:        0.000        6.000        0.000        0.000        0.000
    65:        0.000        0.000        6.000        0.000        6.000
    70:        0.000        0.000        2.000        6.000        2.000
    75:        6.000        2.000        2.000        6.000        6.000
    80:        0.000        2.000        0.000        6.000        0.000
    85:        0.000        0.000        2.000        0.000        0.000
    90:        2.000        0.000        6.000        6.000        0.000
    95:        2.000        0.000        0.000        2.000        0.000
   100:        0.000        0.000        0.000        0.000        0.000
   105:        0.000        6.000        2.000        6.000        6.000
   110:        2.000        2.000        0.000        0.000        6.000
   115:        0.000        0.000        6.000        0.000        0.000
   120:        0.000        0.000        0.000        0.000        0.000
   125:        0.000        0.000        6.000        2.000        0.000
   130:        2.000        6.000        0.000        0.000        0.000
   135:        2.000        2.000        6.000        0.000        0.000
   140:        0.000        0.000        0.000        0.000        0.000
   145:        0.000        0.000        0.000        0.000        2.000
   150:        0.000        0.000        0.000        0.000        0.000
   155:        0.000        0.000        0.000        0.000        0.000
   160:        0.000        6.000        2.000        6.000        0.000
   165:        0.000        6.000        0.000        2.000        2.000
   170:        6.000        0.000        0.000        0.000        0.000
   175:        0.000        0.000        0.000        0.000        0.000
   180:        0.000        0.000        0.000        0.000        0.000
   185:        0.000        0.000        0.000        0.000        0.000
   190:        6.000
W:
     0:       17.000        0.000       17.000
