File: C:\MED-PC\Data\2023-07-20_10h02m_Subject 137.txt


Start Date: 07/20/23
End Date: 07/20/23
Subject: 137
Experiment: 0
Group: 0
Box: 2
Start Time: 10:02:04
End Time: 11:35:54
MSN: CF-SetShifting07132023
I:     304.000
N:      45.000
R:       1.000
T:    5400.000
U:       0.000
V:       0.000
A:
     0:        5.000       10.000        7.000       11.000
B:
     0:        0.000        0.000        0.000        0.000        0.000
     5:        0.000        0.000        0.000        0.000        0.000
    10:        0.000        0.000        0.000        0.000        0.000
    15:        0.000        0.000        0.000        0.000        0.000
    20:        0.000        0.000        0.000        0.000        0.000
    25:        0.000        0.000        0.000        0.000        0.000
    30:        0.000        0.000        0.000        0.000        0.000
    35:        0.000        0.000        0.000        0.000        0.000
    40:        0.000        0.000        0.000        0.000        0.000
    45:        0.000        0.000        0.000        0.000        0.000
    50:        0.000        0.000        0.000        0.000        0.000
    55:        0.000        0.000        0.000        0.000        0.000
    60:        0.000        0.000        0.000        0.000        0.000
    65:        0.000        0.000        0.000        0.000        0.000
    70:        0.000        0.000        0.000        0.000        0.000
    75:        0.000        0.000        0.000        0.000        0.000
    80:        0.000        0.000        0.000        0.000        0.000
    85:        0.000        0.000        0.000        0.000        0.000
    90:        0.000        0.000        0.000        0.000        0.000
    95:        0.000        0.000        0.000        0.000        0.000
   100:        0.000        0.000        0.000        0.000        0.000
   105:        0.000        0.000        0.000        0.000        0.000
   110:        0.000        0.000        0.000        0.000        0.000
   115:        0.000        0.000        0.000        0.000        0.000
   120:        0.000        0.000        0.000        0.000        0.000
   125:        0.000        0.000        0.000        0.000        0.000
   130:        0.000        0.000        0.000        0.000        0.000
   135:        0.000        0.000        0.000        0.000        0.000
   140:        0.000        0.000        0.000        0.000        0.000
   145:        0.000        0.000        0.000        0.000        0.000
   150:        0.000        0.000        0.000        0.000        0.000
   155:        0.000        0.000        0.000        0.000        0.000
   160:        0.000        0.000        0.000        0.000        0.000
   165:        0.000        0.000        0.000        0.000        0.000
   170:        0.000        0.000        0.000        0.000        0.000
   175:        0.000        0.000        0.000        0.000        0.000
   180:        0.000        0.000        0.000        0.000        0.000
   185:        0.000        0.000        0.000        0.000        0.000
   190:        0.000        0.000        0.000        0.000        0.000
   195:        0.000        0.000        0.000        0.000        0.000
   200:        0.000        0.000        0.000        0.000        0.000
   205:        0.000        0.000        0.000        0.000        0.000
   210:        0.000        0.000        0.000        0.000        0.000
   215:        0.000        0.000        0.000        0.000        0.000
   220:        0.000        0.000        0.000        0.000        0.000
   225:        0.000        0.000        0.000        0.000        0.000
   230:        0.000        0.000        0.000        0.000        0.000
   235:        0.000        0.000        0.000        0.000        0.000
   240:        0.000        0.000        0.000        0.000        0.000
   245:        0.000        0.000        0.000        0.000        0.000
   250:        0.000        0.000        0.000        0.000        0.000
   255:        0.000        0.000        0.000        0.000        0.000
   260:        0.000        0.000        0.000        0.000        0.000
   265:        0.000        0.000        0.000        0.000        0.000
   270:        0.000        0.000        0.000        0.000        0.000
   275:        0.000        0.000        0.000        0.000        0.000
   280:        0.000        0.000        0.000        0.000        0.000
   285:        0.000        0.000        0.000        0.000        0.000
   290:        0.000        0.000        0.000        0.000        0.000
   295:        0.000        0.000        0.000        0.000        0.000
   300:        0.000        0.000        0.000        0.000        0.000
   305:        0.000        0.000        0.000        0.000        0.000
   310:        0.000        0.000        0.000        0.000        0.000
   315:        0.000        0.000        0.000        0.000        0.000
   320:        0.000        0.000        0.000        0.000        0.000
   325:        0.000        0.000        0.000        0.000        0.000
   330:        0.000        0.000        0.000        0.000        0.000
   335:        0.000        0.000        0.000        0.000        0.000
   340:        0.000        0.000        0.000        0.000        0.000
   345:        0.000        0.000        0.000        0.000        0.000
   350:        0.000        0.000        0.000        0.000        0.000
   355:        0.000        0.000        0.000        0.000        0.000
   360:        0.000        0.000        0.000        0.000        0.000
   365:        0.000        0.000        0.000        0.000        0.000
   370:        0.000        0.000        0.000        0.000        0.000
   375:        0.000        0.000        0.000        0.000        0.000
   380:        0.000        0.000        0.000        0.000        0.000
   385:        0.000        0.000        0.000        0.000        0.000
   390:        0.000        0.000        0.000        0.000        0.000
   395:        0.000        0.000        0.000        0.000        0.000
   400:        0.000        0.000        0.000        0.000        0.000
   405:        0.000        0.000        0.000        0.000        0.000
   410:        0.000        0.000        0.000        0.000        0.000
   415:        0.000        0.000        0.000        0.000        0.000
   420:        0.000        0.000        0.000        0.000        0.000
   425:        0.000        0.000        0.000        0.000        0.000
   430:        0.000        0.000        0.000        0.000        0.000
   435:        0.000        0.000        0.000        0.000        0.000
   440:        0.000        0.000        0.000        0.000        0.000
   445:        0.000        0.000        0.000        0.000        0.000
   450:        0.000        0.000        0.000        0.000        0.000
   455:        0.000        0.000        0.000        0.000        0.000
   460:        0.000        0.000        0.000        0.000        0.000
   465:        0.000        0.000        0.000        0.000        0.000
   470:        0.000        0.000        0.000        0.000        0.000
   475:        0.000        0.000        0.000        0.000        0.000
   480:        0.000        0.000        0.000        0.000        0.000
   485:        0.000        0.000        0.000        0.000        0.000
   490:        0.000        0.000        0.000        0.000        0.000
   495:        0.000        0.000        0.000        0.000        0.000
   500:        0.000        0.000        0.000        0.000        0.000
   505:        0.000        0.000        0.000        0.000        0.000
   510:        0.000        0.000        0.000        0.000        0.000
   515:        0.000        0.000        0.000        0.000        0.000
   520:        0.000        0.000        0.000        0.000        0.000
   525:        0.000        0.000        0.000        0.000        0.000
   530:        0.000        0.000        0.000        0.000        0.000
   535:        0.000        0.000        0.000        0.000        0.000
   540:        0.000        0.000        0.000        0.000        0.000
   545:        0.000        0.000        0.000        0.000        0.000
   550:        0.000        0.000        0.000        0.000        0.000
   555:        0.000        0.000        0.000        0.000        0.000
   560:        0.000        0.000        0.000        0.000        0.000
   565:        0.000        0.000        0.000        0.000        0.000
   570:        0.000        0.000        0.000        0.000        0.000
   575:        0.000        0.000        0.000        0.000        0.000
   580:        0.000        0.000        0.000        0.000        0.000
   585:        0.000        0.000        0.000        0.000        0.000
   590:        0.000        0.000        0.000        0.000        0.000
   595:        0.000        0.000        0.000        0.000        0.000
   600:        0.000        0.000        0.000        0.000        0.000
   605:        0.000        0.000        0.000        0.000        0.000
   610:        0.000        0.000        0.000        0.000        0.000
   615:        0.000        0.000        0.000        0.000        0.000
   620:        0.000        0.000        0.000        0.000        0.000
   625:        0.000        0.000        0.000        0.000        0.000
   630:        0.000        0.000        0.000        0.000        0.000
   635:        0.000        0.000        0.000        0.000        0.000
   640:        0.000        0.000        0.000        0.000        0.000
   645:        0.000        0.000        0.000        0.000        0.000
   650:        0.000        0.000        0.000        0.000        0.000
   655:        0.000        0.000        0.000        0.000        0.000
   660:        0.000        0.000        0.000        0.000        0.000
   665:        0.000        0.000        0.000        0.000        0.000
   670:        0.000        0.000        0.000        0.000        0.000
   675:        0.000        0.000        0.000        0.000        0.000
   680:        0.000        0.000        0.000        0.000        0.000
   685:        0.000        0.000        0.000        0.000        0.000
   690:        0.000        0.000        0.000        0.000        0.000
   695:        0.000        0.000        0.000        0.000        0.000
   700:        0.000        0.000        0.000        0.000        0.000
   705:        0.000        0.000        0.000        0.000        0.000
   710:        0.000        0.000        0.000        0.000        0.000
   715:        0.000        0.000        0.000        0.000        0.000
   720:        0.000        0.000        0.000        0.000        0.000
   725:        0.000        0.000        0.000        0.000        0.000
   730:        0.000        0.000        0.000        0.000        0.000
   735:        0.000        0.000        0.000        0.000        0.000
   740:        0.000        0.000        0.000        0.000        0.000
   745:        0.000        0.000        0.000        0.000        0.000
   750:        0.000        0.000        0.000        0.000        0.000
   755:        0.000        0.000        0.000        0.000        0.000
   760:        0.000        0.000        0.000        0.000        0.000
   765:        0.000        0.000        0.000        0.000        0.000
   770:        0.000        0.000        0.000        0.000        0.000
   775:        0.000        0.000        0.000        0.000        0.000
   780:        0.000        0.000        0.000        0.000        0.000
   785:        0.000        0.000        0.000        0.000        0.000
   790:        0.000        0.000        0.000        0.000        0.000
   795:        0.000        0.000        0.000        0.000        0.000
   800:        0.000        0.000        0.000        0.000        0.000
   805:        0.000        0.000        0.000        0.000        0.000
   810:        0.000        0.000        0.000        0.000        0.000
   815:        0.000        0.000        0.000        0.000        0.000
   820:        0.000        0.000        0.000        0.000        0.000
   825:        0.000        0.000        0.000        0.000        0.000
   830:        0.000        0.000        0.000        0.000        0.000
   835:        0.000        0.000        0.000        0.000        0.000
   840:        0.000        0.000        0.000        0.000        0.000
   845:        0.000        0.000        0.000        0.000        0.000
   850:        0.000        0.000        0.000        0.000        0.000
   855:        0.000        0.000        0.000        0.000        0.000
   860:        0.000        0.000        0.000        0.000        0.000
   865:        0.000        0.000        0.000        0.000        0.000
   870:        0.000        0.000        0.000        0.000        0.000
   875:        0.000        0.000        0.000        0.000        0.000
   880:        0.000        0.000        0.000        0.000        0.000
   885:        0.000        0.000        0.000        0.000        0.000
   890:        0.000        0.000        0.000        0.000        0.000
   895:        0.000        0.000        0.000        0.000        0.000
   900:        0.000        0.000        0.000        0.000        0.000
   905:        0.000        0.000        0.000        0.000        0.000
   910:        0.000        0.000        0.000        0.000        0.000
   915:        0.000        0.000        0.000        0.000        0.000
   920:        0.000        0.000        0.000        0.000        0.000
   925:        0.000        0.000        0.000        0.000        0.000
   930:        0.000        0.000        0.000        0.000        0.000
   935:        0.000        0.000        0.000        0.000        0.000
   940:        0.000        0.000        0.000        0.000        0.000
   945:        0.000        0.000        0.000        0.000        0.000
   950:        0.000        0.000        0.000        0.000        0.000
   955:        0.000        0.000        0.000        0.000        0.000
   960:        0.000        0.000        0.000        0.000        0.000
   965:        0.000        0.000        0.000        0.000        0.000
   970:        0.000        0.000        0.000        0.000        0.000
   975:        0.000        0.000        0.000        0.000        0.000
   980:        0.000        0.000        0.000        0.000        0.000
   985:        0.000        0.000        0.000        0.000        0.000
   990:        0.000        0.000        0.000        0.000        0.000
   995:        0.000        0.000        0.000        0.000        0.000
C:
     0:        0.000       14.260       32.130        0.000        0.000
     5:        0.000      124.850      158.030      170.200      183.590
    10:        0.000      217.460      229.220      237.420      261.110
    15:      279.570      287.020      306.700        0.000      344.590
    20:      367.010      382.740      399.030      424.010      439.790
    25:      462.590      470.360      495.940      514.350      528.950
    30:      545.190      554.440      563.790      591.310      607.830
    35:      631.170      643.030      664.940      678.950      698.800
    40:      717.590      747.190      755.820      775.200      794.330
    45:      812.700      821.050      833.570      851.200      860.560
    50:      887.590      905.330      925.920      939.880      951.950
    55:      967.890      984.750     1012.480     1021.370     1047.620
    60:     1065.110     1079.480     1096.560     1116.200     1133.590
    65:     1154.970     1172.380     1181.370     1198.000     1205.790
    70:     1223.680     1236.050     1253.560     1263.710     1290.170
    75:     1307.240     1321.070     1338.640     1355.320     1363.600
    80:        0.000     1401.820     1422.490     1438.690     1457.250
    85:     1478.530     1489.640     1509.880     1528.370     1541.920
    90:     1560.310     1576.150     1589.670     1605.900     1614.830
    95:     1637.820     1646.680     1666.610     1674.620     1689.570
   100:     1709.480     1728.290     1737.890     1752.060     1762.730
   105:     1779.120     1797.680     1806.880     1826.590     1843.970
   110:     1863.670     1882.110     1902.650     1915.170     1927.830
   115:     1947.250     1955.090     1972.110     1989.120     1996.510
   120:     2015.450     2032.260     2039.540     2054.080     2072.540
   125:     2087.170     2106.620     2116.760     2134.670     2144.370
   130:     2164.710     2187.360     2203.710     2214.490     2231.490
   135:     2250.660     2258.420     2276.200     2283.560     2300.740
   140:     2309.030     2317.810     2330.200     2346.670     2359.050
   145:     2379.510     2396.500     2414.920     2423.680     2442.150
   150:     2449.970     2463.910     2482.940     2501.250     2518.300
   155:     2526.150     2555.900     2572.430     2581.160     2603.860
   160:     2612.490     2628.830     2636.410     2654.910     2688.490
   165:        0.000     2740.760     2759.780        0.000     2802.510
   170:     2827.840     2845.390        0.000        0.000        0.000
   175:        0.000        0.000        0.000        0.000        0.000
   180:        0.000     3080.350     3099.610     3113.680     3147.460
   185:     3167.860     3175.410     3192.330     3207.210        0.000
   190:     3246.500     3269.440     3279.130     3287.600     3295.500
   195:     3313.700     3330.600     3340.020     3348.180     3358.630
   200:     3385.370     3402.580     3411.630     3424.340     3442.290
   205:     3458.810     3479.290     3487.720     3506.830     3523.660
   210:     3533.240     3551.690     3569.180     3577.450        0.000
   215:     3610.700     3627.120     3637.260     3662.950     3672.170
   220:     3697.090     3706.510     3725.480     3734.230     3744.330
   225:     3756.050     3781.150     3791.140     3802.410     3827.130
   230:     3848.040     3868.670     3886.160     3896.750        0.000
   235:     3929.050     3947.050     3968.860     3978.800        0.000
   240:     4020.270     4028.440     4051.260     4060.930     4077.090
   245:     4106.250        0.000        0.000        0.000        0.000
   250:        0.000        0.000     4280.620        0.000     4323.600
   255:     4346.120     4369.170     4386.050     4395.950     4421.600
   260:     4435.280     4447.590     4465.260        0.000     4507.820
   265:     4524.130     4533.170     4556.140        0.000     4603.650
   270:     4611.660        0.000     4657.930     4666.010     4685.100
   275:     4703.240        0.000        0.000        0.000        0.000
   280:        0.000        0.000        0.000        0.000        0.000
   285:        0.000        0.000        0.000        0.000        0.000
   290:        0.000        0.000     5127.110        0.000        0.000
   295:        0.000     5211.750     5239.610     5255.460     5283.920
   300:        0.000        0.000        0.000        0.000
D:
     0:        0.000        0.000        0.000        0.000        0.000
     5:        0.000        0.000        0.000        0.000        0.000
    10:        0.000        0.000        0.000        0.000        0.000
    15:        0.000        0.000        0.000        0.000        0.000
    20:        0.000        0.000        0.000        0.000        0.000
    25:        0.000        0.000        0.000        0.000        0.000
    30:        0.000        0.000        0.000        0.000        0.000
    35:        0.000        0.000        0.000        0.000        0.000
    40:        0.000        0.000        0.000        0.000        0.000
    45:        0.000        0.000        0.000        0.000        0.000
    50:        0.000        0.000        0.000        0.000        0.000
    55:        0.000        0.000        0.000        0.000        0.000
    60:        0.000        0.000        0.000        0.000        0.000
    65:        0.000        0.000        0.000        0.000        0.000
    70:        0.000        0.000        0.000        0.000        0.000
    75:        0.000        0.000        0.000        0.000        0.000
    80:        0.000        0.000        0.000        0.000        0.000
    85:        0.000        0.000        0.000        0.000        0.000
    90:        0.000        0.000        0.000        0.000        0.000
    95:        0.000        0.000        0.000        0.000        0.000
   100:        0.000        0.000        0.000        0.000        0.000
   105:        0.000        0.000        0.000        0.000        0.000
   110:        0.000        0.000        0.000        0.000        0.000
   115:        0.000        0.000        0.000        0.000        0.000
   120:        0.000        0.000        0.000        0.000        0.000
   125:        0.000        0.000        0.000        0.000        0.000
   130:        0.000        0.000        0.000        0.000        0.000
   135:        0.000        0.000        0.000        0.000        0.000
   140:        0.000        0.000        0.000        0.000        0.000
   145:        0.000        0.000        0.000        0.000        0.000
   150:        0.000        0.000        0.000        0.000        0.000
   155:        0.000        0.000        0.000        0.000        0.000
   160:        0.000        0.000        0.000        0.000        0.000
   165:        0.000        0.000        0.000        0.000        0.000
   170:        0.000        0.000        0.000        0.000        0.000
   175:        0.000        0.000        0.000        0.000        0.000
   180:        0.000        0.000        0.000        0.000        0.000
   185:        0.000        0.000        0.000        0.000        0.000
   190:        0.000        0.000        0.000        0.000        0.000
   195:        0.000        0.000        0.000        0.000        0.000
   200:        0.000        0.000        0.000        0.000        0.000
   205:        0.000        0.000        0.000        0.000        0.000
   210:        0.000        0.000        0.000        0.000        0.000
   215:        0.000        0.000        0.000        0.000        0.000
   220:        0.000        0.000        0.000        0.000        0.000
   225:        0.000        0.000        0.000        0.000        0.000
   230:        0.000        0.000        0.000        0.000        0.000
   235:        0.000        0.000        0.000        0.000        0.000
   240:        0.000        0.000        0.000        0.000        0.000
   245:        0.000        0.000        0.000        0.000        0.000
   250:        0.000        0.000        0.000        0.000        0.000
   255:        0.000        0.000        0.000        0.000        0.000
   260:        0.000        0.000        0.000        0.000        0.000
   265:        0.000        0.000        0.000        0.000        0.000
   270:        0.000        0.000        0.000        0.000        0.000
   275:        0.000        0.000        0.000        0.000        0.000
   280:        0.000        0.000        0.000        0.000        0.000
   285:        0.000        0.000        0.000        0.000        0.000
   290:        0.000        0.000        0.000        0.000        0.000
   295:        0.000        0.000        0.000        0.000        0.000
   300:        0.000        0.000        0.000        0.000
E:
     0:        0.000       12.980       31.370        0.000        0.000
     5:      101.170      124.060      152.900      168.930      182.660
    10:        0.000      216.460      228.540      236.140      260.390
    15:      278.800      286.070      305.950        0.000      343.460
    20:      366.080      382.050      398.350      422.510      439.060
    25:      461.530      469.440      495.030      513.650      527.830
    30:      544.300      553.680      562.820      587.780      607.170
    35:      630.370      641.930      661.120      676.370      697.850
    40:      716.390      744.360      754.770      774.420      793.430
    45:      811.410      820.120      832.720      850.640      859.810
    50:      884.010      903.420      925.220      939.080      951.140
    55:      966.990      983.850     1011.700     1020.510     1045.180
    60:     1064.430     1076.740     1095.850     1115.500     1130.300
    65:     1154.300     1171.510     1179.010     1197.170     1204.740
    70:     1222.920     1235.280     1252.760     1262.530     1289.420
    75:     1306.640     1319.830     1337.980     1354.730     1362.930
    80:        0.000     1401.020     1421.650     1438.040     1456.200
    85:     1476.440     1488.580     1509.170     1527.750     1541.060
    90:     1558.740     1575.080     1588.500     1604.830     1614.110
    95:     1637.110     1645.840     1665.700     1673.910     1688.390
   100:     1707.040     1727.570     1737.170     1751.100     1759.350
   105:     1778.420     1797.050     1805.880     1825.900     1843.310
   110:     1862.640     1880.750     1901.580     1913.750     1926.720
   115:     1938.390     1954.310     1971.340     1988.220     1995.600
   120:     2014.720     2031.630     2038.740     2053.090     2071.810
   125:     2085.100     2105.930     2115.970     2133.940     2143.260
   130:     2163.970     2182.610     2202.870     2213.020     2230.840
   135:     2249.980     2257.780     2275.510     2282.760     2299.990
   140:     2308.100     2317.150     2329.140     2346.040     2357.480
   145:     2378.730     2395.820     2414.190     2422.980     2441.420
   150:     2449.020     2460.610     2482.150     2500.280     2517.440
   155:     2525.370     2552.720     2571.680     2580.350     2602.530
   160:     2611.770     2628.230     2635.420     2651.410     2687.460
   165:        0.000     2739.750     2758.850        0.000     2801.720
   170:     2826.950     2844.590        0.000        0.000        0.000
   175:        0.000        0.000        0.000        0.000        0.000
   180:        0.000     3079.200     3098.490     3112.890     3144.280
   185:     3167.120     3174.620     3191.690     3206.550     3223.640
   190:     3240.720     3268.510     3277.670     3286.560     3294.360
   195:     3311.540     3329.880     3339.260     3347.410     3355.850
   200:     3384.600     3401.940     3410.840     3421.320     3441.460
   205:     3458.080     3478.650     3487.010     3505.160     3522.990
   210:     3532.570     3551.080     3568.570     3576.780     3591.830
   215:     3609.950     3626.250     3636.440     3662.060     3671.390
   220:     3695.890     3705.720     3724.820     3733.450     3743.420
   225:     3755.420     3780.130     3790.360     3801.620     3826.490
   230:     3843.610     3867.980     3885.530     3895.630     3908.830
   235:     3928.480     3946.300     3968.190     3976.780     3997.930
   240:     4019.350     4027.780     4050.300     4060.200     4076.050
   245:     4097.760        0.000        0.000        0.000        0.000
   250:        0.000        0.000     4279.900        0.000     4320.220
   255:     4345.220     4368.190     4385.320     4393.870     4420.930
   260:     4434.610     4443.320     4464.400        0.000     4506.980
   265:     4523.290     4532.290     4555.130     4578.540     4602.950
   270:     4610.960     4639.470     4657.100     4665.000     4684.240
   275:     4702.400        0.000        0.000        0.000        0.000
   280:        0.000        0.000        0.000        0.000        0.000
   285:        0.000        0.000        0.000        0.000        0.000
   290:        0.000        0.000     5125.860     5140.270     5160.680
   295:        0.000     5211.120     5238.040     5254.260     5283.150
   300:        0.000        0.000        0.000        0.000
F:
     0:        0.000        2.000        1.000        0.000        0.000
     5:        3.000        4.000        2.000        1.000        4.000
    10:        0.000        3.000        2.000        3.000        1.000
    15:        4.000        1.000        2.000        0.000        4.000
    20:        3.000        3.000        4.000        1.000        2.000
    25:        4.000        1.000        3.000        2.000        1.000
    30:        3.000        2.000        4.000        3.000        1.000
    35:        4.000        2.000        2.000        3.000        4.000
    40:        1.000        2.000        4.000        1.000        3.000
    45:        3.000        2.000        1.000        4.000        2.000
    50:        1.000        3.000        4.000        2.000        3.000
    55:        4.000        1.000        4.000        1.000        3.000
    60:        2.000        4.000        1.000        2.000        3.000
    65:        1.000        4.000        3.000        2.000        3.000
    70:        4.000        1.000        2.000        4.000        1.000
    75:        2.000        3.000        1.000        4.000        2.000
    80:        0.000        3.000        3.000        1.000        2.000
    85:        4.000        3.000        1.000        4.000        2.000
    90:        2.000        4.000        3.000        1.000        1.000
    95:        2.000        3.000        4.000        4.000        3.000
   100:        1.000        2.000        4.000        2.000        3.000
   105:        1.000        2.000        3.000        1.000        4.000
   110:        3.000        1.000        2.000        4.000        4.000
   115:        2.000        1.000        3.000        4.000        1.000
   120:        3.000        2.000        4.000        3.000        2.000
   125:        1.000        2.000        1.000        4.000        3.000
   130:        4.000        3.000        2.000        1.000        1.000
   135:        2.000        3.000        4.000        3.000        4.000
   140:        1.000        2.000        3.000        2.000        4.000
   145:        1.000        3.000        2.000        1.000        4.000
   150:        2.000        1.000        4.000        3.000        4.000
   155:        1.000        3.000        2.000        1.000        2.000
   160:        3.000        4.000        4.000        3.000        1.000
   165:        0.000        2.000        4.000        0.000        3.000
   170:        1.000        2.000        0.000        0.000        0.000
   175:        0.000        0.000        0.000        0.000        0.000
   180:        0.000        4.000        2.000        1.000        3.000
   185:        4.000        1.000        2.000        3.000        1.000
   190:        3.000        4.000        2.000        2.000        3.000
   195:        1.000        4.000        4.000        2.000        1.000
   200:        3.000        2.000        4.000        1.000        3.000
   205:        3.000        4.000        2.000        1.000        4.000
   210:        1.000        3.000        2.000        4.000        1.000
   215:        3.000        2.000        3.000        2.000        1.000
   220:        4.000        1.000        2.000        4.000        3.000
   225:        3.000        4.000        2.000        1.000        4.000
   230:        1.000        3.000        2.000        2.000        4.000
   235:        1.000        3.000        2.000        3.000        1.000
   240:        4.000        1.000        4.000        2.000        3.000
   245:        3.000        0.000        0.000        0.000        0.000
   250:        0.000        0.000        2.000        0.000        4.000
   255:        1.000        3.000        4.000        1.000        2.000
   260:        2.000        1.000        3.000        0.000        4.000
   265:        2.000        4.000        3.000        1.000        2.000
   270:        3.000        1.000        4.000        4.000        1.000
   275:        3.000        0.000        0.000        0.000        0.000
   280:        0.000        0.000        0.000        0.000        0.000
   285:        0.000        0.000        0.000        0.000        0.000
   290:        0.000        0.000        2.000        2.000        3.000
   295:        0.000        1.000        4.000        3.000        1.000
   300:        0.000        0.000        0.000        0.000
G:
     0:      128.000      120.000        8.000
H:
     0:        0.000        2.000        2.000        0.000        0.000
     5:        0.000        2.000        1.000        1.000        1.000
    10:        0.000        1.000        1.000        2.000        2.000
    15:        1.000        2.000        1.000        0.000        2.000
    20:        2.000        2.000        1.000        2.000        1.000
    25:        1.000        2.000        2.000        1.000        2.000
    30:        1.000        1.000        1.000        2.000        2.000
    35:        1.000        1.000        1.000        2.000        2.000
    40:        2.000        1.000        1.000        2.000        2.000
    45:        1.000        1.000        2.000        1.000        1.000
    50:        2.000        2.000        1.000        1.000        2.000
    55:        1.000        2.000        1.000        2.000        2.000
    60:        1.000        2.000        2.000        1.000        2.000
    65:        2.000        1.000        2.000        1.000        2.000
    70:        1.000        2.000        1.000        1.000        2.000
    75:        1.000        2.000        2.000        1.000        1.000
    80:        0.000        2.000        2.000        2.000        1.000
    85:        1.000        2.000        2.000        1.000        1.000
    90:        1.000        1.000        2.000        1.000        2.000
    95:        1.000        2.000        1.000        1.000        2.000
   100:        2.000        1.000        1.000        1.000        2.000
   105:        2.000        1.000        2.000        2.000        1.000
   110:        2.000        2.000        1.000        1.000        1.000
   115:        1.000        2.000        2.000        1.000        2.000
   120:        2.000        1.000        1.000        2.000        1.000
   125:        2.000        1.000        2.000        1.000        2.000
   130:        1.000        2.000        1.000        2.000        2.000
   135:        1.000        2.000        1.000        2.000        1.000
   140:        1.000        1.000        2.000        1.000        2.000
   145:        2.000        2.000        1.000        2.000        1.000
   150:        1.000        2.000        1.000        2.000        1.000
   155:        2.000        2.000        1.000        2.000        1.000
   160:        2.000        1.000        1.000        2.000        2.000
   165:        0.000        1.000        1.000        0.000        2.000
   170:        2.000        1.000        0.000        0.000        0.000
   175:        0.000        0.000        0.000        0.000        0.000
   180:        0.000        1.000        1.000        2.000        2.000
   185:        1.000        2.000        1.000        2.000        0.000
   190:        2.000        1.000        1.000        1.000        2.000
   195:        2.000        1.000        1.000        1.000        2.000
   200:        2.000        1.000        1.000        2.000        2.000
   205:        2.000        1.000        1.000        2.000        1.000
   210:        2.000        2.000        1.000        1.000        0.000
   215:        2.000        1.000        2.000        1.000        2.000
   220:        1.000        2.000        1.000        1.000        1.000
   225:        2.000        1.000        1.000        2.000        1.000
   230:        2.000        2.000        1.000        1.000        0.000
   235:        2.000        2.000        1.000        2.000        0.000
   240:        1.000        2.000        1.000        1.000        2.000
   245:        1.000        0.000        0.000        0.000        0.000
   250:        0.000        0.000        1.000        0.000        1.000
   255:        2.000        2.000        1.000        2.000        1.000
   260:        1.000        2.000        2.000        0.000        1.000
   265:        1.000        1.000        2.000        0.000        1.000
   270:        2.000        0.000        1.000        1.000        2.000
   275:        2.000        0.000        0.000        0.000        0.000
   280:        0.000        0.000        0.000        0.000        0.000
   285:        0.000        0.000        0.000        0.000        0.000
   290:        0.000        0.000        1.000        0.000        0.000
   295:        0.000        2.000        1.000        2.000        2.000
   300:        0.000        0.000        0.000        0.000
J:
     0:        0.000        1.000        0.000        0.000        0.000
     5:        0.000        1.000        1.000        0.000        1.000
    10:        0.000        0.000        1.000        0.000        0.000
    15:        1.000        0.000        1.000        0.000        1.000
    20:        0.000        0.000        1.000        0.000        1.000
    25:        1.000        0.000        0.000        1.000        0.000
    30:        0.000        1.000        1.000        0.000        0.000
    35:        1.000        1.000        1.000        0.000        1.000
    40:        0.000        1.000        1.000        0.000        0.000
    45:        0.000        1.000        0.000        1.000        1.000
    50:        0.000        0.000        1.000        1.000        0.000
    55:        1.000        0.000        1.000        0.000        0.000
    60:        1.000        1.000        0.000        1.000        0.000
    65:        0.000        1.000        0.000        1.000        0.000
    70:        1.000        0.000        1.000        1.000        0.000
    75:        1.000        0.000        0.000        1.000        1.000
    80:        0.000        0.000        0.000        0.000        1.000
    85:        1.000        0.000        0.000        1.000        1.000
    90:        1.000        1.000        0.000        0.000        0.000
    95:        1.000        0.000        1.000        1.000        0.000
   100:        0.000        1.000        1.000        1.000        0.000
   105:        0.000        1.000        0.000        0.000        1.000
   110:        0.000        0.000        1.000        1.000        1.000
   115:        1.000        0.000        0.000        1.000        0.000
   120:        0.000        1.000        1.000        0.000        1.000
   125:        0.000        1.000        0.000        1.000        0.000
   130:        1.000        0.000        1.000        0.000        0.000
   135:        1.000        0.000        1.000        0.000        1.000
   140:        0.000        1.000        0.000        1.000        1.000
   145:        0.000        0.000        1.000        0.000        1.000
   150:        1.000        0.000        1.000        0.000        1.000
   155:        0.000        0.000        1.000        0.000        1.000
   160:        0.000        1.000        1.000        0.000        0.000
   165:        0.000        1.000        1.000        0.000        0.000
   170:        0.000        1.000        0.000        0.000        0.000
   175:        0.000        0.000        0.000        0.000        0.000
   180:        0.000        1.000        1.000        0.000        0.000
   185:        1.000        0.000        1.000        0.000        0.000
   190:        0.000        1.000        1.000        1.000        0.000
   195:        0.000        1.000        1.000        1.000        0.000
   200:        0.000        1.000        1.000        0.000        0.000
   205:        0.000        1.000        1.000        0.000        1.000
   210:        0.000        0.000        1.000        1.000        0.000
   215:        0.000        1.000        0.000        1.000        0.000
   220:        1.000        0.000        1.000        1.000        0.000
   225:        0.000        1.000        1.000        0.000        1.000
   230:        0.000        0.000        1.000        1.000        1.000
   235:        0.000        0.000        1.000        0.000        0.000
   240:        1.000        0.000        1.000        1.000        0.000
   245:        0.000        0.000        0.000        0.000        0.000
   250:        0.000        0.000        1.000        0.000        1.000
   255:        0.000        0.000        1.000        0.000        1.000
   260:        1.000        0.000        0.000        0.000        1.000
   265:        1.000        1.000        0.000        0.000        1.000
   270:        0.000        0.000        1.000        1.000        0.000
   275:        0.000        0.000        0.000        0.000        0.000
   280:        0.000        0.000        0.000        0.000        0.000
   285:        0.000        0.000        0.000        0.000        0.000
   290:        0.000        0.000        1.000        1.000        0.000
   295:        0.000        0.000        1.000        0.000        0.000
   300:        0.000        0.000        0.000        0.000
K:
     0:        0.000        1.000        1.000        0.000        0.000
     5:        0.000        1.000        2.000        2.000        2.000
    10:        0.000        2.000        2.000        1.000        1.000
    15:        2.000        1.000        2.000        0.000        1.000
    20:        1.000        1.000        2.000        1.000        2.000
    25:        2.000        1.000        1.000        2.000        1.000
    30:        2.000        2.000        2.000        1.000        1.000
    35:        2.000        2.000        2.000        1.000        1.000
    40:        1.000        2.000        2.000        1.000        1.000
    45:        2.000        2.000        1.000        2.000        2.000
    50:        1.000        1.000        2.000        2.000        1.000
    55:        2.000        1.000        2.000        1.000        1.000
    60:        2.000        1.000        1.000        2.000        1.000
    65:        1.000        2.000        1.000        2.000        1.000
    70:        2.000        1.000        2.000        2.000        1.000
    75:        2.000        1.000        1.000        2.000        2.000
    80:        0.000        1.000        1.000        1.000        2.000
    85:        2.000        1.000        1.000        2.000        2.000
    90:        2.000        2.000        1.000        2.000        1.000
    95:        2.000        1.000        2.000        2.000        1.000
   100:        1.000        2.000        2.000        2.000        1.000
   105:        1.000        2.000        1.000        1.000        2.000
   110:        1.000        1.000        2.000        2.000        2.000
   115:        2.000        1.000        1.000        2.000        1.000
   120:        1.000        2.000        2.000        1.000        2.000
   125:        1.000        2.000        1.000        2.000        1.000
   130:        2.000        1.000        2.000        1.000        1.000
   135:        2.000        1.000        2.000        1.000        2.000
   140:        2.000        2.000        1.000        2.000        1.000
   145:        1.000        1.000        2.000        1.000        2.000
   150:        2.000        1.000        2.000        1.000        2.000
   155:        1.000        1.000        2.000        1.000        2.000
   160:        1.000        2.000        2.000        1.000        1.000
   165:        0.000        2.000        2.000        0.000        1.000
   170:        1.000        2.000        0.000        0.000        0.000
   175:        0.000        0.000        0.000        0.000        0.000
   180:        0.000        2.000        2.000        1.000        1.000
   185:        2.000        1.000        2.000        1.000        0.000
   190:        1.000        2.000        2.000        2.000        1.000
   195:        1.000        2.000        2.000        2.000        1.000
   200:        1.000        2.000        2.000        1.000        1.000
   205:        1.000        2.000        2.000        1.000        2.000
   210:        1.000        1.000        2.000        2.000        0.000
   215:        1.000        2.000        1.000        2.000        1.000
   220:        2.000        1.000        2.000        2.000        2.000
   225:        1.000        2.000        2.000        1.000        2.000
   230:        1.000        1.000        2.000        2.000        0.000
   235:        1.000        1.000        2.000        1.000        0.000
   240:        2.000        1.000        2.000        2.000        1.000
   245:        2.000        0.000        0.000        0.000        0.000
   250:        0.000        0.000        2.000        0.000        2.000
   255:        1.000        1.000        2.000        1.000        2.000
   260:        2.000        1.000        1.000        0.000        2.000
   265:        2.000        2.000        1.000        0.000        2.000
   270:        1.000        0.000        2.000        2.000        1.000
   275:        1.000        0.000        0.000        0.000        0.000
   280:        0.000        0.000        0.000        0.000        0.000
   285:        0.000        0.000        0.000        0.000        0.000
   290:        0.000        0.000        2.000        0.000        0.000
   295:        0.000        1.000        2.000        1.000        1.000
   300:        0.000        0.000        0.000        0.000
L:
     0:        0.000        3.000        3.000        0.000        0.000
     5:        5.000        5.000        3.000        3.000        5.000
    10:        0.000        5.000        3.000        5.000        3.000
    15:        5.000        3.000        3.000        0.000        5.000
    20:        5.000        5.000        5.000        3.000        3.000
    25:        5.000        3.000        5.000        3.000        3.000
    30:        5.000        3.000        5.000        5.000        3.000
    35:        5.000        3.000        3.000        5.000        5.000
    40:        3.000        3.000        5.000        3.000        5.000
    45:        5.000        3.000        3.000        5.000        3.000
    50:        3.000        5.000        5.000        3.000        5.000
    55:        5.000        3.000        5.000        3.000        5.000
    60:        3.000        5.000        3.000        3.000        5.000
    65:        3.000        5.000        5.000        3.000        5.000
    70:        5.000        3.000        3.000        5.000        3.000
    75:        3.000        5.000        3.000        5.000        3.000
    80:        0.000        5.000        5.000        3.000        3.000
    85:        5.000        5.000        3.000        5.000        3.000
    90:        3.000        5.000        5.000        3.000        3.000
    95:        3.000        5.000        5.000        5.000        5.000
   100:        3.000        3.000        5.000        3.000        5.000
   105:        3.000        3.000        5.000        3.000        5.000
   110:        5.000        3.000        3.000        5.000        5.000
   115:        3.000        3.000        5.000        5.000        3.000
   120:        5.000        3.000        5.000        5.000        3.000
   125:        3.000        3.000        3.000        5.000        5.000
   130:        5.000        5.000        3.000        3.000        3.000
   135:        3.000        5.000        5.000        5.000        5.000
   140:        3.000        3.000        5.000        3.000        5.000
   145:        3.000        5.000        3.000        3.000        5.000
   150:        3.000        3.000        5.000        5.000        5.000
   155:        3.000        5.000        3.000        3.000        3.000
   160:        5.000        5.000        5.000        5.000        3.000
   165:        0.000        3.000        5.000        0.000        5.000
   170:        3.000        3.000        0.000        0.000        0.000
   175:        0.000        0.000        0.000        0.000        0.000
   180:        0.000        5.000        3.000        3.000        5.000
   185:        5.000        3.000        3.000        5.000        3.000
   190:        5.000        5.000        3.000        3.000        5.000
   195:        3.000        5.000        5.000        3.000        3.000
   200:        5.000        3.000        5.000        3.000        5.000
   205:        5.000        5.000        3.000        3.000        5.000
   210:        3.000        5.000        3.000        5.000        3.000
   215:        5.000        3.000        5.000        3.000        3.000
   220:        5.000        3.000        3.000        5.000        5.000
   225:        5.000        5.000        3.000        3.000        5.000
   230:        3.000        5.000        3.000        3.000        5.000
   235:        3.000        5.000        3.000        5.000        3.000
   240:        5.000        3.000        5.000        3.000        5.000
   245:        5.000        0.000        0.000        0.000        0.000
   250:        0.000        0.000        3.000        0.000        5.000
   255:        3.000        5.000        5.000        3.000        3.000
   260:        3.000        3.000        5.000        0.000        5.000
   265:        3.000        5.000        5.000        3.000        3.000
   270:        5.000        3.000        5.000        5.000        3.000
   275:        5.000        0.000        0.000        0.000        0.000
   280:        0.000        0.000        0.000        0.000        0.000
   285:        0.000        0.000        0.000        0.000        0.000
   290:        0.000        0.000        3.000        3.000        5.000
   295:        0.000        3.000        5.000        5.000        3.000
   300:        0.000        0.000        0.000        0.000
M:
     0:        9.000        0.000        0.000
O:
     0:        0.000        0.000        1.000        0.000        0.000
     5:        1.000        0.000        0.000        1.000        0.000
    10:        0.000        1.000        0.000        1.000        1.000
    15:        0.000        1.000        0.000        0.000        0.000
    20:        1.000        1.000        0.000        1.000        0.000
    25:        0.000        1.000        1.000        0.000        1.000
    30:        1.000        0.000        0.000        1.000        1.000
    35:        0.000        0.000        0.000        1.000        0.000
    40:        1.000        0.000        0.000        1.000        1.000
    45:        1.000        0.000        1.000        0.000        0.000
    50:        1.000        1.000        0.000        0.000        1.000
    55:        0.000        1.000        0.000        1.000        1.000
    60:        0.000        0.000        1.000        0.000        1.000
    65:        1.000        0.000        1.000        0.000        1.000
    70:        0.000        1.000        0.000        0.000        1.000
    75:        0.000        1.000        1.000        0.000        0.000
    80:        0.000        1.000        1.000        1.000        0.000
    85:        0.000        1.000        1.000        0.000        0.000
    90:        0.000        0.000        1.000        1.000        1.000
    95:        0.000        1.000        0.000        0.000        1.000
   100:        1.000        0.000        0.000        0.000        1.000
   105:        1.000        0.000        1.000        1.000        0.000
   110:        1.000        1.000        0.000        0.000        0.000
   115:        0.000        1.000        1.000        0.000        1.000
   120:        1.000        0.000        0.000        1.000        0.000
   125:        1.000        0.000        1.000        0.000        1.000
   130:        0.000        1.000        0.000        1.000        1.000
   135:        0.000        1.000        0.000        1.000        0.000
   140:        1.000        0.000        1.000        0.000        0.000
   145:        1.000        1.000        0.000        1.000        0.000
   150:        0.000        1.000        0.000        1.000        0.000
   155:        1.000        1.000        0.000        1.000        0.000
   160:        1.000        0.000        0.000        1.000        1.000
   165:        0.000        0.000        0.000        0.000        1.000
   170:        1.000        0.000        0.000        0.000        0.000
   175:        0.000        0.000        0.000        0.000        0.000
   180:        0.000        0.000        0.000        1.000        1.000
   185:        0.000        1.000        0.000        1.000        1.000
   190:        1.000        0.000        0.000        0.000        1.000
   195:        1.000        0.000        0.000        0.000        1.000
   200:        1.000        0.000        0.000        1.000        1.000
   205:        1.000        0.000        0.000        1.000        0.000
   210:        1.000        1.000        0.000        0.000        1.000
   215:        1.000        0.000        1.000        0.000        1.000
   220:        0.000        1.000        0.000        0.000        1.000
   225:        1.000        0.000        0.000        1.000        0.000
   230:        1.000        1.000        0.000        0.000        0.000
   235:        1.000        1.000        0.000        1.000        1.000
   240:        0.000        1.000        0.000        0.000        1.000
   245:        1.000        0.000        0.000        0.000        0.000
   250:        0.000        0.000        0.000        0.000        0.000
   255:        1.000        1.000        0.000        1.000        0.000
   260:        0.000        1.000        1.000        0.000        0.000
   265:        0.000        0.000        1.000        1.000        0.000
   270:        1.000        1.000        0.000        0.000        1.000
   275:        1.000        0.000        0.000        0.000        0.000
   280:        0.000        0.000        0.000        0.000        0.000
   285:        0.000        0.000        0.000        0.000        0.000
   290:        0.000        0.000        0.000        0.000        1.000
   295:        0.000        1.000        0.000        1.000        1.000
   300:        0.000        0.000        0.000        0.000
P:
     0:        0.000        0.000        0.000
Q:
     0:        5.000      304.000      290.000
S:
     0:        0.000        3.000        2.000        0.000        0.000
     5:        2.000        3.000        3.000        2.000        3.000
    10:        0.000        2.000        3.000        2.000        2.000
    15:        3.000        2.000        3.000        0.000        3.000
    20:        2.000        2.000        3.000        2.000        3.000
    25:        3.000        2.000        2.000        3.000        2.000
    30:        2.000        3.000        3.000        2.000        2.000
    35:        3.000        3.000        3.000        2.000        3.000
    40:        2.000        3.000        3.000        2.000        2.000
    45:        2.000        3.000        2.000        3.000        3.000
    50:        2.000        2.000        3.000        3.000        2.000
    55:        3.000        2.000        3.000        2.000        2.000
    60:        3.000        3.000        2.000        3.000        2.000
    65:        2.000        3.000        2.000        3.000        2.000
    70:        3.000        2.000        3.000        3.000        2.000
    75:        3.000        2.000        2.000        3.000        3.000
    80:        0.000        2.000        2.000        2.000        3.000
    85:        3.000        2.000        2.000        3.000        3.000
    90:        3.000        3.000        2.000        2.000        2.000
    95:        3.000        2.000        3.000        3.000        2.000
   100:        2.000        3.000        3.000        3.000        2.000
   105:        2.000        3.000        2.000        2.000        3.000
   110:        2.000        2.000        3.000        3.000        3.000
   115:        3.000        2.000        2.000        3.000        2.000
   120:        2.000        3.000        3.000        2.000        3.000
   125:        2.000        3.000        2.000        3.000        2.000
   130:        3.000        2.000        3.000        2.000        2.000
   135:        3.000        2.000        3.000        2.000        3.000
   140:        2.000        3.000        2.000        3.000        3.000
   145:        2.000        2.000        3.000        2.000        3.000
   150:        3.000        2.000        3.000        2.000        3.000
   155:        2.000        2.000        3.000        2.000        3.000
   160:        2.000        3.000        3.000        2.000        2.000
   165:        0.000        3.000        3.000        0.000        2.000
   170:        2.000        3.000        0.000        0.000        0.000
   175:        0.000        0.000        0.000        0.000        0.000
   180:        0.000        3.000        3.000        2.000        2.000
   185:        3.000        2.000        3.000        2.000        2.000
   190:        2.000        3.000        3.000        3.000        2.000
   195:        2.000        3.000        3.000        3.000        2.000
   200:        2.000        3.000        3.000        2.000        2.000
   205:        2.000        3.000        3.000        2.000        3.000
   210:        2.000        2.000        3.000        3.000        2.000
   215:        2.000        3.000        2.000        3.000        2.000
   220:        3.000        2.000        3.000        3.000        2.000
   225:        2.000        3.000        3.000        2.000        3.000
   230:        2.000        2.000        3.000        3.000        3.000
   235:        2.000        2.000        3.000        2.000        2.000
   240:        3.000        2.000        3.000        3.000        2.000
   245:        2.000        0.000        0.000        0.000        0.000
   250:        0.000        0.000        3.000        0.000        3.000
   255:        2.000        2.000        3.000        2.000        3.000
   260:        3.000        2.000        2.000        0.000        3.000
   265:        3.000        3.000        2.000        2.000        3.000
   270:        2.000        2.000        3.000        3.000        2.000
   275:        2.000        0.000        0.000        0.000        0.000
   280:        0.000        0.000        0.000        0.000        0.000
   285:        0.000        0.000        0.000        0.000        0.000
   290:        0.000        0.000        3.000        3.000        2.000
   295:        0.000        2.000        3.000        2.000        2.000
   300:        0.000        0.000        0.000        0.000
W:
     0:      121.000        6.000      115.000
X:
     0:        3.000        4.000        5.000        6.000        7.000
     5:        8.000
Y:
     0:        9.000       10.000       11.000       12.000       13.000
     5:       14.000
Z:
     0:        1.000        2.000        3.000        4.000
