File: C:\MED-PC\Data\2023-07-20_10h02m_Subject 138.txt


Start Date: 07/20/23
End Date: 07/20/23
Subject: 138
Experiment: 0
Group: 0
Box: 3
Start Time: 10:02:09
End Time: 11:35:54
MSN: CF-SetShifting07132023
I:     224.000
N:     120.000
R:       1.000
T:    5400.000
U:       0.000
V:       0.000
A:
     0:        4.000        9.000        3.000       13.000
B:
     0:        0.000        0.000        0.000        0.000        0.000
     5:        0.000        0.000        0.000        0.000        0.000
    10:        0.000        0.000        0.000        0.000        0.000
    15:        0.000        0.000        0.000        0.000        0.000
    20:        0.000        0.000        0.000        0.000        0.000
    25:        0.000        0.000        0.000        0.000        0.000
    30:        0.000        0.000        0.000        0.000        0.000
    35:        0.000        0.000        0.000        0.000        0.000
    40:        0.000        0.000        0.000        0.000        0.000
    45:        0.000        0.000        0.000        0.000        0.000
    50:        0.000        0.000        0.000        0.000        0.000
    55:        0.000        0.000        0.000        0.000        0.000
    60:        0.000        0.000        0.000        0.000        0.000
    65:        0.000        0.000        0.000        0.000        0.000
    70:        0.000        0.000        0.000        0.000        0.000
    75:        0.000        0.000        0.000        0.000        0.000
    80:        0.000        0.000        0.000        0.000        0.000
    85:        0.000        0.000        0.000        0.000        0.000
    90:        0.000        0.000        0.000        0.000        0.000
    95:        0.000        0.000        0.000        0.000        0.000
   100:        0.000        0.000        0.000        0.000        0.000
   105:        0.000        0.000        0.000        0.000        0.000
   110:        0.000        0.000        0.000        0.000        0.000
   115:        0.000        0.000        0.000        0.000        0.000
   120:        0.000        0.000        0.000        0.000        0.000
   125:        0.000        0.000        0.000        0.000        0.000
   130:        0.000        0.000        0.000        0.000        0.000
   135:        0.000        0.000        0.000        0.000        0.000
   140:        0.000        0.000        0.000        0.000        0.000
   145:        0.000        0.000        0.000        0.000        0.000
   150:        0.000        0.000        0.000        0.000        0.000
   155:        0.000        0.000        0.000        0.000        0.000
   160:        0.000        0.000        0.000        0.000        0.000
   165:        0.000        0.000        0.000        0.000        0.000
   170:        0.000        0.000        0.000        0.000        0.000
   175:        0.000        0.000        0.000        0.000        0.000
   180:        0.000        0.000        0.000        0.000        0.000
   185:        0.000        0.000        0.000        0.000        0.000
   190:        0.000        0.000        0.000        0.000        0.000
   195:        0.000        0.000        0.000        0.000        0.000
   200:        0.000        0.000        0.000        0.000        0.000
   205:        0.000        0.000        0.000        0.000        0.000
   210:        0.000        0.000        0.000        0.000        0.000
   215:        0.000        0.000        0.000        0.000        0.000
   220:        0.000        0.000        0.000        0.000        0.000
   225:        0.000        0.000        0.000        0.000        0.000
   230:        0.000        0.000        0.000        0.000        0.000
   235:        0.000        0.000        0.000        0.000        0.000
   240:        0.000        0.000        0.000        0.000        0.000
   245:        0.000        0.000        0.000        0.000        0.000
   250:        0.000        0.000        0.000        0.000        0.000
   255:        0.000        0.000        0.000        0.000        0.000
   260:        0.000        0.000        0.000        0.000        0.000
   265:        0.000        0.000        0.000        0.000        0.000
   270:        0.000        0.000        0.000        0.000        0.000
   275:        0.000        0.000        0.000        0.000        0.000
   280:        0.000        0.000        0.000        0.000        0.000
   285:        0.000        0.000        0.000        0.000        0.000
   290:        0.000        0.000        0.000        0.000        0.000
   295:        0.000        0.000        0.000        0.000        0.000
   300:        0.000        0.000        0.000        0.000        0.000
   305:        0.000        0.000        0.000        0.000        0.000
   310:        0.000        0.000        0.000        0.000        0.000
   315:        0.000        0.000        0.000        0.000        0.000
   320:        0.000        0.000        0.000        0.000        0.000
   325:        0.000        0.000        0.000        0.000        0.000
   330:        0.000        0.000        0.000        0.000        0.000
   335:        0.000        0.000        0.000        0.000        0.000
   340:        0.000        0.000        0.000        0.000        0.000
   345:        0.000        0.000        0.000        0.000        0.000
   350:        0.000        0.000        0.000        0.000        0.000
   355:        0.000        0.000        0.000        0.000        0.000
   360:        0.000        0.000        0.000        0.000        0.000
   365:        0.000        0.000        0.000        0.000        0.000
   370:        0.000        0.000        0.000        0.000        0.000
   375:        0.000        0.000        0.000        0.000        0.000
   380:        0.000        0.000        0.000        0.000        0.000
   385:        0.000        0.000        0.000        0.000        0.000
   390:        0.000        0.000        0.000        0.000        0.000
   395:        0.000        0.000        0.000        0.000        0.000
   400:        0.000        0.000        0.000        0.000        0.000
   405:        0.000        0.000        0.000        0.000        0.000
   410:        0.000        0.000        0.000        0.000        0.000
   415:        0.000        0.000        0.000        0.000        0.000
   420:        0.000        0.000        0.000        0.000        0.000
   425:        0.000        0.000        0.000        0.000        0.000
   430:        0.000        0.000        0.000        0.000        0.000
   435:        0.000        0.000        0.000        0.000        0.000
   440:        0.000        0.000        0.000        0.000        0.000
   445:        0.000        0.000        0.000        0.000        0.000
   450:        0.000        0.000        0.000        0.000        0.000
   455:        0.000        0.000        0.000        0.000        0.000
   460:        0.000        0.000        0.000        0.000        0.000
   465:        0.000        0.000        0.000        0.000        0.000
   470:        0.000        0.000        0.000        0.000        0.000
   475:        0.000        0.000        0.000        0.000        0.000
   480:        0.000        0.000        0.000        0.000        0.000
   485:        0.000        0.000        0.000        0.000        0.000
   490:        0.000        0.000        0.000        0.000        0.000
   495:        0.000        0.000        0.000        0.000        0.000
   500:        0.000        0.000        0.000        0.000        0.000
   505:        0.000        0.000        0.000        0.000        0.000
   510:        0.000        0.000        0.000        0.000        0.000
   515:        0.000        0.000        0.000        0.000        0.000
   520:        0.000        0.000        0.000        0.000        0.000
   525:        0.000        0.000        0.000        0.000        0.000
   530:        0.000        0.000        0.000        0.000        0.000
   535:        0.000        0.000        0.000        0.000        0.000
   540:        0.000        0.000        0.000        0.000        0.000
   545:        0.000        0.000        0.000        0.000        0.000
   550:        0.000        0.000        0.000        0.000        0.000
   555:        0.000        0.000        0.000        0.000        0.000
   560:        0.000        0.000        0.000        0.000        0.000
   565:        0.000        0.000        0.000        0.000        0.000
   570:        0.000        0.000        0.000        0.000        0.000
   575:        0.000        0.000        0.000        0.000        0.000
   580:        0.000        0.000        0.000        0.000        0.000
   585:        0.000        0.000        0.000        0.000        0.000
   590:        0.000        0.000        0.000        0.000        0.000
   595:        0.000        0.000        0.000        0.000        0.000
   600:        0.000        0.000        0.000        0.000        0.000
   605:        0.000        0.000        0.000        0.000        0.000
   610:        0.000        0.000        0.000        0.000        0.000
   615:        0.000        0.000        0.000        0.000        0.000
   620:        0.000        0.000        0.000        0.000        0.000
   625:        0.000        0.000        0.000        0.000        0.000
   630:        0.000        0.000        0.000        0.000        0.000
   635:        0.000        0.000        0.000        0.000        0.000
   640:        0.000        0.000        0.000        0.000        0.000
   645:        0.000        0.000        0.000        0.000        0.000
   650:        0.000        0.000        0.000        0.000        0.000
   655:        0.000        0.000        0.000        0.000        0.000
   660:        0.000        0.000        0.000        0.000        0.000
   665:        0.000        0.000        0.000        0.000        0.000
   670:        0.000        0.000        0.000        0.000        0.000
   675:        0.000        0.000        0.000        0.000        0.000
   680:        0.000        0.000        0.000        0.000        0.000
   685:        0.000        0.000        0.000        0.000        0.000
   690:        0.000        0.000        0.000        0.000        0.000
   695:        0.000        0.000        0.000        0.000        0.000
   700:        0.000        0.000        0.000        0.000        0.000
   705:        0.000        0.000        0.000        0.000        0.000
   710:        0.000        0.000        0.000        0.000        0.000
   715:        0.000        0.000        0.000        0.000        0.000
   720:        0.000        0.000        0.000        0.000        0.000
   725:        0.000        0.000        0.000        0.000        0.000
   730:        0.000        0.000        0.000        0.000        0.000
   735:        0.000        0.000        0.000        0.000        0.000
   740:        0.000        0.000        0.000        0.000        0.000
   745:        0.000        0.000        0.000        0.000        0.000
   750:        0.000        0.000        0.000        0.000        0.000
   755:        0.000        0.000        0.000        0.000        0.000
   760:        0.000        0.000        0.000        0.000        0.000
   765:        0.000        0.000        0.000        0.000        0.000
   770:        0.000        0.000        0.000        0.000        0.000
   775:        0.000        0.000        0.000        0.000        0.000
   780:        0.000        0.000        0.000        0.000        0.000
   785:        0.000        0.000        0.000        0.000        0.000
   790:        0.000        0.000        0.000        0.000        0.000
   795:        0.000        0.000        0.000        0.000        0.000
   800:        0.000        0.000        0.000        0.000        0.000
   805:        0.000        0.000        0.000        0.000        0.000
   810:        0.000        0.000        0.000        0.000        0.000
   815:        0.000        0.000        0.000        0.000        0.000
   820:        0.000        0.000        0.000        0.000        0.000
   825:        0.000        0.000        0.000        0.000        0.000
   830:        0.000        0.000        0.000        0.000        0.000
   835:        0.000        0.000        0.000        0.000        0.000
   840:        0.000        0.000        0.000        0.000        0.000
   845:        0.000        0.000        0.000        0.000        0.000
   850:        0.000        0.000        0.000        0.000        0.000
   855:        0.000        0.000        0.000        0.000        0.000
   860:        0.000        0.000        0.000        0.000        0.000
   865:        0.000        0.000        0.000        0.000        0.000
   870:        0.000        0.000        0.000        0.000        0.000
   875:        0.000        0.000        0.000        0.000        0.000
   880:        0.000        0.000        0.000        0.000        0.000
   885:        0.000        0.000        0.000        0.000        0.000
   890:        0.000        0.000        0.000        0.000        0.000
   895:        0.000        0.000        0.000        0.000        0.000
   900:        0.000        0.000        0.000        0.000        0.000
   905:        0.000        0.000        0.000        0.000        0.000
   910:        0.000        0.000        0.000        0.000        0.000
   915:        0.000        0.000        0.000        0.000        0.000
   920:        0.000        0.000        0.000        0.000        0.000
   925:        0.000        0.000        0.000        0.000        0.000
   930:        0.000        0.000        0.000        0.000        0.000
   935:        0.000        0.000        0.000        0.000        0.000
   940:        0.000        0.000        0.000        0.000        0.000
   945:        0.000        0.000        0.000        0.000        0.000
   950:        0.000        0.000        0.000        0.000        0.000
   955:        0.000        0.000        0.000        0.000        0.000
   960:        0.000        0.000        0.000        0.000        0.000
   965:        0.000        0.000        0.000        0.000        0.000
   970:        0.000        0.000        0.000        0.000        0.000
   975:        0.000        0.000        0.000        0.000        0.000
   980:        0.000        0.000        0.000        0.000        0.000
   985:        0.000        0.000        0.000        0.000        0.000
   990:        0.000        0.000        0.000        0.000        0.000
   995:        0.000        0.000        0.000        0.000        0.000
C:
     0:        0.000        9.230       27.480       52.410       71.600
     5:      105.500      122.790      148.200      170.100      190.270
    10:      209.290      239.860      271.290      292.570      318.830
    15:      341.660      360.510      380.400      387.990      407.700
    20:      428.520      445.850      473.160      490.890      515.460
    25:      535.900      552.580      570.030      594.810      615.660
    30:      636.270      660.070      689.350      708.220      726.940
    35:      747.050      764.070      782.800      814.220      835.450
    40:      858.600      877.150      895.220      922.580      945.190
    45:      962.780        0.000     1005.570        0.000     1059.480
    50:     1076.240     1106.720        0.000        0.000        0.000
    55:     1215.560     1244.510     1262.950        0.000     1310.100
    60:     1329.250     1356.830     1377.500     1410.180        0.000
    65:     1451.600        0.000     1499.740     1528.310        0.000
    70:     1566.310        0.000        0.000        0.000        0.000
    75:        0.000     1726.260        0.000     1773.480        0.000
    80:     1825.750        0.000        0.000        0.000     1920.790
    85:        0.000     1971.460     2001.600        0.000        0.000
    90:        0.000        0.000     2122.350        0.000     2175.150
    95:        0.000        0.000        0.000        0.000        0.000
   100:        0.000        0.000        0.000        0.000        0.000
   105:        0.000        0.000        0.000        0.000        0.000
   110:        0.000        0.000     2619.640        0.000     2669.100
   115:        0.000     2711.040        0.000        0.000        0.000
   120:        0.000        0.000        0.000        0.000     2910.960
   125:        0.000        0.000        0.000        0.000     3036.700
   130:        0.000        0.000        0.000        0.000        0.000
   135:     3186.130        0.000        0.000        0.000        0.000
   140:        0.000        0.000        0.000        0.000     3410.390
   145:        0.000        0.000        0.000     3518.380        0.000
   150:        0.000        0.000        0.000        0.000        0.000
   155:        0.000        0.000        0.000        0.000        0.000
   160:        0.000        0.000     3860.490        0.000        0.000
   165:        0.000        0.000        0.000        0.000        0.000
   170:        0.000        0.000        0.000        0.000        0.000
   175:     4184.310        0.000        0.000        0.000        0.000
   180:        0.000        0.000        0.000        0.000        0.000
   185:        0.000        0.000        0.000        0.000        0.000
   190:        0.000        0.000        0.000        0.000        0.000
   195:        0.000        0.000        0.000        0.000        0.000
   200:        0.000        0.000        0.000        0.000        0.000
   205:        0.000        0.000        0.000        0.000     5024.760
   210:        0.000        0.000        0.000        0.000        0.000
   215:        0.000        0.000        0.000        0.000        0.000
   220:        0.000        0.000        0.000        0.000
D:
     0:        0.000        0.000        0.000        0.000        0.000
     5:        0.000        0.000        0.000        0.000        0.000
    10:        0.000        0.000        0.000        0.000        0.000
    15:        0.000        0.000        0.000        0.000        0.000
    20:        0.000        0.000        0.000        0.000        0.000
    25:        0.000        0.000        0.000        0.000        0.000
    30:        0.000        0.000        0.000        0.000        0.000
    35:        0.000        0.000        0.000        0.000        0.000
    40:        0.000        0.000        0.000        0.000        0.000
    45:        0.000        0.000        0.000        0.000        0.000
    50:        0.000        0.000        0.000        0.000        0.000
    55:        0.000        0.000        0.000        0.000        0.000
    60:        0.000        0.000        0.000        0.000        0.000
    65:        0.000        0.000        0.000        0.000        0.000
    70:        0.000        0.000        0.000        0.000        0.000
    75:        0.000        0.000        0.000        0.000        0.000
    80:        0.000        0.000        0.000        0.000        0.000
    85:        0.000        0.000        0.000        0.000        0.000
    90:        0.000        0.000        0.000        0.000        0.000
    95:        0.000        0.000        0.000        0.000        0.000
   100:        0.000        0.000        0.000        0.000        0.000
   105:        0.000        0.000        0.000        0.000        0.000
   110:        0.000        0.000        0.000        0.000        0.000
   115:        0.000        0.000        0.000        0.000        0.000
   120:        0.000        0.000        0.000        0.000        0.000
   125:        0.000        0.000        0.000        0.000        0.000
   130:        0.000        0.000        0.000        0.000        0.000
   135:        0.000        0.000        0.000        0.000        0.000
   140:        0.000        0.000        0.000        0.000        0.000
   145:        0.000        0.000        0.000        0.000        0.000
   150:        0.000        0.000        0.000        0.000        0.000
   155:        0.000        0.000        0.000        0.000        0.000
   160:        0.000        0.000        0.000        0.000        0.000
   165:        0.000        0.000        0.000        0.000        0.000
   170:        0.000        0.000        0.000        0.000        0.000
   175:        0.000        0.000        0.000        0.000        0.000
   180:        0.000        0.000        0.000        0.000        0.000
   185:        0.000        0.000        0.000        0.000        0.000
   190:        0.000        0.000        0.000        0.000        0.000
   195:        0.000        0.000        0.000        0.000        0.000
   200:        0.000        0.000        0.000        0.000        0.000
   205:        0.000        0.000        0.000        0.000        0.000
   210:        0.000        0.000        0.000        0.000        0.000
   215:        0.000        0.000        0.000        0.000        0.000
   220:        0.000        0.000        0.000        0.000
E:
     0:        0.000        8.430       26.700       51.610       70.240
     5:      104.540      121.950      147.630      169.510      189.580
    10:      208.640      236.080      261.630      289.140      317.840
    15:      341.040      359.920      379.020      387.250      407.120
    20:      426.290      445.260      472.060      490.270      513.720
    25:      535.010      551.980      569.460      594.150      615.060
    30:      635.670      657.520      683.270      707.460      726.130
    35:      746.020      763.430      782.150      813.500      833.550
    40:      855.970      876.540      894.610      921.900      943.300
    45:      962.160        0.000     1004.510     1025.660     1058.770
    50:     1075.610     1104.600        0.000        0.000        0.000
    55:     1213.260     1242.650     1262.300        0.000     1309.480
    60:     1327.260     1352.650     1373.500     1409.510     1430.640
    65:     1450.880     1467.540     1499.080     1527.670     1544.160
    70:     1565.410        0.000        0.000        0.000     1674.270
    75:        0.000     1725.570        0.000     1772.830     1802.080
    80:     1823.790        0.000        0.000        0.000     1920.000
    85:        0.000     1969.640     2001.030        0.000        0.000
    90:     2077.930     2100.410     2121.690     2149.560     2170.780
    95:        0.000     2222.190     2245.120        0.000        0.000
   100:        0.000        0.000        0.000        0.000        0.000
   105:        0.000        0.000        0.000        0.000        0.000
   110:        0.000        0.000     2618.050        0.000     2664.250
   115:        0.000     2710.360        0.000        0.000        0.000
   120:        0.000        0.000        0.000     2893.870     2909.780
   125:        0.000        0.000        0.000        0.000     3035.690
   130:        0.000        0.000        0.000        0.000        0.000
   135:     3183.330     3217.490     3240.230        0.000        0.000
   140:        0.000        0.000        0.000        0.000     3409.410
   145:        0.000        0.000     3491.070     3516.900     3544.640
   150:        0.000     3592.490        0.000        0.000        0.000
   155:        0.000        0.000        0.000     3763.230        0.000
   160:        0.000        0.000     3859.760        0.000        0.000
   165:        0.000        0.000        0.000        0.000        0.000
   170:     4057.770        0.000        0.000        0.000        0.000
   175:     4175.680        0.000        0.000        0.000        0.000
   180:     4300.570        0.000        0.000        0.000        0.000
   185:        0.000        0.000     4468.590        0.000        0.000
   190:        0.000        0.000        0.000        0.000        0.000
   195:        0.000        0.000     4720.600        0.000        0.000
   200:     4796.680        0.000        0.000        0.000        0.000
   205:        0.000        0.000        0.000        0.000     5023.450
   210:        0.000        0.000        0.000        0.000        0.000
   215:        0.000        0.000        0.000        0.000        0.000
   220:        0.000        0.000        0.000        0.000
F:
     0:        0.000        2.000        3.000        1.000        4.000
     5:        3.000        4.000        1.000        2.000        4.000
    10:        2.000        3.000        1.000        1.000        2.000
    15:        4.000        3.000        3.000        2.000        4.000
    20:        1.000        4.000        2.000        3.000        1.000
    25:        2.000        3.000        4.000        1.000        1.000
    30:        4.000        2.000        3.000        2.000        3.000
    35:        4.000        1.000        4.000        3.000        2.000
    40:        1.000        2.000        4.000        3.000        1.000
    45:        4.000        0.000        2.000        1.000        3.000
    50:        2.000        3.000        0.000        0.000        0.000
    55:        1.000        4.000        3.000        0.000        2.000
    60:        4.000        1.000        2.000        3.000        1.000
    65:        4.000        1.000        4.000        2.000        3.000
    70:        1.000        0.000        0.000        0.000        3.000
    75:        0.000        2.000        0.000        4.000        1.000
    80:        4.000        0.000        0.000        0.000        2.000
    85:        0.000        3.000        2.000        0.000        0.000
    90:        3.000        1.000        4.000        4.000        2.000
    95:        0.000        1.000        3.000        0.000        0.000
   100:        0.000        0.000        0.000        0.000        0.000
   105:        0.000        0.000        0.000        0.000        0.000
   110:        0.000        0.000        2.000        0.000        1.000
   115:        0.000        4.000        0.000        0.000        0.000
   120:        0.000        0.000        0.000        3.000        2.000
   125:        0.000        0.000        0.000        0.000        3.000
   130:        0.000        0.000        0.000        0.000        0.000
   135:        4.000        1.000        1.000        0.000        0.000
   140:        0.000        0.000        0.000        0.000        2.000
   145:        0.000        0.000        3.000        4.000        1.000
   150:        0.000        2.000        0.000        0.000        0.000
   155:        0.000        0.000        0.000        3.000        0.000
   160:        0.000        0.000        4.000        0.000        0.000
   165:        0.000        0.000        0.000        0.000        0.000
   170:        4.000        0.000        0.000        0.000        0.000
   175:        3.000        0.000        0.000        0.000        0.000
   180:        2.000        0.000        0.000        0.000        0.000
   185:        0.000        0.000        1.000        0.000        0.000
   190:        0.000        0.000        0.000        0.000        0.000
   195:        0.000        0.000        4.000        0.000        0.000
   200:        1.000        0.000        0.000        0.000        0.000
   205:        0.000        0.000        0.000        0.000        2.000
   210:        0.000        0.000        0.000        0.000        0.000
   215:        0.000        0.000        0.000        0.000        0.000
   220:        0.000        0.000        0.000        0.000
G:
     0:        3.000        3.000        0.000
H:
     0:        0.000        2.000        2.000        2.000        2.000
     5:        2.000        2.000        2.000        2.000        2.000
    10:        2.000        2.000        2.000        2.000        2.000
    15:        2.000        2.000        1.000        2.000        2.000
    20:        2.000        2.000        2.000        2.000        2.000
    25:        2.000        2.000        2.000        2.000        2.000
    30:        2.000        2.000        2.000        2.000        2.000
    35:        2.000        2.000        2.000        2.000        2.000
    40:        2.000        2.000        2.000        2.000        2.000
    45:        2.000        0.000        2.000        0.000        2.000
    50:        2.000        2.000        0.000        0.000        0.000
    55:        2.000        2.000        2.000        0.000        2.000
    60:        2.000        2.000        2.000        2.000        0.000
    65:        2.000        0.000        2.000        2.000        0.000
    70:        2.000        0.000        0.000        0.000        0.000
    75:        0.000        2.000        0.000        2.000        0.000
    80:        2.000        0.000        0.000        0.000        2.000
    85:        0.000        2.000        2.000        0.000        0.000
    90:        0.000        0.000        2.000        0.000        2.000
    95:        0.000        0.000        0.000        0.000        0.000
   100:        0.000        0.000        0.000        0.000        0.000
   105:        0.000        0.000        0.000        0.000        0.000
   110:        0.000        0.000        2.000        0.000        1.000
   115:        0.000        2.000        0.000        0.000        0.000
   120:        0.000        0.000        0.000        0.000        2.000
   125:        0.000        0.000        0.000        0.000        2.000
   130:        0.000        0.000        0.000        0.000        0.000
   135:        2.000        0.000        0.000        0.000        0.000
   140:        0.000        0.000        0.000        0.000        2.000
   145:        0.000        0.000        0.000        2.000        0.000
   150:        0.000        0.000        0.000        0.000        0.000
   155:        0.000        0.000        0.000        0.000        0.000
   160:        0.000        0.000        2.000        0.000        0.000
   165:        0.000        0.000        0.000        0.000        0.000
   170:        0.000        0.000        0.000        0.000        0.000
   175:        1.000        0.000        0.000        0.000        0.000
   180:        0.000        0.000        0.000        0.000        0.000
   185:        0.000        0.000        0.000        0.000        0.000
   190:        0.000        0.000        0.000        0.000        0.000
   195:        0.000        0.000        0.000        0.000        0.000
   200:        0.000        0.000        0.000        0.000        0.000
   205:        0.000        0.000        0.000        0.000        2.000
   210:        0.000        0.000        0.000        0.000        0.000
   215:        0.000        0.000        0.000        0.000        0.000
   220:        0.000        0.000        0.000        0.000
J:
     0:        0.000        1.000        1.000        1.000        1.000
     5:        1.000        1.000        1.000        1.000        1.000
    10:        1.000        1.000        1.000        1.000        1.000
    15:        1.000        1.000        1.000        1.000        1.000
    20:        1.000        1.000        1.000        1.000        1.000
    25:        1.000        1.000        1.000        1.000        1.000
    30:        1.000        1.000        1.000        1.000        1.000
    35:        1.000        1.000        1.000        1.000        1.000
    40:        1.000        1.000        1.000        1.000        1.000
    45:        1.000        0.000        1.000        1.000        1.000
    50:        1.000        1.000        0.000        0.000        0.000
    55:        1.000        1.000        1.000        0.000        1.000
    60:        1.000        1.000        1.000        1.000        1.000
    65:        1.000        1.000        1.000        1.000        1.000
    70:        1.000        0.000        0.000        0.000        1.000
    75:        0.000        1.000        0.000        1.000        1.000
    80:        1.000        0.000        0.000        0.000        1.000
    85:        0.000        1.000        1.000        0.000        0.000
    90:        1.000        1.000        1.000        1.000        1.000
    95:        0.000        1.000        1.000        0.000        0.000
   100:        0.000        0.000        0.000        0.000        0.000
   105:        0.000        0.000        0.000        0.000        0.000
   110:        0.000        0.000        1.000        0.000        1.000
   115:        0.000        1.000        0.000        0.000        0.000
   120:        0.000        0.000        0.000        1.000        1.000
   125:        0.000        0.000        0.000        0.000        1.000
   130:        0.000        0.000        0.000        0.000        0.000
   135:        1.000        1.000        1.000        0.000        0.000
   140:        0.000        0.000        0.000        0.000        1.000
   145:        0.000        0.000        1.000        1.000        1.000
   150:        0.000        1.000        0.000        0.000        0.000
   155:        0.000        0.000        0.000        1.000        0.000
   160:        0.000        0.000        1.000        0.000        0.000
   165:        0.000        0.000        0.000        0.000        0.000
   170:        1.000        0.000        0.000        0.000        0.000
   175:        1.000        0.000        0.000        0.000        0.000
   180:        1.000        0.000        0.000        0.000        0.000
   185:        0.000        0.000        1.000        0.000        0.000
   190:        0.000        0.000        0.000        0.000        0.000
   195:        0.000        0.000        1.000        0.000        0.000
   200:        1.000        0.000        0.000        0.000        0.000
   205:        0.000        0.000        0.000        0.000        1.000
   210:        0.000        0.000        0.000        0.000        0.000
   215:        0.000        0.000        0.000        0.000        0.000
   220:        0.000        0.000        0.000        0.000
K:
     0:        0.000        1.000        1.000        1.000        1.000
     5:        1.000        1.000        1.000        1.000        1.000
    10:        1.000        1.000        1.000        1.000        1.000
    15:        1.000        1.000        2.000        1.000        1.000
    20:        1.000        1.000        1.000        1.000        1.000
    25:        1.000        1.000        1.000        1.000        1.000
    30:        1.000        1.000        1.000        1.000        1.000
    35:        1.000        1.000        1.000        1.000        1.000
    40:        1.000        1.000        1.000        1.000        1.000
    45:        1.000        0.000        1.000        0.000        1.000
    50:        1.000        1.000        0.000        0.000        0.000
    55:        1.000        1.000        1.000        0.000        1.000
    60:        1.000        1.000        1.000        1.000        0.000
    65:        1.000        0.000        1.000        1.000        0.000
    70:        1.000        0.000        0.000        0.000        0.000
    75:        0.000        1.000        0.000        1.000        0.000
    80:        1.000        0.000        0.000        0.000        1.000
    85:        0.000        1.000        1.000        0.000        0.000
    90:        0.000        0.000        1.000        0.000        1.000
    95:        0.000        0.000        0.000        0.000        0.000
   100:        0.000        0.000        0.000        0.000        0.000
   105:        0.000        0.000        0.000        0.000        0.000
   110:        0.000        0.000        1.000        0.000        2.000
   115:        0.000        1.000        0.000        0.000        0.000
   120:        0.000        0.000        0.000        0.000        1.000
   125:        0.000        0.000        0.000        0.000        1.000
   130:        0.000        0.000        0.000        0.000        0.000
   135:        1.000        0.000        0.000        0.000        0.000
   140:        0.000        0.000        0.000        0.000        1.000
   145:        0.000        0.000        0.000        1.000        0.000
   150:        0.000        0.000        0.000        0.000        0.000
   155:        0.000        0.000        0.000        0.000        0.000
   160:        0.000        0.000        1.000        0.000        0.000
   165:        0.000        0.000        0.000        0.000        0.000
   170:        0.000        0.000        0.000        0.000        0.000
   175:        2.000        0.000        0.000        0.000        0.000
   180:        0.000        0.000        0.000        0.000        0.000
   185:        0.000        0.000        0.000        0.000        0.000
   190:        0.000        0.000        0.000        0.000        0.000
   195:        0.000        0.000        0.000        0.000        0.000
   200:        0.000        0.000        0.000        0.000        0.000
   205:        0.000        0.000        0.000        0.000        1.000
   210:        0.000        0.000        0.000        0.000        0.000
   215:        0.000        0.000        0.000        0.000        0.000
   220:        0.000        0.000        0.000        0.000
L:
     0:        0.000        2.000        1.000        2.000        1.000
     5:        1.000        1.000        2.000        2.000        1.000
    10:        2.000        1.000        2.000        2.000        2.000
    15:        1.000        1.000        1.000        2.000        1.000
    20:        2.000        1.000        2.000        1.000        2.000
    25:        2.000        1.000        1.000        2.000        2.000
    30:        1.000        2.000        1.000        2.000        1.000
    35:        1.000        2.000        1.000        1.000        2.000
    40:        2.000        2.000        1.000        1.000        2.000
    45:        1.000        0.000        2.000        2.000        1.000
    50:        2.000        1.000        0.000        0.000        0.000
    55:        2.000        1.000        1.000        0.000        2.000
    60:        1.000        2.000        2.000        1.000        2.000
    65:        1.000        2.000        1.000        2.000        1.000
    70:        2.000        0.000        0.000        0.000        1.000
    75:        0.000        2.000        0.000        1.000        2.000
    80:        1.000        0.000        0.000        0.000        2.000
    85:        0.000        1.000        2.000        0.000        0.000
    90:        1.000        2.000        1.000        1.000        2.000
    95:        0.000        2.000        1.000        0.000        0.000
   100:        0.000        0.000        0.000        0.000        0.000
   105:        0.000        0.000        0.000        0.000        0.000
   110:        0.000        0.000        2.000        0.000        2.000
   115:        0.000        1.000        0.000        0.000        0.000
   120:        0.000        0.000        0.000        1.000        2.000
   125:        0.000        0.000        0.000        0.000        1.000
   130:        0.000        0.000        0.000        0.000        0.000
   135:        1.000        2.000        2.000        0.000        0.000
   140:        0.000        0.000        0.000        0.000        2.000
   145:        0.000        0.000        1.000        1.000        2.000
   150:        0.000        2.000        0.000        0.000        0.000
   155:        0.000        0.000        0.000        1.000        0.000
   160:        0.000        0.000        1.000        0.000        0.000
   165:        0.000        0.000        0.000        0.000        0.000
   170:        1.000        0.000        0.000        0.000        0.000
   175:        1.000        0.000        0.000        0.000        0.000
   180:        2.000        0.000        0.000        0.000        0.000
   185:        0.000        0.000        2.000        0.000        0.000
   190:        0.000        0.000        0.000        0.000        0.000
   195:        0.000        0.000        1.000        0.000        0.000
   200:        2.000        0.000        0.000        0.000        0.000
   205:        0.000        0.000        0.000        0.000        2.000
   210:        0.000        0.000        0.000        0.000        0.000
   215:        0.000        0.000        0.000        0.000        0.000
   220:        0.000        0.000        0.000        0.000
M:
     0:       23.000        0.000        0.000
O:
     0:        0.000        0.000        0.000        0.000        0.000
     5:        0.000        0.000        0.000        0.000        0.000
    10:        0.000        0.000        0.000        0.000        0.000
    15:        0.000        0.000        0.000        0.000        0.000
    20:        0.000        0.000        0.000        0.000        0.000
    25:        0.000        0.000        0.000        0.000        0.000
    30:        0.000        0.000        0.000        0.000        0.000
    35:        0.000        0.000        0.000        0.000        0.000
    40:        0.000        0.000        0.000        0.000        0.000
    45:        0.000        0.000        0.000        0.000        0.000
    50:        0.000        0.000        0.000        0.000        0.000
    55:        0.000        0.000        0.000        0.000        0.000
    60:        0.000        0.000        0.000        0.000        0.000
    65:        0.000        0.000        0.000        0.000        0.000
    70:        0.000        0.000        0.000        0.000        0.000
    75:        0.000        0.000        0.000        0.000        0.000
    80:        0.000        0.000        0.000        0.000        0.000
    85:        0.000        0.000        0.000        0.000        0.000
    90:        0.000        0.000        0.000        0.000        0.000
    95:        0.000        0.000        0.000        0.000        0.000
   100:        0.000        0.000        0.000        0.000        0.000
   105:        0.000        0.000        0.000        0.000        0.000
   110:        0.000        0.000        0.000        0.000        0.000
   115:        0.000        0.000        0.000        0.000        0.000
   120:        0.000        0.000        0.000        0.000        0.000
   125:        0.000        0.000        0.000        0.000        0.000
   130:        0.000        0.000        0.000        0.000        0.000
   135:        0.000        0.000        0.000        0.000        0.000
   140:        0.000        0.000        0.000        0.000        0.000
   145:        0.000        0.000        0.000        0.000        0.000
   150:        0.000        0.000        0.000        0.000        0.000
   155:        0.000        0.000        0.000        0.000        0.000
   160:        0.000        0.000        0.000        0.000        0.000
   165:        0.000        0.000        0.000        0.000        0.000
   170:        0.000        0.000        0.000        0.000        0.000
   175:        0.000        0.000        0.000        0.000        0.000
   180:        0.000        0.000        0.000        0.000        0.000
   185:        0.000        0.000        0.000        0.000        0.000
   190:        0.000        0.000        0.000        0.000        0.000
   195:        0.000        0.000        0.000        0.000        0.000
   200:        0.000        0.000        0.000        0.000        0.000
   205:        0.000        0.000        0.000        0.000        0.000
   210:        0.000        0.000        0.000        0.000        0.000
   215:        0.000        0.000        0.000        0.000        0.000
   220:        0.000        0.000        0.000        0.000
P:
     0:        0.000        0.000        0.000
Q:
     0:        2.000      224.000      168.000
S:
     0:        0.000        5.000        1.000        1.000        5.000
     5:        1.000        5.000        1.000        5.000        5.000
    10:        5.000        1.000        1.000        1.000        5.000
    15:        5.000        1.000        1.000        5.000        5.000
    20:        1.000        5.000        5.000        1.000        1.000
    25:        5.000        1.000        5.000        1.000        1.000
    30:        5.000        5.000        1.000        5.000        1.000
    35:        5.000        1.000        5.000        1.000        5.000
    40:        1.000        5.000        5.000        1.000        1.000
    45:        5.000        0.000        5.000        1.000        1.000
    50:        5.000        1.000        0.000        0.000        0.000
    55:        1.000        5.000        1.000        0.000        5.000
    60:        5.000        1.000        5.000        1.000        1.000
    65:        5.000        1.000        5.000        5.000        1.000
    70:        1.000        0.000        0.000        0.000        1.000
    75:        0.000        5.000        0.000        5.000        1.000
    80:        5.000        0.000        0.000        0.000        5.000
    85:        0.000        1.000        5.000        0.000        0.000
    90:        1.000        1.000        5.000        5.000        5.000
    95:        0.000        1.000        1.000        0.000        0.000
   100:        0.000        0.000        0.000        0.000        0.000
   105:        0.000        0.000        0.000        0.000        0.000
   110:        0.000        0.000        5.000        0.000        1.000
   115:        0.000        5.000        0.000        0.000        0.000
   120:        0.000        0.000        0.000        1.000        5.000
   125:        0.000        0.000        0.000        0.000        1.000
   130:        0.000        0.000        0.000        0.000        0.000
   135:        5.000        1.000        1.000        0.000        0.000
   140:        0.000        0.000        0.000        0.000        5.000
   145:        0.000        0.000        1.000        5.000        1.000
   150:        0.000        5.000        0.000        0.000        0.000
   155:        0.000        0.000        0.000        1.000        0.000
   160:        0.000        0.000        5.000        0.000        0.000
   165:        0.000        0.000        0.000        0.000        0.000
   170:        5.000        0.000        0.000        0.000        0.000
   175:        1.000        0.000        0.000        0.000        0.000
   180:        5.000        0.000        0.000        0.000        0.000
   185:        0.000        0.000        1.000        0.000        0.000
   190:        0.000        0.000        0.000        0.000        0.000
   195:        0.000        0.000        5.000        0.000        0.000
   200:        1.000        0.000        0.000        0.000        0.000
   205:        0.000        0.000        0.000        0.000        5.000
   210:        0.000        0.000        0.000        0.000        0.000
   215:        0.000        0.000        0.000        0.000        0.000
   220:        0.000        0.000        0.000        0.000
W:
     0:       77.000       77.000        0.000
X:
     0:        3.000        4.000        5.000        6.000        7.000
     5:        8.000
Y:
     0:        9.000       10.000       11.000       12.000       13.000
     5:       14.000
Z:
     0:        1.000        2.000        3.000        4.000
