File: C:\MED-PC\Data\2023-07-27_09h12m_Subject 137.txt


Start Date: 07/27/23
End Date: 07/27/23
Subject: 137
Experiment: 0
Group: 0
Box: 2
Start Time: 09:12:47
End Time: 10:38:10
MSN: CF_SetShifting
I:      61.000
N:      18.000
R:       2.000
T:    4500.000
U:       0.000
V:       2.000
A:
     0:        6.000       11.000        5.000        9.000
B:
     0:        0.000        0.000        0.000        0.000        0.000
     5:        0.000        0.000        0.000        0.000        0.000
    10:        0.000        0.000        0.000        0.000        0.000
    15:        0.000        0.000        0.000        0.000        0.000
    20:        0.000        0.000        0.000        0.000        0.000
    25:        0.000        0.000        0.000        0.000        0.000
    30:        0.000        0.000        0.000        0.000        0.000
    35:        0.000        0.000        0.000        0.000        0.000
    40:        0.000        0.000        0.000        0.000        0.000
    45:        0.000        0.000        0.000        0.000        0.000
    50:        0.000        0.000        0.000        0.000        0.000
    55:        0.000        0.000        0.000        0.000        0.000
    60:        0.000
C:
     0:        0.000        0.000        0.000        0.000        0.000
     5:        0.000        0.000        0.000        0.000        0.000
    10:        0.000        0.000        0.000        0.000        0.000
    15:        0.000        0.000        0.000      419.920        0.000
    20:        0.000      486.260        0.000      527.040      545.660
    25:      563.300      583.030      591.760      612.780      636.150
    30:      661.560      677.690      692.380      704.300      712.060
    35:      738.180      755.260      773.010      784.850      799.140
    40:      808.610      828.920      847.100      866.280      884.440
    45:      895.290      907.330      918.740      933.290      951.210
    50:      959.270      977.620      995.870     1012.950     1022.260
    55:     1031.000     1049.480     1082.350     1103.010     1120.490
    60:     1128.200
D:
     0:        0.000        0.000        0.000        0.000        0.000
     5:        0.000        0.000        0.000        0.000        0.000
    10:        0.000        0.000        0.000        0.000        0.000
    15:        0.000        0.000        0.000        1.110        0.000
    20:        0.000        0.950        0.000        0.770        0.690
    25:        0.740        0.780        0.850        0.840        0.770
    30:        1.050        1.100        0.810        0.850        0.730
    35:        0.920        0.710        0.760        0.810        0.920
    40:        0.800        1.020        0.870        0.860        0.720
    45:        0.840        0.850        0.770        0.950        0.850
    50:        0.700        0.700        0.790        0.610        0.770
    55:        0.850        0.630        0.780        0.670        0.570
    60:        0.640
E:
     0:        0.000        0.000        0.000       58.540        0.000
     5:        0.000        0.000        0.000        0.000        0.000
    10:        0.000        0.000        0.000        0.000        0.000
    15:        0.000      377.110        0.000      418.810        0.000
    20:        0.000      485.310        0.000      526.270      544.970
    25:      562.560      582.250      590.910      611.940      635.380
    30:      660.510      676.590      691.570      703.450      711.330
    35:      737.260      754.550      772.250      784.040      798.220
    40:      807.810      827.900      846.230      865.420      883.720
    45:      894.450      906.480      917.970      932.340      950.360
    50:      958.570      976.920      995.080     1012.340     1021.490
    55:     1030.150     1048.850     1081.570     1102.340     1119.920
    60:     1127.560
F:
     0:        0.000        0.000        0.000        1.000        0.000
     5:        0.000        0.000        0.000        0.000        0.000
    10:        0.000        0.000        0.000        0.000        0.000
    15:        0.000        4.000        0.000        3.000        0.000
    20:        0.000        2.000        0.000        3.000        1.000
    25:        4.000        2.000        2.000        4.000        1.000
    30:        4.000        3.000        1.000        2.000        2.000
    35:        3.000        4.000        1.000        3.000        4.000
    40:        1.000        2.000        3.000        4.000        1.000
    45:        2.000        2.000        3.000        1.000        4.000
    50:        4.000        2.000        3.000        1.000        1.000
    55:        3.000        2.000        4.000        2.000        3.000
    60:        4.000
G:
     0:       24.000       10.000       14.000
H:
     0:        0.000        0.000        0.000        0.000        0.000
     5:        0.000        0.000        0.000        0.000        0.000
    10:        0.000        0.000        0.000        0.000        0.000
    15:        0.000        0.000        0.000        1.000        0.000
    20:        0.000        1.000        0.000        1.000        2.000
    25:        2.000        1.000        1.000        1.000        1.000
    30:        3.000        3.000        3.000        3.000        4.000
    35:        4.000        4.000        3.000        3.000        3.000
    40:        4.000        4.000        4.000        4.000        3.000
    45:        3.000        3.000        3.000        4.000        3.000
    50:        4.000        4.000        4.000        3.000        3.000
    55:        4.000        4.000        4.000        4.000        3.000
    60:        4.000
J:
     0:        0.000        0.000        0.000        0.000        0.000
     5:        0.000        0.000        0.000        0.000        0.000
    10:        0.000        0.000        0.000        0.000        0.000
    15:        0.000        0.000        0.000        0.000        0.000
    20:        0.000        0.000        0.000        0.000        0.000
    25:        0.000        0.000        0.000        0.000        0.000
    30:        0.000        1.000        1.000        0.000        0.000
    35:        1.000        0.000        1.000        1.000        0.000
    40:        1.000        0.000        1.000        0.000        1.000
    45:        0.000        0.000        1.000        1.000        0.000
    50:        0.000        0.000        1.000        1.000        1.000
    55:        1.000        0.000        0.000        0.000        1.000
    60:        0.000
K:
     0:        0.000        0.000        0.000        0.000        0.000
     5:        0.000        0.000        0.000        0.000        0.000
    10:        0.000        0.000        0.000        0.000        0.000
    15:        0.000        0.000        0.000        2.000        0.000
    20:        0.000        2.000        0.000        2.000        1.000
    25:        1.000        2.000        2.000        2.000        2.000
    30:        2.000        2.000        2.000        2.000        1.000
    35:        1.000        1.000        2.000        2.000        2.000
    40:        1.000        1.000        1.000        1.000        2.000
    45:        2.000        2.000        2.000        1.000        2.000
    50:        1.000        1.000        1.000        2.000        2.000
    55:        1.000        1.000        1.000        1.000        2.000
    60:        1.000
L:
     0:        0.000        0.000        0.000        1.000        0.000
     5:        0.000        0.000        0.000        0.000        0.000
    10:        0.000        0.000        0.000        0.000        0.000
    15:        0.000        6.000        0.000        6.000        0.000
    20:        0.000        1.000        0.000        6.000        1.000
    25:        6.000        1.000        1.000        6.000        1.000
    30:        5.000        5.000        2.000        2.000        2.000
    35:        5.000        5.000        2.000        5.000        5.000
    40:        2.000        2.000        5.000        5.000        2.000
    45:        2.000        2.000        5.000        2.000        5.000
    50:        5.000        2.000        5.000        2.000        2.000
    55:        5.000        2.000        5.000        2.000        5.000
    60:        5.000
M:
     0:        2.000        0.000        0.000
O:
     0:        0.000        0.000        0.000        1.000        0.000
     5:        0.000        0.000        0.000        0.000        0.000
    10:        0.000        0.000        0.000        0.000        0.000
    15:        0.000        1.000        0.000        1.000        0.000
    20:        0.000        1.000        0.000        1.000        1.000
    25:        1.000        1.000        1.000        1.000        1.000
    30:        1.000        0.000        0.000        1.000        1.000
    35:        0.000        1.000        0.000        0.000        1.000
    40:        0.000        1.000        0.000        1.000        0.000
    45:        1.000        1.000        0.000        0.000        1.000
    50:        1.000        1.000        0.000        0.000        0.000
    55:        0.000        1.000        1.000        1.000        0.000
    60:        1.000
P:
     0:       14.000       31.000       24.000        0.000        0.000
     5:        0.000        4.000        0.000        0.000        0.000
    10:        0.000        0.000        0.000        0.000        0.000
    15:        0.000        0.000        0.000        0.000        0.000
    20:        0.000        0.000        0.000        0.000        0.000
    25:        0.000        0.000        0.000        0.000        0.000
    30:        0.000        0.000        0.000        0.000        0.000
    35:        0.000        0.000        0.000        0.000        0.000
    40:        0.000        0.000        0.000        0.000        0.000
    45:        0.000        0.000        0.000        0.000        0.000
    50:        0.000        0.000        0.000        0.000        0.000
    55:        0.000        0.000        0.000        0.000        0.000
    60:        0.000
Q:
     0:        0.000        0.000        0.000
S:
     0:        0.000        0.000        0.000        4.000        0.000
     5:        0.000        0.000        0.000        0.000        0.000
    10:        0.000        0.000        0.000        0.000        0.000
    15:        0.000        6.000        0.000        4.000        0.000
    20:        0.000        6.000        0.000        4.000        4.000
    25:        6.000        6.000        6.000        6.000        4.000
    30:        2.000        5.000        5.000        2.000        2.000
    35:        5.000        2.000        5.000        5.000        2.000
    40:        5.000        2.000        5.000        2.000        5.000
    45:        2.000        2.000        5.000        5.000        2.000
    50:        2.000        2.000        5.000        5.000        5.000
    55:        5.000        2.000        2.000        2.000        5.000
    60:        2.000
W:
     0:       19.000        7.000       12.000
X:
     0:        3.000        4.000        5.000        6.000        7.000
     5:        8.000
Y:
     0:        9.000       10.000       11.000       12.000       13.000
     5:       14.000
Z:
     0:        1.000        2.000        3.000        4.000
