File: C:\MED-PC\Data\2023-07-20_10h02m_Subject 141.txt


Start Date: 07/20/23
End Date: 07/20/23
Subject: 141
Experiment: 0
Group: 0
Box: 6
Start Time: 10:02:18
End Time: 11:35:54
MSN: CF-SetShifting07132023
I:     317.000
N:      35.000
R:       1.000
T:    5400.000
U:       0.000
V:       0.000
A:
     0:        7.000       10.000        4.000       13.000
B:
     0:        0.000        0.000        0.000        0.000        0.000
     5:        0.000        0.000        0.000        0.000        0.000
    10:        0.000        0.000        0.000        0.000        0.000
    15:        0.000        0.000        0.000        0.000        0.000
    20:        0.000        0.000        0.000        0.000        0.000
    25:        0.000        0.000        0.000        0.000        0.000
    30:        0.000        0.000        0.000        0.000        0.000
    35:        0.000        0.000        0.000        0.000        0.000
    40:        0.000        0.000        0.000        0.000        0.000
    45:        0.000        0.000        0.000        0.000        0.000
    50:        0.000        0.000        0.000        0.000        0.000
    55:        0.000        0.000        0.000        0.000        0.000
    60:        0.000        0.000        0.000        0.000        0.000
    65:        0.000        0.000        0.000        0.000        0.000
    70:        0.000        0.000        0.000        0.000        0.000
    75:        0.000        0.000        0.000        0.000        0.000
    80:        0.000        0.000        0.000        0.000        0.000
    85:        0.000        0.000        0.000        0.000        0.000
    90:        0.000        0.000        0.000        0.000        0.000
    95:        0.000        0.000        0.000        0.000        0.000
   100:        0.000        0.000        0.000        0.000        0.000
   105:        0.000        0.000        0.000        0.000        0.000
   110:        0.000        0.000        0.000        0.000        0.000
   115:        0.000        0.000        0.000        0.000        0.000
   120:        0.000        0.000        0.000        0.000        0.000
   125:        0.000        0.000        0.000        0.000        0.000
   130:        0.000        0.000        0.000        0.000        0.000
   135:        0.000        0.000        0.000        0.000        0.000
   140:        0.000        0.000        0.000        0.000        0.000
   145:        0.000        0.000        0.000        0.000        0.000
   150:        0.000        0.000        0.000        0.000        0.000
   155:        0.000        0.000        0.000        0.000        0.000
   160:        0.000        0.000        0.000        0.000        0.000
   165:        0.000        0.000        0.000        0.000        0.000
   170:        0.000        0.000        0.000        0.000        0.000
   175:        0.000        0.000        0.000        0.000        0.000
   180:        0.000        0.000        0.000        0.000        0.000
   185:        0.000        0.000        0.000        0.000        0.000
   190:        0.000        0.000        0.000        0.000        0.000
   195:        0.000        0.000        0.000        0.000        0.000
   200:        0.000        0.000        0.000        0.000        0.000
   205:        0.000        0.000        0.000        0.000        0.000
   210:        0.000        0.000        0.000        0.000        0.000
   215:        0.000        0.000        0.000        0.000        0.000
   220:        0.000        0.000        0.000        0.000        0.000
   225:        0.000        0.000        0.000        0.000        0.000
   230:        0.000        0.000        0.000        0.000        0.000
   235:        0.000        0.000        0.000        0.000        0.000
   240:        0.000        0.000        0.000        0.000        0.000
   245:        0.000        0.000        0.000        0.000        0.000
   250:        0.000        0.000        0.000        0.000        0.000
   255:        0.000        0.000        0.000        0.000        0.000
   260:        0.000        0.000        0.000        0.000        0.000
   265:        0.000        0.000        0.000        0.000        0.000
   270:        0.000        0.000        0.000        0.000        0.000
   275:        0.000        0.000        0.000        0.000        0.000
   280:        0.000        0.000        0.000        0.000        0.000
   285:        0.000        0.000        0.000        0.000        0.000
   290:        0.000        0.000        0.000        0.000        0.000
   295:        0.000        0.000        0.000        0.000        0.000
   300:        0.000        0.000        0.000        0.000        0.000
   305:        0.000        0.000        0.000        0.000        0.000
   310:        0.000        0.000        0.000        0.000        0.000
   315:        0.000        0.000        0.000        0.000        0.000
   320:        0.000        0.000        0.000        0.000        0.000
   325:        0.000        0.000        0.000        0.000        0.000
   330:        0.000        0.000        0.000        0.000        0.000
   335:        0.000        0.000        0.000        0.000        0.000
   340:        0.000        0.000        0.000        0.000        0.000
   345:        0.000        0.000        0.000        0.000        0.000
   350:        0.000        0.000        0.000        0.000        0.000
   355:        0.000        0.000        0.000        0.000        0.000
   360:        0.000        0.000        0.000        0.000        0.000
   365:        0.000        0.000        0.000        0.000        0.000
   370:        0.000        0.000        0.000        0.000        0.000
   375:        0.000        0.000        0.000        0.000        0.000
   380:        0.000        0.000        0.000        0.000        0.000
   385:        0.000        0.000        0.000        0.000        0.000
   390:        0.000        0.000        0.000        0.000        0.000
   395:        0.000        0.000        0.000        0.000        0.000
   400:        0.000        0.000        0.000        0.000        0.000
   405:        0.000        0.000        0.000        0.000        0.000
   410:        0.000        0.000        0.000        0.000        0.000
   415:        0.000        0.000        0.000        0.000        0.000
   420:        0.000        0.000        0.000        0.000        0.000
   425:        0.000        0.000        0.000        0.000        0.000
   430:        0.000        0.000        0.000        0.000        0.000
   435:        0.000        0.000        0.000        0.000        0.000
   440:        0.000        0.000        0.000        0.000        0.000
   445:        0.000        0.000        0.000        0.000        0.000
   450:        0.000        0.000        0.000        0.000        0.000
   455:        0.000        0.000        0.000        0.000        0.000
   460:        0.000        0.000        0.000        0.000        0.000
   465:        0.000        0.000        0.000        0.000        0.000
   470:        0.000        0.000        0.000        0.000        0.000
   475:        0.000        0.000        0.000        0.000        0.000
   480:        0.000        0.000        0.000        0.000        0.000
   485:        0.000        0.000        0.000        0.000        0.000
   490:        0.000        0.000        0.000        0.000        0.000
   495:        0.000        0.000        0.000        0.000        0.000
   500:        0.000        0.000        0.000        0.000        0.000
   505:        0.000        0.000        0.000        0.000        0.000
   510:        0.000        0.000        0.000        0.000        0.000
   515:        0.000        0.000        0.000        0.000        0.000
   520:        0.000        0.000        0.000        0.000        0.000
   525:        0.000        0.000        0.000        0.000        0.000
   530:        0.000        0.000        0.000        0.000        0.000
   535:        0.000        0.000        0.000        0.000        0.000
   540:        0.000        0.000        0.000        0.000        0.000
   545:        0.000        0.000        0.000        0.000        0.000
   550:        0.000        0.000        0.000        0.000        0.000
   555:        0.000        0.000        0.000        0.000        0.000
   560:        0.000        0.000        0.000        0.000        0.000
   565:        0.000        0.000        0.000        0.000        0.000
   570:        0.000        0.000        0.000        0.000        0.000
   575:        0.000        0.000        0.000        0.000        0.000
   580:        0.000        0.000        0.000        0.000        0.000
   585:        0.000        0.000        0.000        0.000        0.000
   590:        0.000        0.000        0.000        0.000        0.000
   595:        0.000        0.000        0.000        0.000        0.000
   600:        0.000        0.000        0.000        0.000        0.000
   605:        0.000        0.000        0.000        0.000        0.000
   610:        0.000        0.000        0.000        0.000        0.000
   615:        0.000        0.000        0.000        0.000        0.000
   620:        0.000        0.000        0.000        0.000        0.000
   625:        0.000        0.000        0.000        0.000        0.000
   630:        0.000        0.000        0.000        0.000        0.000
   635:        0.000        0.000        0.000        0.000        0.000
   640:        0.000        0.000        0.000        0.000        0.000
   645:        0.000        0.000        0.000        0.000        0.000
   650:        0.000        0.000        0.000        0.000        0.000
   655:        0.000        0.000        0.000        0.000        0.000
   660:        0.000        0.000        0.000        0.000        0.000
   665:        0.000        0.000        0.000        0.000        0.000
   670:        0.000        0.000        0.000        0.000        0.000
   675:        0.000        0.000        0.000        0.000        0.000
   680:        0.000        0.000        0.000        0.000        0.000
   685:        0.000        0.000        0.000        0.000        0.000
   690:        0.000        0.000        0.000        0.000        0.000
   695:        0.000        0.000        0.000        0.000        0.000
   700:        0.000        0.000        0.000        0.000        0.000
   705:        0.000        0.000        0.000        0.000        0.000
   710:        0.000        0.000        0.000        0.000        0.000
   715:        0.000        0.000        0.000        0.000        0.000
   720:        0.000        0.000        0.000        0.000        0.000
   725:        0.000        0.000        0.000        0.000        0.000
   730:        0.000        0.000        0.000        0.000        0.000
   735:        0.000        0.000        0.000        0.000        0.000
   740:        0.000        0.000        0.000        0.000        0.000
   745:        0.000        0.000        0.000        0.000        0.000
   750:        0.000        0.000        0.000        0.000        0.000
   755:        0.000        0.000        0.000        0.000        0.000
   760:        0.000        0.000        0.000        0.000        0.000
   765:        0.000        0.000        0.000        0.000        0.000
   770:        0.000        0.000        0.000        0.000        0.000
   775:        0.000        0.000        0.000        0.000        0.000
   780:        0.000        0.000        0.000        0.000        0.000
   785:        0.000        0.000        0.000        0.000        0.000
   790:        0.000        0.000        0.000        0.000        0.000
   795:        0.000        0.000        0.000        0.000        0.000
   800:        0.000        0.000        0.000        0.000        0.000
   805:        0.000        0.000        0.000        0.000        0.000
   810:        0.000        0.000        0.000        0.000        0.000
   815:        0.000        0.000        0.000        0.000        0.000
   820:        0.000        0.000        0.000        0.000        0.000
   825:        0.000        0.000        0.000        0.000        0.000
   830:        0.000        0.000        0.000        0.000        0.000
   835:        0.000        0.000        0.000        0.000        0.000
   840:        0.000        0.000        0.000        0.000        0.000
   845:        0.000        0.000        0.000        0.000        0.000
   850:        0.000        0.000        0.000        0.000        0.000
   855:        0.000        0.000        0.000        0.000        0.000
   860:        0.000        0.000        0.000        0.000        0.000
   865:        0.000        0.000        0.000        0.000        0.000
   870:        0.000        0.000        0.000        0.000        0.000
   875:        0.000        0.000        0.000        0.000        0.000
   880:        0.000        0.000        0.000        0.000        0.000
   885:        0.000        0.000        0.000        0.000        0.000
   890:        0.000        0.000        0.000        0.000        0.000
   895:        0.000        0.000        0.000        0.000        0.000
   900:        0.000        0.000        0.000        0.000        0.000
   905:        0.000        0.000        0.000        0.000        0.000
   910:        0.000        0.000        0.000        0.000        0.000
   915:        0.000        0.000        0.000        0.000        0.000
   920:        0.000        0.000        0.000        0.000        0.000
   925:        0.000        0.000        0.000        0.000        0.000
   930:        0.000        0.000        0.000        0.000        0.000
   935:        0.000        0.000        0.000        0.000        0.000
   940:        0.000        0.000        0.000        0.000        0.000
   945:        0.000        0.000        0.000        0.000        0.000
   950:        0.000        0.000        0.000        0.000        0.000
   955:        0.000        0.000        0.000        0.000        0.000
   960:        0.000        0.000        0.000        0.000        0.000
   965:        0.000        0.000        0.000        0.000        0.000
   970:        0.000        0.000        0.000        0.000        0.000
   975:        0.000        0.000        0.000        0.000        0.000
   980:        0.000        0.000        0.000        0.000        0.000
   985:        0.000        0.000        0.000        0.000        0.000
   990:        0.000        0.000        0.000        0.000        0.000
   995:        0.000        0.000        0.000        0.000        0.000
C:
     0:        0.000        0.000       44.250       64.970        0.000
     5:      117.940      126.880      136.790      145.700      168.580
    10:      179.380      197.960      209.070      225.730      246.860
    15:      274.780      291.570      310.610      329.030      346.700
    20:      366.670      374.250      392.760      400.480      412.870
    25:      430.010      448.820      459.930      477.130      485.670
    30:      493.530      509.490      527.910      547.110      558.170
    35:      574.230      596.350      603.520      619.990      627.270
    40:      635.810      656.790      688.310      695.860      722.120
    45:      731.550      739.430      760.790      785.220      812.460
    50:      830.600      840.050      847.840      867.730      882.150
    55:      903.050      911.560      930.830      942.470      972.650
    60:      979.910      998.400     1014.690     1026.330     1046.510
    65:     1054.300     1074.890     1091.970     1101.030     1117.260
    70:     1133.530     1153.130     1171.020     1178.660     1194.200
    75:     1228.730     1245.900     1262.420     1272.210     1291.340
    80:     1299.270     1316.750     1326.520     1342.490     1355.270
    85:     1379.830     1393.990     1408.820     1425.680     1433.620
    90:     1447.060     1472.900     1489.670     1509.570     1517.620
    95:     1526.760     1535.400     1549.840     1564.330     1594.410
   100:     1613.280     1622.720     1645.030     1664.060     1680.710
   105:     1703.130     1724.680     1747.360     1754.960     1773.360
   110:     1790.630     1801.650     1817.090     1831.880        0.000
   115:     1873.500     1883.560        0.000     1935.770     1969.520
   120:     1979.230     1990.740     2010.020     2017.480     2033.360
   125:     2049.530     2066.080     2075.190     2089.410     2106.820
   130:     2117.180     2142.910        0.000     2192.870     2201.020
   135:     2216.540     2242.210     2249.610     2260.800     2278.750
   140:     2303.040     2320.350     2328.630     2335.910     2343.500
   145:     2362.190     2369.650     2387.390     2406.600     2418.100
   150:     2426.160     2448.300     2466.530     2473.840     2493.960
   155:     2501.110     2510.770     2531.870     2542.260     2559.200
   160:     2577.310     2594.420     2607.900     2626.940     2640.940
   165:     2659.330     2668.830     2685.000     2698.940     2731.000
   170:     2753.600     2764.590     2776.670     2797.470     2806.450
   175:     2824.440     2832.000     2839.660     2850.610     2863.390
   180:     2879.730     2897.130     2916.290     2924.400     2932.160
   185:     2940.350     2948.060     2956.510     2965.670     2987.040
   190:     2994.800     3013.670     3025.490     3048.090     3065.890
   195:     3072.890     3081.430     3093.950     3103.200     3122.110
   200:     3129.370        0.000        0.000        0.000     3235.620
   205:     3253.070     3275.500     3294.570     3303.450     3323.350
   210:     3342.460     3355.960     3363.100     3371.800     3379.110
   215:     3387.060     3406.840     3434.150     3460.770        0.000
   220:     3504.600     3523.200     3538.580     3549.190     3566.870
   225:     3592.530     3600.400     3622.610     3640.130     3651.270
   230:     3672.370     3679.540     3688.720     3709.830     3726.760
   235:     3735.540     3745.020     3767.460     3787.300     3805.280
   240:        0.000     3850.180     3861.440        0.000     3908.550
   245:     3922.250     3936.480     3948.400     3965.350     3988.590
   250:     4006.750     4017.090        0.000     4052.010     4066.450
   255:        0.000     4126.340     4138.530     4161.940     4169.050
   260:     4186.760     4204.810     4222.650     4240.490     4261.850
   265:     4278.610     4288.380     4299.010        0.000        0.000
   270:        0.000     4402.510        0.000     4464.010     4485.920
   275:     4508.360     4526.940     4546.040        0.000        0.000
   280:        0.000        0.000        0.000        0.000        0.000
   285:        0.000        0.000        0.000        0.000     4839.100
   290:     4858.290        0.000        0.000     4925.620     4946.020
   295:     4955.210     4966.460     4995.070     5020.790        0.000
   300:        0.000        0.000        0.000     5148.470        0.000
   305:     5186.250        0.000        0.000        0.000     5279.990
   310:     5299.380     5314.240     5322.780     5347.960     5355.900
   315:     5364.990     5376.280
D:
     0:        0.000        0.000        0.000        0.000        0.000
     5:        0.000        0.000        0.000        0.000        0.000
    10:        0.000        0.000        0.000        0.000        0.000
    15:        0.000        0.000        0.000        0.000        0.000
    20:        0.000        0.000        0.000        0.000        0.000
    25:        0.000        0.000        0.000        0.000        0.000
    30:        0.000        0.000        0.000        0.000        0.000
    35:        0.000        0.000        0.000        0.000        0.000
    40:        0.000        0.000        0.000        0.000        0.000
    45:        0.000        0.000        0.000        0.000        0.000
    50:        0.000        0.000        0.000        0.000        0.000
    55:        0.000        0.000        0.000        0.000        0.000
    60:        0.000        0.000        0.000        0.000        0.000
    65:        0.000        0.000        0.000        0.000        0.000
    70:        0.000        0.000        0.000        0.000        0.000
    75:        0.000        0.000        0.000        0.000        0.000
    80:        0.000        0.000        0.000        0.000        0.000
    85:        0.000        0.000        0.000        0.000        0.000
    90:        0.000        0.000        0.000        0.000        0.000
    95:        0.000        0.000        0.000        0.000        0.000
   100:        0.000        0.000        0.000        0.000        0.000
   105:        0.000        0.000        0.000        0.000        0.000
   110:        0.000        0.000        0.000        0.000        0.000
   115:        0.000        0.000        0.000        0.000        0.000
   120:        0.000        0.000        0.000        0.000        0.000
   125:        0.000        0.000        0.000        0.000        0.000
   130:        0.000        0.000        0.000        0.000        0.000
   135:        0.000        0.000        0.000        0.000        0.000
   140:        0.000        0.000        0.000        0.000        0.000
   145:        0.000        0.000        0.000        0.000        0.000
   150:        0.000        0.000        0.000        0.000        0.000
   155:        0.000        0.000        0.000        0.000        0.000
   160:        0.000        0.000        0.000        0.000        0.000
   165:        0.000        0.000        0.000        0.000        0.000
   170:        0.000        0.000        0.000        0.000        0.000
   175:        0.000        0.000        0.000        0.000        0.000
   180:        0.000        0.000        0.000        0.000        0.000
   185:        0.000        0.000        0.000        0.000        0.000
   190:        0.000        0.000        0.000        0.000        0.000
   195:        0.000        0.000        0.000        0.000        0.000
   200:        0.000        0.000        0.000        0.000        0.000
   205:        0.000        0.000        0.000        0.000        0.000
   210:        0.000        0.000        0.000        0.000        0.000
   215:        0.000        0.000        0.000        0.000        0.000
   220:        0.000        0.000        0.000        0.000        0.000
   225:        0.000        0.000        0.000        0.000        0.000
   230:        0.000        0.000        0.000        0.000        0.000
   235:        0.000        0.000        0.000        0.000        0.000
   240:        0.000        0.000        0.000        0.000        0.000
   245:        0.000        0.000        0.000        0.000        0.000
   250:        0.000        0.000        0.000        0.000        0.000
   255:        0.000        0.000        0.000        0.000        0.000
   260:        0.000        0.000        0.000        0.000        0.000
   265:        0.000        0.000        0.000        0.000        0.000
   270:        0.000        0.000        0.000        0.000        0.000
   275:        0.000        0.000        0.000        0.000        0.000
   280:        0.000        0.000        0.000        0.000        0.000
   285:        0.000        0.000        0.000        0.000        0.000
   290:        0.000        0.000        0.000        0.000        0.000
   295:        0.000        0.000        0.000        0.000        0.000
   300:        0.000        0.000        0.000        0.000        0.000
   305:        0.000        0.000        0.000        0.000        0.000
   310:        0.000        0.000        0.000        0.000        0.000
   315:        0.000        0.000
E:
     0:        0.000        0.000       43.440       64.200        0.000
     5:      116.370      126.270      136.170      145.060      167.890
    10:      178.280      197.360      208.170      224.930      243.610
    15:      272.540      290.510      309.850      328.270      345.910
    20:      365.980      373.460      392.100      399.870      409.980
    25:      429.340      447.890      459.060      476.360      484.780
    30:      492.570      508.840      527.140      546.550      557.390
    35:      573.180      595.760      602.610      619.200      626.540
    40:      635.160      656.120      687.600      694.980      721.470
    45:      730.560      738.070      760.160      784.210      811.640
    50:      829.840      839.450      846.790      866.990      881.570
    55:      902.020      910.710      930.130      941.480      966.550
    60:      979.020      997.760     1013.800     1025.430     1045.870
    65:     1053.280     1073.250     1091.060     1100.250     1116.620
    70:     1132.550     1152.160     1168.930     1177.280     1192.110
    75:     1225.060     1244.330     1260.960     1270.300     1290.680
    80:     1298.090     1315.570     1325.920     1341.750     1354.620
    85:     1377.480     1393.220     1406.220     1424.940     1432.400
    90:     1444.320     1470.720     1489.030     1508.920     1516.410
    95:     1525.660     1534.560     1547.690     1563.450     1593.400
   100:     1611.930     1621.720     1643.420     1663.240     1680.080
   105:     1702.400     1723.880     1746.680     1754.100     1772.750
   110:     1789.970     1800.590     1812.800     1830.660        0.000
   115:     1872.580     1882.560        0.000     1935.170     1968.980
   120:     1978.550     1989.810     2009.380     2016.590     2032.500
   125:     2048.730     2065.070     2074.550     2087.640     2106.150
   130:     2116.610     2142.200        0.000     2191.750     2199.130
   135:     2214.180     2240.280     2248.680     2259.830     2277.710
   140:     2302.430     2319.630     2326.610     2335.200     2342.510
   145:     2361.450     2368.500     2386.470     2405.670     2416.550
   150:     2425.080     2447.580     2465.830     2472.870     2493.330
   155:     2500.240     2509.880     2531.050     2541.330     2558.540
   160:     2576.490     2593.660     2606.100     2626.230     2640.180
   165:     2658.260     2668.150     2684.320     2696.950     2729.820
   170:     2752.790     2762.960     2775.470     2796.230     2805.840
   175:     2823.850     2831.020     2838.820     2849.890     2862.750
   180:     2878.950     2896.470     2913.180     2923.700     2930.730
   185:     2939.630     2947.070     2955.630     2964.690     2986.050
   190:     2993.400     3012.980     3024.490     3047.270     3065.290
   195:     3072.150     3080.620     3087.800     3102.490     3121.380
   200:     3128.480        0.000        0.000        0.000     3234.870
   205:     3252.270     3274.690     3293.710     3302.860     3322.550
   210:     3341.800     3353.270     3362.310     3371.070     3378.310
   215:     3386.330     3405.950     3433.130     3460.150        0.000
   220:     3503.240     3522.560     3537.840     3548.380     3566.260
   225:     3591.910     3599.690     3621.490     3639.490     3650.650
   230:     3671.710     3678.900     3687.760     3709.100     3726.070
   235:     3734.540     3744.050     3766.870     3786.770     3804.720
   240:        0.000     3849.420     3860.520        0.000     3906.350
   245:     3921.560     3935.810     3947.760     3964.670     3988.000
   250:     4005.960     4016.510     4033.980     4051.330     4065.750
   255:        0.000     4125.580     4137.000     4161.110     4168.440
   260:     4186.010     4203.800     4221.720     4239.880     4259.660
   265:     4277.600     4287.570     4297.470        0.000     4342.090
   270:        0.000     4401.900     4427.650     4461.840     4485.080
   275:     4507.180     4526.260     4542.190        0.000        0.000
   280:        0.000        0.000        0.000        0.000        0.000
   285:        0.000        0.000        0.000        0.000     4838.340
   290:     4857.500        0.000        0.000     4924.920     4942.630
   295:     4954.410     4965.840     4992.820     5019.970        0.000
   300:        0.000        0.000        0.000     5147.720        0.000
   305:     5185.340        0.000        0.000        0.000     5279.260
   310:     5298.500     5313.440     5322.030     5347.250     5355.210
   315:     5364.240     5375.470
F:
     0:        0.000        0.000        4.000        1.000        0.000
     5:        2.000        3.000        3.000        2.000        1.000
    10:        4.000        3.000        1.000        2.000        4.000
    15:        3.000        4.000        1.000        2.000        4.000
    20:        3.000        2.000        1.000        1.000        4.000
    25:        2.000        3.000        4.000        1.000        3.000
    30:        2.000        2.000        1.000        3.000        4.000
    35:        3.000        1.000        4.000        2.000        1.000
    40:        2.000        4.000        3.000        4.000        3.000
    45:        1.000        2.000        2.000        1.000        4.000
    50:        3.000        3.000        2.000        1.000        4.000
    55:        1.000        2.000        3.000        4.000        1.000
    60:        2.000        4.000        3.000        4.000        1.000
    65:        2.000        3.000        3.000        2.000        4.000
    70:        1.000        2.000        3.000        1.000        4.000
    75:        2.000        1.000        3.000        4.000        1.000
    80:        4.000        3.000        2.000        1.000        4.000
    85:        2.000        3.000        4.000        3.000        1.000
    90:        2.000        4.000        2.000        3.000        1.000
    95:        3.000        1.000        4.000        2.000        2.000
   100:        1.000        4.000        3.000        2.000        4.000
   105:        1.000        3.000        1.000        4.000        2.000
   110:        3.000        2.000        1.000        3.000        0.000
   115:        4.000        1.000        0.000        2.000        3.000
   120:        4.000        2.000        3.000        4.000        1.000
   125:        2.000        4.000        1.000        3.000        3.000
   130:        2.000        4.000        0.000        1.000        4.000
   135:        1.000        3.000        2.000        2.000        1.000
   140:        4.000        3.000        4.000        1.000        2.000
   145:        3.000        1.000        2.000        4.000        3.000
   150:        3.000        2.000        1.000        4.000        1.000
   155:        4.000        3.000        2.000        1.000        4.000
   160:        2.000        3.000        3.000        1.000        2.000
   165:        4.000        2.000        1.000        3.000        4.000
   170:        2.000        4.000        3.000        1.000        2.000
   175:        3.000        1.000        4.000        4.000        2.000
   180:        1.000        3.000        2.000        3.000        4.000
   185:        1.000        2.000        1.000        4.000        3.000
   190:        1.000        3.000        2.000        4.000        1.000
   195:        2.000        3.000        4.000        4.000        3.000
   200:        1.000        0.000        0.000        0.000        2.000
   205:        3.000        1.000        2.000        4.000        4.000
   210:        1.000        3.000        2.000        1.000        4.000
   215:        2.000        3.000        3.000        4.000        0.000
   220:        2.000        1.000        3.000        2.000        4.000
   225:        1.000        3.000        4.000        1.000        2.000
   230:        1.000        4.000        2.000        3.000        1.000
   235:        3.000        4.000        2.000        2.000        1.000
   240:        0.000        3.000        4.000        0.000        2.000
   245:        1.000        3.000        4.000        1.000        2.000
   250:        3.000        4.000        4.000        3.000        2.000
   255:        0.000        1.000        4.000        3.000        1.000
   260:        2.000        3.000        1.000        4.000        2.000
   265:        1.000        3.000        4.000        0.000        2.000
   270:        0.000        2.000        1.000        4.000        3.000
   275:        4.000        2.000        3.000        0.000        0.000
   280:        0.000        0.000        0.000        0.000        0.000
   285:        0.000        0.000        0.000        0.000        1.000
   290:        2.000        0.000        0.000        3.000        4.000
   295:        1.000        2.000        4.000        1.000        0.000
   300:        0.000        0.000        0.000        3.000        0.000
   305:        2.000        0.000        0.000        0.000        1.000
   310:        3.000        4.000        4.000        1.000        2.000
   315:        3.000        2.000
G:
     0:      136.000       34.000      102.000
H:
     0:        0.000        0.000        2.000        2.000        0.000
     5:        1.000        1.000        1.000        2.000        1.000
    10:        2.000        1.000        1.000        2.000        2.000
    15:        2.000        2.000        1.000        2.000        2.000
    20:        1.000        2.000        1.000        1.000        2.000
    25:        2.000        1.000        2.000        1.000        1.000
    30:        2.000        2.000        2.000        1.000        2.000
    35:        1.000        1.000        2.000        1.000        1.000
    40:        2.000        2.000        1.000        2.000        1.000
    45:        1.000        2.000        2.000        2.000        2.000
    50:        1.000        1.000        2.000        1.000        2.000
    55:        1.000        2.000        1.000        2.000        1.000
    60:        2.000        2.000        1.000        2.000        1.000
    65:        2.000        2.000        1.000        2.000        2.000
    70:        2.000        2.000        1.000        1.000        2.000
    75:        2.000        2.000        1.000        2.000        1.000
    80:        2.000        1.000        2.000        1.000        2.000
    85:        1.000        1.000        2.000        1.000        1.000
    90:        2.000        2.000        2.000        1.000        1.000
    95:        1.000        1.000        1.000        2.000        2.000
   100:        1.000        2.000        2.000        2.000        2.000
   105:        2.000        2.000        1.000        2.000        2.000
   110:        1.000        1.000        1.000        2.000        0.000
   115:        1.000        2.000        0.000        2.000        1.000
   120:        1.000        2.000        1.000        2.000        2.000
   125:        2.000        1.000        1.000        2.000        1.000
   130:        2.000        2.000        0.000        1.000        1.000
   135:        2.000        1.000        1.000        2.000        2.000
   140:        2.000        1.000        1.000        1.000        2.000
   145:        1.000        2.000        2.000        1.000        1.000
   150:        2.000        2.000        1.000        2.000        1.000
   155:        1.000        2.000        1.000        2.000        2.000
   160:        2.000        1.000        2.000        1.000        2.000
   165:        1.000        2.000        1.000        2.000        2.000
   170:        1.000        1.000        2.000        1.000        2.000
   175:        1.000        1.000        1.000        1.000        2.000
   180:        2.000        1.000        1.000        1.000        1.000
   185:        1.000        1.000        1.000        2.000        1.000
   190:        2.000        1.000        2.000        2.000        1.000
   195:        1.000        1.000        1.000        2.000        1.000
   200:        2.000        0.000        0.000        0.000        2.000
   205:        2.000        2.000        1.000        2.000        2.000
   210:        1.000        1.000        1.000        1.000        1.000
   215:        2.000        2.000        1.000        2.000        0.000
   220:        2.000        1.000        1.000        2.000        2.000
   225:        1.000        2.000        2.000        1.000        2.000
   230:        1.000        1.000        2.000        1.000        1.000
   235:        1.000        2.000        2.000        2.000        1.000
   240:        0.000        1.000        2.000        0.000        1.000
   245:        1.000        1.000        2.000        2.000        2.000
   250:        1.000        2.000        0.000        1.000        2.000
   255:        0.000        1.000        2.000        1.000        2.000
   260:        1.000        2.000        2.000        2.000        2.000
   265:        1.000        1.000        2.000        0.000        0.000
   270:        0.000        2.000        0.000        2.000        1.000
   275:        2.000        2.000        2.000        0.000        0.000
   280:        0.000        0.000        0.000        0.000        0.000
   285:        0.000        0.000        0.000        0.000        1.000
   290:        1.000        0.000        0.000        1.000        1.000
   295:        1.000        2.000        2.000        2.000        0.000
   300:        0.000        0.000        0.000        1.000        0.000
   305:        2.000        0.000        0.000        0.000        2.000
   310:        1.000        1.000        2.000        1.000        1.000
   315:        1.000        2.000
J:
     0:        0.000        0.000        1.000        0.000        0.000
     5:        1.000        0.000        0.000        1.000        0.000
    10:        1.000        0.000        0.000        1.000        1.000
    15:        0.000        1.000        0.000        1.000        1.000
    20:        0.000        1.000        0.000        0.000        1.000
    25:        1.000        0.000        1.000        0.000        0.000
    30:        1.000        1.000        0.000        0.000        1.000
    35:        0.000        0.000        1.000        1.000        0.000
    40:        1.000        1.000        0.000        1.000        0.000
    45:        0.000        1.000        1.000        0.000        1.000
    50:        0.000        0.000        1.000        0.000        1.000
    55:        0.000        1.000        0.000        1.000        0.000
    60:        1.000        1.000        0.000        1.000        0.000
    65:        1.000        0.000        0.000        1.000        1.000
    70:        0.000        1.000        0.000        0.000        1.000
    75:        1.000        0.000        0.000        1.000        0.000
    80:        1.000        0.000        1.000        0.000        1.000
    85:        1.000        0.000        1.000        0.000        0.000
    90:        1.000        1.000        1.000        0.000        0.000
    95:        0.000        0.000        1.000        1.000        1.000
   100:        0.000        1.000        0.000        1.000        1.000
   105:        0.000        0.000        0.000        1.000        1.000
   110:        0.000        1.000        0.000        0.000        0.000
   115:        1.000        0.000        0.000        1.000        0.000
   120:        1.000        1.000        0.000        1.000        0.000
   125:        1.000        1.000        0.000        0.000        0.000
   130:        1.000        1.000        0.000        0.000        1.000
   135:        0.000        0.000        1.000        1.000        0.000
   140:        1.000        0.000        1.000        0.000        1.000
   145:        0.000        0.000        1.000        1.000        0.000
   150:        0.000        1.000        0.000        1.000        0.000
   155:        1.000        0.000        1.000        0.000        1.000
   160:        1.000        0.000        0.000        0.000        1.000
   165:        1.000        1.000        0.000        0.000        1.000
   170:        1.000        1.000        0.000        0.000        1.000
   175:        0.000        0.000        1.000        1.000        1.000
   180:        0.000        0.000        1.000        0.000        1.000
   185:        0.000        1.000        0.000        1.000        0.000
   190:        0.000        0.000        1.000        1.000        0.000
   195:        1.000        0.000        1.000        1.000        0.000
   200:        0.000        0.000        0.000        0.000        1.000
   205:        0.000        0.000        1.000        1.000        1.000
   210:        0.000        0.000        1.000        0.000        1.000
   215:        1.000        0.000        0.000        1.000        0.000
   220:        1.000        0.000        0.000        1.000        1.000
   225:        0.000        0.000        1.000        0.000        1.000
   230:        0.000        1.000        1.000        0.000        0.000
   235:        0.000        1.000        1.000        1.000        0.000
   240:        0.000        0.000        1.000        0.000        1.000
   245:        0.000        0.000        1.000        0.000        1.000
   250:        0.000        1.000        1.000        0.000        1.000
   255:        0.000        0.000        1.000        0.000        0.000
   260:        1.000        0.000        0.000        1.000        1.000
   265:        0.000        0.000        1.000        0.000        1.000
   270:        0.000        1.000        0.000        1.000        0.000
   275:        1.000        1.000        0.000        0.000        0.000
   280:        0.000        0.000        0.000        0.000        0.000
   285:        0.000        0.000        0.000        0.000        0.000
   290:        1.000        0.000        0.000        0.000        1.000
   295:        0.000        1.000        1.000        0.000        0.000
   300:        0.000        0.000        0.000        0.000        0.000
   305:        1.000        0.000        0.000        0.000        0.000
   310:        0.000        1.000        1.000        0.000        1.000
   315:        0.000        1.000
K:
     0:        0.000        0.000        1.000        1.000        0.000
     5:        2.000        2.000        2.000        1.000        2.000
    10:        1.000        2.000        2.000        1.000        1.000
    15:        1.000        1.000        2.000        1.000        1.000
    20:        2.000        1.000        2.000        2.000        1.000
    25:        1.000        2.000        1.000        2.000        2.000
    30:        1.000        1.000        1.000        2.000        1.000
    35:        2.000        2.000        1.000        2.000        2.000
    40:        1.000        1.000        2.000        1.000        2.000
    45:        2.000        1.000        1.000        1.000        1.000
    50:        2.000        2.000        1.000        2.000        1.000
    55:        2.000        1.000        2.000        1.000        2.000
    60:        1.000        1.000        2.000        1.000        2.000
    65:        1.000        1.000        2.000        1.000        1.000
    70:        1.000        1.000        2.000        2.000        1.000
    75:        1.000        1.000        2.000        1.000        2.000
    80:        1.000        2.000        1.000        2.000        1.000
    85:        2.000        2.000        1.000        2.000        2.000
    90:        1.000        1.000        1.000        2.000        2.000
    95:        2.000        2.000        2.000        1.000        1.000
   100:        2.000        1.000        1.000        1.000        1.000
   105:        1.000        1.000        2.000        1.000        1.000
   110:        2.000        2.000        2.000        1.000        0.000
   115:        2.000        1.000        0.000        1.000        2.000
   120:        2.000        1.000        2.000        1.000        1.000
   125:        1.000        2.000        2.000        1.000        2.000
   130:        1.000        1.000        0.000        2.000        2.000
   135:        1.000        2.000        2.000        1.000        1.000
   140:        1.000        2.000        2.000        2.000        1.000
   145:        2.000        1.000        1.000        2.000        2.000
   150:        1.000        1.000        2.000        1.000        2.000
   155:        2.000        1.000        2.000        1.000        1.000
   160:        1.000        2.000        1.000        2.000        1.000
   165:        2.000        1.000        2.000        1.000        1.000
   170:        2.000        2.000        1.000        2.000        1.000
   175:        2.000        2.000        2.000        2.000        1.000
   180:        1.000        2.000        2.000        2.000        2.000
   185:        2.000        2.000        2.000        1.000        2.000
   190:        1.000        2.000        1.000        1.000        2.000
   195:        2.000        2.000        2.000        1.000        2.000
   200:        1.000        0.000        0.000        0.000        1.000
   205:        1.000        1.000        2.000        1.000        1.000
   210:        2.000        2.000        2.000        2.000        2.000
   215:        1.000        1.000        2.000        1.000        0.000
   220:        1.000        2.000        2.000        1.000        1.000
   225:        2.000        1.000        1.000        2.000        1.000
   230:        2.000        2.000        1.000        2.000        2.000
   235:        2.000        1.000        1.000        1.000        2.000
   240:        0.000        2.000        1.000        0.000        2.000
   245:        2.000        2.000        1.000        1.000        1.000
   250:        2.000        1.000        0.000        2.000        1.000
   255:        0.000        2.000        1.000        2.000        1.000
   260:        2.000        1.000        1.000        1.000        1.000
   265:        2.000        2.000        1.000        0.000        0.000
   270:        0.000        1.000        0.000        1.000        2.000
   275:        1.000        1.000        1.000        0.000        0.000
   280:        0.000        0.000        0.000        0.000        0.000
   285:        0.000        0.000        0.000        0.000        2.000
   290:        2.000        0.000        0.000        2.000        2.000
   295:        2.000        1.000        1.000        1.000        0.000
   300:        0.000        0.000        0.000        2.000        0.000
   305:        1.000        0.000        0.000        0.000        1.000
   310:        2.000        2.000        1.000        2.000        2.000
   315:        2.000        1.000
L:
     0:        0.000        0.000        2.000        5.000        0.000
     5:        5.000        2.000        2.000        5.000        5.000
    10:        2.000        2.000        5.000        5.000        2.000
    15:        2.000        2.000        5.000        5.000        2.000
    20:        2.000        5.000        5.000        5.000        2.000
    25:        5.000        2.000        2.000        5.000        2.000
    30:        5.000        5.000        5.000        2.000        2.000
    35:        2.000        5.000        2.000        5.000        5.000
    40:        5.000        2.000        2.000        2.000        2.000
    45:        5.000        5.000        5.000        5.000        2.000
    50:        2.000        2.000        5.000        5.000        2.000
    55:        5.000        5.000        2.000        2.000        5.000
    60:        5.000        2.000        2.000        2.000        5.000
    65:        5.000        2.000        2.000        5.000        2.000
    70:        5.000        5.000        2.000        5.000        2.000
    75:        5.000        5.000        2.000        2.000        5.000
    80:        2.000        2.000        5.000        5.000        2.000
    85:        5.000        2.000        2.000        2.000        5.000
    90:        5.000        2.000        5.000        2.000        5.000
    95:        2.000        5.000        2.000        5.000        5.000
   100:        5.000        2.000        2.000        5.000        2.000
   105:        5.000        2.000        5.000        2.000        5.000
   110:        2.000        5.000        5.000        2.000        0.000
   115:        2.000        5.000        0.000        5.000        2.000
   120:        2.000        5.000        2.000        2.000        5.000
   125:        5.000        2.000        5.000        2.000        2.000
   130:        5.000        2.000        0.000        5.000        2.000
   135:        5.000        2.000        5.000        5.000        5.000
   140:        2.000        2.000        2.000        5.000        5.000
   145:        2.000        5.000        5.000        2.000        2.000
   150:        2.000        5.000        5.000        2.000        5.000
   155:        2.000        2.000        5.000        5.000        2.000
   160:        5.000        2.000        2.000        5.000        5.000
   165:        2.000        5.000        5.000        2.000        2.000
   170:        5.000        2.000        2.000        5.000        5.000
   175:        2.000        5.000        2.000        2.000        5.000
   180:        5.000        2.000        5.000        2.000        2.000
   185:        5.000        5.000        5.000        2.000        2.000
   190:        5.000        2.000        5.000        2.000        5.000
   195:        5.000        2.000        2.000        2.000        2.000
   200:        5.000        0.000        0.000        0.000        5.000
   205:        2.000        5.000        5.000        2.000        2.000
   210:        5.000        2.000        5.000        5.000        2.000
   215:        5.000        2.000        2.000        2.000        0.000
   220:        5.000        5.000        2.000        5.000        2.000
   225:        5.000        2.000        2.000        5.000        5.000
   230:        5.000        2.000        5.000        2.000        5.000
   235:        2.000        2.000        5.000        5.000        5.000
   240:        0.000        2.000        2.000        0.000        5.000
   245:        5.000        2.000        2.000        5.000        5.000
   250:        2.000        2.000        2.000        2.000        5.000
   255:        0.000        5.000        2.000        2.000        5.000
   260:        5.000        2.000        5.000        2.000        5.000
   265:        5.000        2.000        2.000        0.000        5.000
   270:        0.000        5.000        5.000        2.000        2.000
   275:        2.000        5.000        2.000        0.000        0.000
   280:        0.000        0.000        0.000        0.000        0.000
   285:        0.000        0.000        0.000        0.000        5.000
   290:        5.000        0.000        0.000        2.000        2.000
   295:        5.000        5.000        2.000        5.000        0.000
   300:        0.000        0.000        0.000        2.000        0.000
   305:        5.000        0.000        0.000        0.000        5.000
   310:        2.000        2.000        2.000        5.000        5.000
   315:        2.000        5.000
M:
     0:        3.000        0.000        0.000
O:
     0:        0.000        0.000        0.000        1.000        0.000
     5:        0.000        1.000        1.000        0.000        1.000
    10:        0.000        1.000        1.000        0.000        0.000
    15:        1.000        0.000        1.000        0.000        0.000
    20:        1.000        0.000        1.000        1.000        0.000
    25:        0.000        1.000        0.000        1.000        1.000
    30:        0.000        0.000        1.000        1.000        0.000
    35:        1.000        1.000        0.000        0.000        1.000
    40:        0.000        0.000        1.000        0.000        1.000
    45:        1.000        0.000        0.000        1.000        0.000
    50:        1.000        1.000        0.000        1.000        0.000
    55:        1.000        0.000        1.000        0.000        1.000
    60:        0.000        0.000        1.000        0.000        1.000
    65:        0.000        1.000        1.000        0.000        0.000
    70:        1.000        0.000        1.000        1.000        0.000
    75:        0.000        1.000        1.000        0.000        1.000
    80:        0.000        1.000        0.000        1.000        0.000
    85:        0.000        1.000        0.000        1.000        1.000
    90:        0.000        0.000        0.000        1.000        1.000
    95:        1.000        1.000        0.000        0.000        0.000
   100:        1.000        0.000        1.000        0.000        0.000
   105:        1.000        1.000        1.000        0.000        0.000
   110:        1.000        0.000        1.000        1.000        0.000
   115:        0.000        1.000        0.000        0.000        1.000
   120:        0.000        0.000        1.000        0.000        1.000
   125:        0.000        0.000        1.000        1.000        1.000
   130:        0.000        0.000        0.000        1.000        0.000
   135:        1.000        1.000        0.000        0.000        1.000
   140:        0.000        1.000        0.000        1.000        0.000
   145:        1.000        1.000        0.000        0.000        1.000
   150:        1.000        0.000        1.000        0.000        1.000
   155:        0.000        1.000        0.000        1.000        0.000
   160:        0.000        1.000        1.000        1.000        0.000
   165:        0.000        0.000        1.000        1.000        0.000
   170:        0.000        0.000        1.000        1.000        0.000
   175:        1.000        1.000        0.000        0.000        0.000
   180:        1.000        1.000        0.000        1.000        0.000
   185:        1.000        0.000        1.000        0.000        1.000
   190:        1.000        1.000        0.000        0.000        1.000
   195:        0.000        1.000        0.000        0.000        1.000
   200:        1.000        0.000        0.000        0.000        0.000
   205:        1.000        1.000        0.000        0.000        0.000
   210:        1.000        1.000        0.000        1.000        0.000
   215:        0.000        1.000        1.000        0.000        0.000
   220:        0.000        1.000        1.000        0.000        0.000
   225:        1.000        1.000        0.000        1.000        0.000
   230:        1.000        0.000        0.000        1.000        1.000
   235:        1.000        0.000        0.000        0.000        1.000
   240:        0.000        1.000        0.000        0.000        0.000
   245:        1.000        1.000        0.000        1.000        0.000
   250:        1.000        0.000        0.000        1.000        0.000
   255:        0.000        1.000        0.000        1.000        1.000
   260:        0.000        1.000        1.000        0.000        0.000
   265:        1.000        1.000        0.000        0.000        0.000
   270:        0.000        0.000        1.000        0.000        1.000
   275:        0.000        0.000        1.000        0.000        0.000
   280:        0.000        0.000        0.000        0.000        0.000
   285:        0.000        0.000        0.000        0.000        1.000
   290:        0.000        0.000        0.000        1.000        0.000
   295:        1.000        0.000        0.000        1.000        0.000
   300:        0.000        0.000        0.000        1.000        0.000
   305:        0.000        0.000        0.000        0.000        1.000
   310:        1.000        0.000        0.000        1.000        0.000
   315:        1.000        0.000
P:
     0:        0.000        0.000        0.000
Q:
     0:       12.000      317.000      308.000
S:
     0:        0.000        0.000        5.000        2.000        0.000
     5:        5.000        2.000        2.000        5.000        2.000
    10:        5.000        2.000        2.000        5.000        5.000
    15:        2.000        5.000        2.000        5.000        5.000
    20:        2.000        5.000        2.000        2.000        5.000
    25:        5.000        2.000        5.000        2.000        2.000
    30:        5.000        5.000        2.000        2.000        5.000
    35:        2.000        2.000        5.000        5.000        2.000
    40:        5.000        5.000        2.000        5.000        2.000
    45:        2.000        5.000        5.000        2.000        5.000
    50:        2.000        2.000        5.000        2.000        5.000
    55:        2.000        5.000        2.000        5.000        2.000
    60:        5.000        5.000        2.000        5.000        2.000
    65:        5.000        2.000        2.000        5.000        5.000
    70:        2.000        5.000        2.000        2.000        5.000
    75:        5.000        2.000        2.000        5.000        2.000
    80:        5.000        2.000        5.000        2.000        5.000
    85:        5.000        2.000        5.000        2.000        2.000
    90:        5.000        5.000        5.000        2.000        2.000
    95:        2.000        2.000        5.000        5.000        5.000
   100:        2.000        5.000        2.000        5.000        5.000
   105:        2.000        2.000        2.000        5.000        5.000
   110:        2.000        5.000        2.000        2.000        0.000
   115:        5.000        2.000        0.000        5.000        2.000
   120:        5.000        5.000        2.000        5.000        2.000
   125:        5.000        5.000        2.000        2.000        2.000
   130:        5.000        5.000        0.000        2.000        5.000
   135:        2.000        2.000        5.000        5.000        2.000
   140:        5.000        2.000        5.000        2.000        5.000
   145:        2.000        2.000        5.000        5.000        2.000
   150:        2.000        5.000        2.000        5.000        2.000
   155:        5.000        2.000        5.000        2.000        5.000
   160:        5.000        2.000        2.000        2.000        5.000
   165:        5.000        5.000        2.000        2.000        5.000
   170:        5.000        5.000        2.000        2.000        5.000
   175:        2.000        2.000        5.000        5.000        5.000
   180:        2.000        2.000        5.000        2.000        5.000
   185:        2.000        5.000        2.000        5.000        2.000
   190:        2.000        2.000        5.000        5.000        2.000
   195:        5.000        2.000        5.000        5.000        2.000
   200:        2.000        0.000        0.000        0.000        5.000
   205:        2.000        2.000        5.000        5.000        5.000
   210:        2.000        2.000        5.000        2.000        5.000
   215:        5.000        2.000        2.000        5.000        0.000
   220:        5.000        2.000        2.000        5.000        5.000
   225:        2.000        2.000        5.000        2.000        5.000
   230:        2.000        5.000        5.000        2.000        2.000
   235:        2.000        5.000        5.000        5.000        2.000
   240:        0.000        2.000        5.000        0.000        5.000
   245:        2.000        2.000        5.000        2.000        5.000
   250:        2.000        5.000        5.000        2.000        5.000
   255:        0.000        2.000        5.000        2.000        2.000
   260:        5.000        2.000        2.000        5.000        5.000
   265:        2.000        2.000        5.000        0.000        5.000
   270:        0.000        5.000        2.000        5.000        2.000
   275:        5.000        5.000        2.000        0.000        0.000
   280:        0.000        0.000        0.000        0.000        0.000
   285:        0.000        0.000        0.000        0.000        2.000
   290:        5.000        0.000        0.000        2.000        5.000
   295:        2.000        5.000        5.000        2.000        0.000
   300:        0.000        0.000        0.000        2.000        0.000
   305:        5.000        0.000        0.000        0.000        2.000
   310:        2.000        5.000        5.000        2.000        5.000
   315:        2.000        5.000
W:
     0:      142.000      105.000       37.000
X:
     0:        3.000        4.000        5.000        6.000        7.000
     5:        8.000
Y:
     0:        9.000       10.000       11.000       12.000       13.000
     5:       14.000
Z:
     0:        1.000        2.000        3.000        4.000
