File: C:\MED-PC\Data\2023-07-19_09h48m_Subject 136.txt


Start Date: 07/19/23
End Date: 07/19/23
Subject: 136
Experiment: 0
Group: 0
Box: 1
Start Time: 09:48:05
End Time: 11:11:02
MSN: CF-SetShifting07132023
B:       0.000
I:     195.000
N:     127.000
R:       1.000
T:    4500.000
V:       0.000
A:
     0:        5.000       10.000        7.000       11.000
C:
     0:        0.000        0.000       39.930        0.000        0.000
     5:        0.000        0.000        0.000      191.820        0.000
    10:      240.010        0.000      283.020      303.820      334.750
    15:      358.580      382.910      402.070      432.530      453.580
    20:      468.120        0.000      514.600      535.520      552.040
    25:        0.000      585.590      605.240      618.720      647.590
    30:        0.000      685.960        0.000      736.990      755.710
    35:      772.870      787.040      818.960      836.260        0.000
    40:      875.970        0.000      910.090      930.750      943.130
    45:      960.120      978.980      996.410     1010.700        0.000
    50:        0.000        0.000        0.000     1125.940        0.000
    55:     1173.300     1192.310     1209.860     1229.820     1243.110
    60:     1269.690     1294.880     1325.930        0.000     1367.960
    65:     1380.720     1410.200     1426.860        0.000     1471.240
    70:        0.000     1507.350        0.000     1553.340     1579.360
    75:        0.000     1612.940     1627.270     1643.870     1659.960
    80:     1677.590        0.000        0.000        0.000        0.000
    85:        0.000        0.000        0.000        0.000        0.000
    90:        0.000        0.000        0.000        0.000        0.000
    95:        0.000        0.000        0.000        0.000        0.000
   100:        0.000        0.000        0.000        0.000        0.000
   105:        0.000        0.000        0.000        0.000        0.000
   110:        0.000        0.000        0.000        0.000        0.000
   115:        0.000        0.000        0.000     2616.940        0.000
   120:     2659.400     2683.500     2708.880     2734.030        0.000
   125:        0.000     2803.200        0.000     2841.400        0.000
   130:     2886.740     2913.580        0.000        0.000     2990.450
   135:     3006.160        0.000        0.000        0.000        0.000
   140:        0.000        0.000        0.000        0.000        0.000
   145:        0.000        0.000        0.000        0.000        0.000
   150:        0.000        0.000        0.000        0.000        0.000
   155:        0.000        0.000        0.000        0.000        0.000
   160:        0.000        0.000        0.000        0.000        0.000
   165:        0.000        0.000        0.000        0.000        0.000
   170:        0.000        0.000        0.000        0.000        0.000
   175:        0.000        0.000        0.000        0.000        0.000
   180:        0.000        0.000        0.000        0.000        0.000
   185:        0.000        0.000        0.000        0.000        0.000
   190:        0.000        0.000        0.000        0.000        0.000
D:
     0:        0.000        0.000        0.960        0.000        0.000
     5:        0.000        0.000        0.000        0.760        0.000
    10:        0.770        0.000        0.560        0.720        6.070
    15:        0.630        0.730        2.480        0.700        0.650
    20:        0.680        0.000        0.660        1.500        1.120
    25:        0.000        0.650        0.660        0.680        0.730
    30:        0.000        1.400        0.000        2.550        0.740
    35:        0.900        1.960        0.750        0.620        0.000
    40:        1.470        0.000        0.660        0.690        0.700
    45:        0.910        0.760        0.620        2.070        0.000
    50:        0.000        0.000        0.000        1.030        0.000
    55:        1.860        0.800        0.680        1.190        0.750
    60:        1.120        1.410        0.690        0.000        0.720
    65:        0.740        0.590        1.290        0.000        0.570
    70:        0.000        0.690        0.000        0.660        1.850
    75:        0.000        0.640        0.790        0.910        0.710
    80:        1.240        0.000        0.000        0.000        0.000
    85:        0.000        0.000        0.000        0.000        0.000
    90:        0.000        0.000        0.000        0.000        0.000
    95:        0.000        0.000        0.000        0.000        0.000
   100:        0.000        0.000        0.000        0.000        0.000
   105:        0.000        0.000        0.000        0.000        0.000
   110:        0.000        0.000        0.000        0.000        0.000
   115:        0.000        0.000        0.000        0.710        0.000
   120:        0.650        0.650        0.670        0.860        0.000
   125:        0.000        0.600        0.000        0.820        0.000
   130:        0.780        0.680        0.000        0.000        0.710
   135:        0.700        0.000        0.000        0.000        0.000
   140:        0.000        0.000        0.000        0.000        0.000
   145:        0.000        0.000        0.000        0.000        0.000
   150:        0.000        0.000        0.000        0.000        0.000
   155:        0.000        0.000        0.000        0.000        0.000
   160:        0.000        0.000        0.000        0.000        0.000
   165:        0.000        0.000        0.000        0.000        0.000
   170:        0.000        0.000        0.000        0.000        0.000
   175:        0.000        0.000        0.000        0.000        0.000
   180:        0.000        0.000        0.000        0.000        0.000
   185:        0.000        0.000        0.000        0.000        0.000
   190:        0.000        0.000        0.000        0.000        0.000
F:
     0:        0.000        0.000        1.000        0.000        0.000
     5:        0.000        0.000        0.000        4.000        0.000
    10:        3.000        0.000        2.000        4.000        3.000
    15:        2.000        1.000        1.000        2.000        4.000
    20:        3.000        0.000        3.000        2.000        4.000
    25:        0.000        1.000        4.000        3.000        2.000
    30:        0.000        1.000        0.000        4.000        1.000
    35:        2.000        3.000        3.000        2.000        0.000
    40:        4.000        0.000        1.000        4.000        2.000
    45:        3.000        1.000        2.000        4.000        0.000
    50:        0.000        0.000        0.000        3.000        0.000
    55:        1.000        3.000        4.000        1.000        2.000
    60:        1.000        2.000        3.000        0.000        4.000
    65:        1.000        4.000        3.000        0.000        2.000
    70:        0.000        2.000        0.000        1.000        3.000
    75:        0.000        4.000        4.000        3.000        1.000
    80:        2.000        0.000        0.000        0.000        0.000
    85:        0.000        0.000        0.000        0.000        0.000
    90:        0.000        0.000        0.000        0.000        0.000
    95:        0.000        0.000        0.000        0.000        0.000
   100:        0.000        0.000        0.000        0.000        0.000
   105:        0.000        0.000        0.000        0.000        0.000
   110:        0.000        0.000        0.000        0.000        0.000
   115:        0.000        0.000        0.000        4.000        0.000
   120:        3.000        1.000        2.000        3.000        0.000
   125:        0.000        4.000        0.000        1.000        0.000
   130:        2.000        2.000        0.000        0.000        3.000
   135:        4.000        0.000        0.000        0.000        0.000
   140:        0.000        0.000        0.000        0.000        0.000
   145:        0.000        0.000        0.000        0.000        0.000
   150:        0.000        0.000        0.000        0.000        0.000
   155:        0.000        0.000        0.000        0.000        0.000
   160:        0.000        0.000        0.000        0.000        0.000
   165:        0.000        0.000        0.000        0.000        0.000
   170:        0.000        0.000        0.000        0.000        0.000
   175:        0.000        0.000        0.000        0.000        0.000
   180:        0.000        0.000        0.000        0.000        0.000
   185:        0.000        0.000        0.000        0.000        0.000
   190:        0.000        0.000        0.000        0.000        0.000
G:
     0:       38.000       33.000        5.000        0.000
H:
     0:        0.000        0.000        2.000        0.000        0.000
     5:        0.000        0.000        0.000        1.000        0.000
    10:        2.000        0.000        1.000        1.000        2.000
    15:        1.000        2.000        2.000        1.000        1.000
    20:        2.000        0.000        2.000        1.000        1.000
    25:        0.000        2.000        1.000        2.000        1.000
    30:        0.000        1.000        0.000        1.000        2.000
    35:        1.000        2.000        2.000        1.000        0.000
    40:        1.000        0.000        2.000        1.000        1.000
    45:        2.000        2.000        1.000        1.000        0.000
    50:        0.000        0.000        0.000        2.000        0.000
    55:        1.000        2.000        1.000        1.000        1.000
    60:        1.000        2.000        2.000        0.000        1.000
    65:        2.000        1.000        2.000        0.000        1.000
    70:        0.000        1.000        0.000        2.000        1.000
    75:        0.000        1.000        1.000        2.000        2.000
    80:        1.000        0.000        0.000        0.000        0.000
    85:        0.000        0.000        0.000        0.000        0.000
    90:        0.000        0.000        0.000        0.000        0.000
    95:        0.000        0.000        0.000        0.000        0.000
   100:        0.000        0.000        0.000        0.000        0.000
   105:        0.000        0.000        0.000        0.000        0.000
   110:        0.000        0.000        0.000        0.000        0.000
   115:        0.000        0.000        0.000        1.000        0.000
   120:        2.000        2.000        1.000        2.000        0.000
   125:        0.000        1.000        0.000        2.000        0.000
   130:        1.000        1.000        0.000        0.000        2.000
   135:        1.000        0.000        0.000        0.000        0.000
   140:        0.000        0.000        0.000        0.000        0.000
   145:        0.000        0.000        0.000        0.000        0.000
   150:        0.000        0.000        0.000        0.000        0.000
   155:        0.000        0.000        0.000        0.000        0.000
   160:        0.000        0.000        0.000        0.000        0.000
   165:        0.000        0.000        0.000        0.000        0.000
   170:        0.000        0.000        0.000        0.000        0.000
   175:        0.000        0.000        0.000        0.000        0.000
   180:        0.000        0.000        0.000        0.000        0.000
   185:        0.000        0.000        0.000        0.000        0.000
   190:        0.000        0.000        0.000        0.000        0.000
J:
     0:        0.000        0.000        0.000        0.000        0.000
     5:        0.000        0.000        0.000        1.000        0.000
    10:        0.000        0.000        1.000        1.000        0.000
    15:        1.000        0.000        0.000        1.000        1.000
    20:        0.000        0.000        0.000        1.000        1.000
    25:        0.000        0.000        1.000        0.000        1.000
    30:        0.000        0.000        0.000        1.000        0.000
    35:        1.000        0.000        0.000        1.000        0.000
    40:        1.000        0.000        0.000        1.000        1.000
    45:        0.000        0.000        1.000        1.000        0.000
    50:        0.000        0.000        0.000        0.000        0.000
    55:        0.000        0.000        1.000        0.000        1.000
    60:        0.000        1.000        0.000        0.000        1.000
    65:        0.000        1.000        0.000        0.000        1.000
    70:        0.000        1.000        0.000        0.000        0.000
    75:        0.000        1.000        1.000        0.000        0.000
    80:        1.000        0.000        0.000        0.000        0.000
    85:        0.000        0.000        0.000        0.000        0.000
    90:        0.000        0.000        0.000        0.000        0.000
    95:        0.000        0.000        0.000        0.000        0.000
   100:        0.000        0.000        0.000        0.000        0.000
   105:        0.000        0.000        0.000        0.000        0.000
   110:        0.000        0.000        0.000        0.000        0.000
   115:        0.000        0.000        0.000        1.000        0.000
   120:        0.000        0.000        1.000        0.000        0.000
   125:        0.000        1.000        0.000        0.000        0.000
   130:        1.000        1.000        0.000        0.000        0.000
   135:        1.000        0.000        0.000        0.000        0.000
   140:        0.000        0.000        0.000        0.000        0.000
   145:        0.000        0.000        0.000        0.000        0.000
   150:        0.000        0.000        0.000        0.000        0.000
   155:        0.000        0.000        0.000        0.000        0.000
   160:        0.000        0.000        0.000        0.000        0.000
   165:        0.000        0.000        0.000        0.000        0.000
   170:        0.000        0.000        0.000        0.000        0.000
   175:        0.000        0.000        0.000        0.000        0.000
   180:        0.000        0.000        0.000        0.000        0.000
   185:        0.000        0.000        0.000        0.000        0.000
   190:        0.000        0.000        0.000        0.000        0.000
K:
     0:        0.000        0.000        1.000        0.000        0.000
     5:        0.000        0.000        0.000        2.000        0.000
    10:        1.000        0.000        2.000        2.000        1.000
    15:        2.000        1.000        1.000        2.000        2.000
    20:        1.000        0.000        1.000        2.000        2.000
    25:        0.000        1.000        2.000        1.000        2.000
    30:        0.000        2.000        0.000        2.000        1.000
    35:        2.000        1.000        1.000        2.000        0.000
    40:        2.000        0.000        1.000        2.000        2.000
    45:        1.000        1.000        2.000        2.000        0.000
    50:        0.000        0.000        0.000        1.000        0.000
    55:        2.000        1.000        2.000        2.000        2.000
    60:        2.000        1.000        1.000        0.000        2.000
    65:        1.000        2.000        1.000        0.000        2.000
    70:        0.000        2.000        0.000        1.000        2.000
    75:        0.000        2.000        2.000        1.000        1.000
    80:        2.000        0.000        0.000        0.000        0.000
    85:        0.000        0.000        0.000        0.000        0.000
    90:        0.000        0.000        0.000        0.000        0.000
    95:        0.000        0.000        0.000        0.000        0.000
   100:        0.000        0.000        0.000        0.000        0.000
   105:        0.000        0.000        0.000        0.000        0.000
   110:        0.000        0.000        0.000        0.000        0.000
   115:        0.000        0.000        0.000        2.000        0.000
   120:        1.000        1.000        2.000        1.000        0.000
   125:        0.000        2.000        0.000        1.000        0.000
   130:        2.000        2.000        0.000        0.000        1.000
   135:        2.000        0.000        0.000        0.000        0.000
   140:        0.000        0.000        0.000        0.000        0.000
   145:        0.000        0.000        0.000        0.000        0.000
   150:        0.000        0.000        0.000        0.000        0.000
   155:        0.000        0.000        0.000        0.000        0.000
   160:        0.000        0.000        0.000        0.000        0.000
   165:        0.000        0.000        0.000        0.000        0.000
   170:        0.000        0.000        0.000        0.000        0.000
   175:        0.000        0.000        0.000        0.000        0.000
   180:        0.000        0.000        0.000        0.000        0.000
   185:        0.000        0.000        0.000        0.000        0.000
   190:        0.000        0.000        0.000        0.000        0.000
L:
     0:        0.000        0.000        3.000        0.000        0.000
     5:        0.000        0.000        0.000        5.000        0.000
    10:        5.000        0.000        3.000        5.000        5.000
    15:        3.000        3.000        3.000        3.000        5.000
    20:        5.000        0.000        5.000        3.000        5.000
    25:        0.000        3.000        5.000        5.000        3.000
    30:        0.000        3.000        0.000        5.000        3.000
    35:        3.000        5.000        5.000        3.000        0.000
    40:        5.000        0.000        3.000        5.000        3.000
    45:        5.000        3.000        3.000        5.000        0.000
    50:        0.000        0.000        0.000        5.000        0.000
    55:        3.000        5.000        5.000        3.000        3.000
    60:        3.000        3.000        5.000        0.000        5.000
    65:        3.000        5.000        5.000        0.000        3.000
    70:        0.000        3.000        0.000        3.000        5.000
    75:        0.000        5.000        5.000        5.000        3.000
    80:        3.000        0.000        0.000        0.000        0.000
    85:        0.000        0.000        0.000        0.000        0.000
    90:        0.000        0.000        0.000        0.000        0.000
    95:        0.000        0.000        0.000        0.000        0.000
   100:        0.000        0.000        0.000        0.000        0.000
   105:        0.000        0.000        0.000        0.000        0.000
   110:        0.000        0.000        0.000        0.000        0.000
   115:        0.000        0.000        0.000        5.000        0.000
   120:        5.000        3.000        3.000        5.000        0.000
   125:        0.000        5.000        0.000        3.000        0.000
   130:        3.000        3.000        0.000        0.000        5.000
   135:        5.000        0.000        0.000        0.000        0.000
   140:        0.000        0.000        0.000        0.000        0.000
   145:        0.000        0.000        0.000        0.000        0.000
   150:        0.000        0.000        0.000        0.000        0.000
   155:        0.000        0.000        0.000        0.000        0.000
   160:        0.000        0.000        0.000        0.000        0.000
   165:        0.000        0.000        0.000        0.000        0.000
   170:        0.000        0.000        0.000        0.000        0.000
   175:        0.000        0.000        0.000        0.000        0.000
   180:        0.000        0.000        0.000        0.000        0.000
   185:        0.000        0.000        0.000        0.000        0.000
   190:        0.000        0.000        0.000        0.000        0.000
M:
     0:        0.000        0.000        0.000        0.000
O:
     0:        0.000        0.000        1.000        0.000        0.000
     5:        0.000        0.000        0.000        0.000        0.000
    10:        1.000        0.000        0.000        0.000        1.000
    15:        0.000        1.000        1.000        0.000        0.000
    20:        1.000        0.000        1.000        0.000        0.000
    25:        0.000        1.000        0.000        1.000        0.000
    30:        0.000        1.000        0.000        0.000        1.000
    35:        0.000        1.000        1.000        0.000        0.000
    40:        0.000        0.000        1.000        0.000        0.000
    45:        1.000        1.000        0.000        0.000        0.000
    50:        0.000        0.000        0.000        1.000        0.000
    55:        1.000        1.000        0.000        1.000        0.000
    60:        1.000        0.000        1.000        0.000        0.000
    65:        1.000        0.000        1.000        0.000        0.000
    70:        0.000        0.000        0.000        1.000        1.000
    75:        0.000        0.000        0.000        1.000        1.000
    80:        0.000        0.000        0.000        0.000        0.000
    85:        0.000        0.000        0.000        0.000        0.000
    90:        0.000        0.000        0.000        0.000        0.000
    95:        0.000        0.000        0.000        0.000        0.000
   100:        0.000        0.000        0.000        0.000        0.000
   105:        0.000        0.000        0.000        0.000        0.000
   110:        0.000        0.000        0.000        0.000        0.000
   115:        0.000        0.000        0.000        0.000        0.000
   120:        1.000        1.000        0.000        1.000        0.000
   125:        0.000        0.000        0.000        1.000        0.000
   130:        0.000        0.000        0.000        0.000        1.000
   135:        0.000        0.000        0.000        0.000        0.000
   140:        0.000        0.000        0.000        0.000        0.000
   145:        0.000        0.000        0.000        0.000        0.000
   150:        0.000        0.000        0.000        0.000        0.000
   155:        0.000        0.000        0.000        0.000        0.000
   160:        0.000        0.000        0.000        0.000        0.000
   165:        0.000        0.000        0.000        0.000        0.000
   170:        0.000        0.000        0.000        0.000        0.000
   175:        0.000        0.000        0.000        0.000        0.000
   180:        0.000        0.000        0.000        0.000        0.000
   185:        0.000        0.000        0.000        0.000        0.000
   190:        0.000        0.000        0.000        0.000        0.000
P:
     0:        0.000        0.000        0.000
Q:
     0:        8.000      195.000      128.000
S:
     0:        0.000        0.000        2.000        0.000        0.000
     5:        0.000        0.000        0.000        3.000        0.000
    10:        2.000        0.000        3.000        3.000        2.000
    15:        3.000        2.000        2.000        3.000        3.000
    20:        2.000        0.000        2.000        3.000        3.000
    25:        0.000        2.000        3.000        2.000        3.000
    30:        0.000        2.000        0.000        3.000        2.000
    35:        3.000        2.000        2.000        3.000        0.000
    40:        3.000        0.000        2.000        3.000        3.000
    45:        2.000        2.000        3.000        3.000        0.000
    50:        0.000        0.000        0.000        2.000        0.000
    55:        2.000        2.000        3.000        2.000        3.000
    60:        2.000        3.000        2.000        0.000        3.000
    65:        2.000        3.000        2.000        0.000        3.000
    70:        0.000        3.000        0.000        2.000        2.000
    75:        0.000        3.000        3.000        2.000        2.000
    80:        3.000        0.000        0.000        0.000        0.000
    85:        0.000        0.000        0.000        0.000        0.000
    90:        0.000        0.000        0.000        0.000        0.000
    95:        0.000        0.000        0.000        0.000        0.000
   100:        0.000        0.000        0.000        0.000        0.000
   105:        0.000        0.000        0.000        0.000        0.000
   110:        0.000        0.000        0.000        0.000        0.000
   115:        0.000        0.000        0.000        3.000        0.000
   120:        2.000        2.000        3.000        2.000        0.000
   125:        0.000        3.000        0.000        2.000        0.000
   130:        3.000        3.000        0.000        0.000        2.000
   135:        3.000        0.000        0.000        0.000        0.000
   140:        0.000        0.000        0.000        0.000        0.000
   145:        0.000        0.000        0.000        0.000        0.000
   150:        0.000        0.000        0.000        0.000        0.000
   155:        0.000        0.000        0.000        0.000        0.000
   160:        0.000        0.000        0.000        0.000        0.000
   165:        0.000        0.000        0.000        0.000        0.000
   170:        0.000        0.000        0.000        0.000        0.000
   175:        0.000        0.000        0.000        0.000        0.000
   180:        0.000        0.000        0.000        0.000        0.000
   185:        0.000        0.000        0.000        0.000        0.000
   190:        0.000        0.000        0.000        0.000        0.000
W:
     0:       29.000        1.000       28.000
