File: C:\MED-PC\Data\2023-08-25_09h32m_Subject 136.txt


Start Date: 08/25/23
End Date: 08/25/23
Subject: 136
Experiment: 0
Group: 0
Box: 1
Start Time: 09:32:16
End Time: 11:12:54
MSN: CF_SetShiftingV6
I:      26.000
M:       1.000
N:     242.000
R:       1.000
T:    5400.000
V:       0.000
A:
     0:        7.000        9.000        8.000       14.000       14.000
     5:        8.000     5400.000
B:
     0:        3.000        5.000        7.000
C:
     0:        0.000        0.000        0.000        0.000       97.430
     5:      181.050      264.090        0.000      601.790      700.480
    10:      740.810      807.510     2537.610     2590.840     2612.080
    15:     2657.190     2692.730     2725.960     2754.760     2775.920
    20:     3104.060     3124.340     3165.770     3190.050     3208.530
    25:     3234.200
D:
     0:        0.000        0.000        0.000        0.000        1.710
     5:        2.020        1.870        0.000        1.510        1.460
    10:        1.120        1.110        2.280        1.840        2.580
    15:        1.560        1.020        4.280        3.010        1.820
    20:        1.310        2.000        2.260        1.500        3.460
    25:        2.350
E:
     0:        0.000        0.000        0.000        0.000       95.720
     5:      179.030      262.220      288.640      600.280      699.020
    10:      739.690      806.400     2535.330     2589.000     2609.500
    15:     2655.630     2691.710     2721.680     2751.750     2774.100
    20:     3102.750     3122.340     3163.510     3188.550     3205.070
    25:     3231.850
F:
     0:        0.000        0.000        0.000        0.000        4.000
     5:        3.000        2.000        1.000        1.000        4.000
    10:        2.000        3.000        4.000        1.000        3.000
    15:        2.000        3.000        1.000        2.000        4.000
    20:        4.000        3.000        1.000        2.000        2.000
    25:        4.000
G:
     0:        8.000        8.000        0.000
H:
     0:        0.000        0.000        0.000        0.000        2.000
     5:        2.000        2.000        0.000        1.000        2.000
    10:        2.000        1.000        2.000        1.000        1.000
    15:        2.000        1.000        1.000        2.000        2.000
    20:        2.000        1.000        1.000        2.000        2.000
    25:        2.000
J:
     0:        0.000        0.000        0.000        0.000        0.000
     5:        1.000        0.000        1.000        1.000        0.000
    10:        0.000        1.000        0.000        1.000        1.000
    15:        0.000        1.000        1.000        0.000        0.000
    20:        0.000        1.000        1.000        0.000        0.000
    25:        0.000
K:
     0:        0.000        0.000        0.000        0.000        1.000
     5:        1.000        1.000        0.000        2.000        1.000
    10:        1.000        2.000        1.000        2.000        2.000
    15:        1.000        2.000        2.000        1.000        1.000
    20:        1.000        2.000        2.000        1.000        1.000
    25:        1.000
L:
     0:        0.000        0.000        0.000        0.000        6.000
     5:        6.000        5.000        5.000        5.000        6.000
    10:        5.000        6.000        6.000        5.000        6.000
    15:        5.000        6.000        5.000        5.000        6.000
    20:        6.000        6.000        5.000        5.000        5.000
    25:        6.000
O:
     0:        0.000        0.000        0.000        0.000        1.000
     5:        0.000        1.000        0.000        0.000        1.000
    10:        1.000        0.000        1.000        0.000        0.000
    15:        1.000        0.000        0.000        1.000        1.000
    20:        1.000        0.000        0.000        1.000        1.000
    25:        1.000
P:
     0:       22.000
Q:
     0:       10.000       26.000       18.000
S:
     0:        0.000        0.000        0.000        0.000        6.000
     5:        1.000        6.000        1.000        1.000        6.000
    10:        6.000        1.000        6.000        1.000        1.000
    15:        6.000        1.000        1.000        6.000        6.000
    20:        6.000        1.000        1.000        6.000        6.000
    25:        6.000
U:
     0:        9.000       11.000       13.000
W:
     0:       13.000        1.000       12.000
X:
     0:        4.000        6.000        8.000
Y:
     0:       10.000       12.000       14.000
Z:
     0:        1.000        2.000        3.000        4.000
