File: C:\MED-PC\Data\2023-07-27_09h12m_Subject 139.txt


Start Date: 07/27/23
End Date: 07/27/23
Subject: 139
Experiment: 0
Group: 0
Box: 4
Start Time: 09:12:53
End Time: 10:38:10
MSN: CF_SetShifting
I:     187.000
N:     115.000
R:       1.000
T:    4500.000
U:       0.000
V:       1.000
A:
     0:        3.000       10.000        5.000       12.000
B:
     0:        0.000        0.000        0.000        0.000        0.000
     5:        0.000        0.000        0.000        0.000        0.000
    10:        0.000        0.000        0.000        0.000        0.000
    15:        0.000        0.000        0.000        0.000        0.000
    20:        0.000        0.000        0.000        0.000        0.000
    25:        0.000        0.000        0.000        0.000        0.000
    30:        0.000        0.000        0.000        0.000        0.000
    35:        0.000        0.000        0.000        0.000        0.000
    40:        0.000        0.000        0.000        0.000        0.000
    45:        0.000        0.000        0.000        0.000        0.000
    50:        0.000        0.000        0.000        0.000        0.000
    55:        0.000        0.000        0.000        0.000        0.000
    60:        0.000        0.000        0.000        0.000        0.000
    65:        0.000        0.000        0.000        0.000        0.000
    70:        0.000        0.000        0.000        0.000        0.000
    75:        0.000        0.000        0.000        0.000        0.000
    80:        0.000        0.000        0.000        0.000        0.000
    85:        0.000        0.000        0.000        0.000        0.000
    90:        0.000        0.000        0.000        0.000        0.000
    95:        0.000        0.000        0.000        0.000        0.000
   100:        0.000        0.000        0.000        0.000        0.000
   105:        0.000        0.000        0.000        0.000        0.000
   110:        0.000        0.000        0.000        0.000        0.000
   115:        0.000        0.000        0.000        0.000        0.000
   120:        0.000        0.000        0.000        0.000        0.000
   125:        0.000        0.000        0.000        0.000        0.000
   130:        0.000        0.000        0.000        0.000        0.000
   135:        0.000        0.000        0.000        0.000        0.000
   140:        0.000        0.000        0.000        0.000        0.000
   145:        0.000        0.000        0.000        0.000        0.000
   150:        0.000        0.000        0.000        0.000        0.000
   155:        0.000        0.000        0.000        0.000        0.000
   160:        0.000        0.000        0.000        0.000        0.000
   165:        0.000        0.000        0.000        0.000        0.000
   170:        0.000        0.000        0.000        0.000        0.000
   175:        0.000        0.000        0.000        0.000        0.000
   180:        0.000        0.000        0.000        0.000        0.000
   185:        0.000        0.000
C:
     0:        0.000        0.000        0.000        0.000        0.000
     5:      108.310        0.000        0.000        0.000      198.180
    10:        0.000        0.000        0.000        0.000      306.810
    15:        0.000      353.150      374.860      385.260        0.000
    20:      429.680      438.240      455.630        0.000      497.200
    25:        0.000      541.080      552.210      563.670      576.760
    30:      586.390      612.920      631.140      648.080      664.430
    35:      681.430      704.360      721.350      756.490        0.000
    40:        0.000        0.000      873.950        0.000      918.330
    45:        0.000      974.930     1000.020     1020.460        0.000
    50:     1067.050        0.000        0.000        0.000     1166.560
    55:     1183.700     1215.600        0.000     1257.980        0.000
    60:     1310.630     1328.740        0.000        0.000        0.000
    65:     1415.220     1436.730     1458.710        0.000        0.000
    70:        0.000        0.000        0.000        0.000        0.000
    75:        0.000        0.000        0.000        0.000        0.000
    80:     1777.890     1802.400        0.000     1854.570        0.000
    85:     1901.940        0.000        0.000        0.000        0.000
    90:     2029.500     2054.360        0.000        0.000        0.000
    95:        0.000        0.000        0.000        0.000        0.000
   100:        0.000        0.000        0.000        0.000        0.000
   105:        0.000     2442.690        0.000        0.000        0.000
   110:        0.000        0.000        0.000        0.000        0.000
   115:        0.000        0.000        0.000        0.000        0.000
   120:        0.000        0.000        0.000     2872.370        0.000
   125:     2924.750        0.000     2985.070        0.000        0.000
   130:        0.000        0.000        0.000        0.000        0.000
   135:        0.000        0.000        0.000        0.000        0.000
   140:        0.000        0.000        0.000        0.000        0.000
   145:        0.000        0.000        0.000        0.000        0.000
   150:        0.000        0.000        0.000        0.000        0.000
   155:        0.000        0.000        0.000        0.000        0.000
   160:        0.000        0.000     3869.160     3895.420     3920.960
   165:        0.000        0.000        0.000        0.000        0.000
   170:        0.000        0.000        0.000        0.000        0.000
   175:        0.000        0.000        0.000        0.000        0.000
   180:        0.000        0.000        0.000        0.000        0.000
   185:        0.000        0.000
D:
     0:        0.000        0.000        0.000        0.000        0.000
     5:        1.480        0.000        0.000        0.000        1.730
    10:        0.000        0.000        0.000        0.000        1.480
    15:        0.000        1.270        1.800        3.740        0.000
    20:        2.430        1.000        2.460        0.000        1.060
    25:        0.000        1.200        0.990        1.780        1.060
    30:        1.110        1.080        1.170        1.660        1.340
    35:        1.300        1.830        1.900        1.180        0.000
    40:        0.000        0.000        1.980        0.000        1.810
    45:        0.000        1.890        0.940        2.270        0.000
    50:        2.160        0.000        0.000        0.000        4.430
    55:        1.810        2.140        0.000        1.110        0.000
    60:        1.070        2.260        0.000        0.000        0.000
    65:        1.290        1.040        1.710        0.000        0.000
    70:        0.000        0.000        0.000        0.000        0.000
    75:        0.000        0.000        0.000        0.000        0.000
    80:        1.020        1.090        0.000        8.760        0.000
    85:        1.580        0.000        0.000        0.000        0.000
    90:        5.850        1.730        0.000        0.000        0.000
    95:        0.000        0.000        0.000        0.000        0.000
   100:        0.000        0.000        0.000        0.000        0.000
   105:        0.000        1.760        0.000        0.000        0.000
   110:        0.000        0.000        0.000        0.000        0.000
   115:        0.000        0.000        0.000        0.000        0.000
   120:        0.000        0.000        0.000        2.540        0.000
   125:        4.830        0.000        1.710        0.000        0.000
   130:        0.000        0.000        0.000        0.000        0.000
   135:        0.000        0.000        0.000        0.000        0.000
   140:        0.000        0.000        0.000        0.000        0.000
   145:        0.000        0.000        0.000        0.000        0.000
   150:        0.000        0.000        0.000        0.000        0.000
   155:        0.000        0.000        0.000        0.000        0.000
   160:        0.000        0.000        1.130        2.110        7.090
   165:        0.000        0.000        0.000        0.000        0.000
   170:        0.000        0.000        0.000        0.000        0.000
   175:        0.000        0.000        0.000        0.000        0.000
   180:        0.000        0.000        0.000        0.000        0.000
   185:        0.000        0.000
E:
     0:        0.000        0.000        0.000        0.000       82.050
     5:      106.830        0.000        0.000        0.000      196.450
    10:        0.000        0.000        0.000      288.120      305.330
    15:        0.000      351.880      373.060      381.520        0.000
    20:      427.250      437.240      453.170        0.000      496.140
    25:      512.370      539.880      551.220      561.890      575.700
    30:      585.280      611.840      629.970      646.420      663.090
    35:      680.130      702.530      719.450      755.310      788.140
    40:        0.000        0.000      871.970        0.000      916.520
    45:        0.000      973.040      999.080     1018.190        0.000
    50:     1064.890        0.000        0.000        0.000     1162.130
    55:     1181.890     1213.460        0.000     1256.870        0.000
    60:     1309.560     1326.480        0.000     1361.740        0.000
    65:     1413.930     1435.690     1457.000        0.000        0.000
    70:        0.000        0.000     1577.390        0.000        0.000
    75:        0.000        0.000        0.000        0.000        0.000
    80:     1776.870     1801.310        0.000     1845.810        0.000
    85:     1900.360        0.000        0.000        0.000        0.000
    90:     2023.650     2052.630        0.000     2111.760        0.000
    95:        0.000        0.000        0.000        0.000        0.000
   100:        0.000        0.000        0.000        0.000        0.000
   105:        0.000     2440.930     2466.550        0.000        0.000
   110:     2544.830        0.000        0.000        0.000     2640.520
   115:        0.000        0.000        0.000        0.000        0.000
   120:        0.000        0.000        0.000     2869.830        0.000
   125:     2919.920        0.000     2983.360        0.000        0.000
   130:        0.000        0.000        0.000        0.000        0.000
   135:        0.000        0.000        0.000        0.000        0.000
   140:     3314.780     3342.770        0.000        0.000     3413.170
   145:        0.000     3468.010     3488.450        0.000        0.000
   150:        0.000        0.000        0.000        0.000        0.000
   155:        0.000        0.000        0.000        0.000        0.000
   160:        0.000     3837.410     3868.030     3893.310     3913.870
   165:        0.000        0.000        0.000     4030.050        0.000
   170:     4075.800        0.000        0.000     4155.990        0.000
   175:        0.000        0.000        0.000     4280.330        0.000
   180:        0.000        0.000        0.000        0.000        0.000
   185:        0.000        0.000
F:
     0:        0.000        0.000        0.000        0.000        4.000
     5:        2.000        0.000        0.000        0.000        3.000
    10:        0.000        0.000        0.000        1.000        2.000
    15:        0.000        3.000        4.000        1.000        0.000
    20:        2.000        4.000        1.000        0.000        3.000
    25:        3.000        2.000        4.000        1.000        2.000
    30:        1.000        3.000        1.000        2.000        3.000
    35:        4.000        1.000        2.000        4.000        3.000
    40:        0.000        0.000        2.000        0.000        1.000
    45:        0.000        4.000        3.000        3.000        0.000
    50:        2.000        0.000        0.000        0.000        1.000
    55:        4.000        4.000        0.000        3.000        0.000
    60:        2.000        1.000        0.000        3.000        0.000
    65:        2.000        1.000        4.000        0.000        0.000
    70:        0.000        0.000        3.000        0.000        0.000
    75:        0.000        0.000        0.000        0.000        0.000
    80:        2.000        4.000        0.000        1.000        0.000
    85:        4.000        0.000        0.000        0.000        0.000
    90:        3.000        2.000        0.000        1.000        0.000
    95:        0.000        0.000        0.000        0.000        0.000
   100:        0.000        0.000        0.000        0.000        0.000
   105:        0.000        1.000        2.000        0.000        0.000
   110:        3.000        0.000        0.000        0.000        4.000
   115:        0.000        0.000        0.000        0.000        0.000
   120:        0.000        0.000        0.000        3.000        0.000
   125:        4.000        0.000        2.000        0.000        0.000
   130:        0.000        0.000        0.000        0.000        0.000
   135:        0.000        0.000        0.000        0.000        0.000
   140:        1.000        2.000        0.000        0.000        4.000
   145:        0.000        1.000        3.000        0.000        0.000
   150:        0.000        0.000        0.000        0.000        0.000
   155:        0.000        0.000        0.000        0.000        0.000
   160:        0.000        1.000        3.000        2.000        4.000
   165:        0.000        0.000        0.000        1.000        0.000
   170:        4.000        0.000        0.000        2.000        0.000
   175:        0.000        0.000        0.000        3.000        0.000
   180:        0.000        0.000        0.000        0.000        0.000
   185:        0.000        0.000
G:
     0:       20.000       17.000        3.000
H:
     0:        0.000        0.000        0.000        0.000        0.000
     5:        1.000        0.000        0.000        0.000        1.000
    10:        0.000        0.000        0.000        0.000        1.000
    15:        0.000        1.000        1.000        1.000        0.000
    20:        1.000        1.000        1.000        0.000        1.000
    25:        0.000        1.000        1.000        1.000        1.000
    30:        1.000        4.000        4.000        4.000        4.000
    35:        4.000        4.000        4.000        4.000        0.000
    40:        0.000        0.000        4.000        0.000        4.000
    45:        0.000        4.000        4.000        3.000        0.000
    50:        4.000        0.000        0.000        0.000        4.000
    55:        4.000        4.000        0.000        4.000        0.000
    60:        4.000        3.000        0.000        0.000        0.000
    65:        4.000        4.000        4.000        0.000        0.000
    70:        0.000        0.000        0.000        0.000        0.000
    75:        0.000        0.000        0.000        0.000        0.000
    80:        4.000        4.000        0.000        3.000        0.000
    85:        4.000        0.000        0.000        0.000        0.000
    90:        4.000        4.000        0.000        0.000        0.000
    95:        0.000        0.000        0.000        0.000        0.000
   100:        0.000        0.000        0.000        0.000        0.000
   105:        0.000        4.000        0.000        0.000        0.000
   110:        0.000        0.000        0.000        0.000        0.000
   115:        0.000        0.000        0.000        0.000        0.000
   120:        0.000        0.000        0.000        4.000        0.000
   125:        4.000        0.000        4.000        0.000        0.000
   130:        0.000        0.000        0.000        0.000        0.000
   135:        0.000        0.000        0.000        0.000        0.000
   140:        0.000        0.000        0.000        0.000        0.000
   145:        0.000        0.000        0.000        0.000        0.000
   150:        0.000        0.000        0.000        0.000        0.000
   155:        0.000        0.000        0.000        0.000        0.000
   160:        0.000        0.000        4.000        4.000        4.000
   165:        0.000        0.000        0.000        0.000        0.000
   170:        0.000        0.000        0.000        0.000        0.000
   175:        0.000        0.000        0.000        0.000        0.000
   180:        0.000        0.000        0.000        0.000        0.000
   185:        0.000        0.000
J:
     0:        0.000        0.000        0.000        0.000        1.000
     5:        1.000        0.000        0.000        0.000        1.000
    10:        0.000        0.000        0.000        1.000        1.000
    15:        0.000        1.000        1.000        1.000        0.000
    20:        1.000        1.000        1.000        0.000        1.000
    25:        1.000        1.000        1.000        1.000        1.000
    30:        1.000        1.000        0.000        0.000        0.000
    35:        0.000        0.000        0.000        0.000        0.000
    40:        0.000        0.000        0.000        0.000        0.000
    45:        0.000        0.000        0.000        0.000        0.000
    50:        0.000        0.000        0.000        0.000        0.000
    55:        0.000        0.000        0.000        0.000        0.000
    60:        0.000        0.000        0.000        0.000        0.000
    65:        0.000        0.000        0.000        0.000        0.000
    70:        0.000        0.000        0.000        0.000        0.000
    75:        0.000        0.000        0.000        0.000        0.000
    80:        0.000        0.000        0.000        0.000        0.000
    85:        0.000        0.000        0.000        0.000        0.000
    90:        0.000        0.000        0.000        0.000        0.000
    95:        0.000        0.000        0.000        0.000        0.000
   100:        0.000        0.000        0.000        0.000        0.000
   105:        0.000        0.000        0.000        0.000        0.000
   110:        0.000        0.000        0.000        0.000        0.000
   115:        0.000        0.000        0.000        0.000        0.000
   120:        0.000        0.000        0.000        0.000        0.000
   125:        0.000        0.000        0.000        0.000        0.000
   130:        0.000        0.000        0.000        0.000        0.000
   135:        0.000        0.000        0.000        0.000        0.000
   140:        0.000        0.000        0.000        0.000        0.000
   145:        0.000        0.000        0.000        0.000        0.000
   150:        0.000        0.000        0.000        0.000        0.000
   155:        0.000        0.000        0.000        0.000        0.000
   160:        0.000        0.000        0.000        0.000        0.000
   165:        0.000        0.000        0.000        0.000        0.000
   170:        0.000        0.000        0.000        0.000        0.000
   175:        0.000        0.000        0.000        0.000        0.000
   180:        0.000        0.000        0.000        0.000        0.000
   185:        0.000        0.000
K:
     0:        0.000        0.000        0.000        0.000        0.000
     5:        2.000        0.000        0.000        0.000        2.000
    10:        0.000        0.000        0.000        0.000        2.000
    15:        0.000        2.000        2.000        2.000        0.000
    20:        2.000        2.000        2.000        0.000        2.000
    25:        0.000        2.000        2.000        2.000        2.000
    30:        2.000        1.000        1.000        1.000        1.000
    35:        1.000        1.000        1.000        1.000        0.000
    40:        0.000        0.000        1.000        0.000        1.000
    45:        0.000        1.000        1.000        2.000        0.000
    50:        1.000        0.000        0.000        0.000        1.000
    55:        1.000        1.000        0.000        1.000        0.000
    60:        1.000        2.000        0.000        0.000        0.000
    65:        1.000        1.000        1.000        0.000        0.000
    70:        0.000        0.000        0.000        0.000        0.000
    75:        0.000        0.000        0.000        0.000        0.000
    80:        1.000        1.000        0.000        2.000        0.000
    85:        1.000        0.000        0.000        0.000        0.000
    90:        1.000        1.000        0.000        0.000        0.000
    95:        0.000        0.000        0.000        0.000        0.000
   100:        0.000        0.000        0.000        0.000        0.000
   105:        0.000        1.000        0.000        0.000        0.000
   110:        0.000        0.000        0.000        0.000        0.000
   115:        0.000        0.000        0.000        0.000        0.000
   120:        0.000        0.000        0.000        1.000        0.000
   125:        1.000        0.000        1.000        0.000        0.000
   130:        0.000        0.000        0.000        0.000        0.000
   135:        0.000        0.000        0.000        0.000        0.000
   140:        0.000        0.000        0.000        0.000        0.000
   145:        0.000        0.000        0.000        0.000        0.000
   150:        0.000        0.000        0.000        0.000        0.000
   155:        0.000        0.000        0.000        0.000        0.000
   160:        0.000        0.000        1.000        1.000        1.000
   165:        0.000        0.000        0.000        0.000        0.000
   170:        0.000        0.000        0.000        0.000        0.000
   175:        0.000        0.000        0.000        0.000        0.000
   180:        0.000        0.000        0.000        0.000        0.000
   185:        0.000        0.000
L:
     0:        0.000        0.000        0.000        0.000        5.000
     5:        6.000        0.000        0.000        0.000        5.000
    10:        0.000        0.000        0.000        6.000        6.000
    15:        0.000        5.000        5.000        6.000        0.000
    20:        6.000        5.000        6.000        0.000        5.000
    25:        5.000        6.000        5.000        6.000        6.000
    30:        6.000        3.000        1.000        1.000        3.000
    35:        3.000        1.000        1.000        3.000        3.000
    40:        0.000        0.000        1.000        0.000        1.000
    45:        0.000        3.000        3.000        3.000        0.000
    50:        1.000        0.000        0.000        0.000        1.000
    55:        3.000        3.000        0.000        3.000        0.000
    60:        1.000        1.000        0.000        3.000        0.000
    65:        1.000        1.000        3.000        0.000        0.000
    70:        0.000        0.000        3.000        0.000        0.000
    75:        0.000        0.000        0.000        0.000        0.000
    80:        1.000        3.000        0.000        1.000        0.000
    85:        3.000        0.000        0.000        0.000        0.000
    90:        3.000        1.000        0.000        1.000        0.000
    95:        0.000        0.000        0.000        0.000        0.000
   100:        0.000        0.000        0.000        0.000        0.000
   105:        0.000        1.000        1.000        0.000        0.000
   110:        3.000        0.000        0.000        0.000        3.000
   115:        0.000        0.000        0.000        0.000        0.000
   120:        0.000        0.000        0.000        3.000        0.000
   125:        3.000        0.000        1.000        0.000        0.000
   130:        0.000        0.000        0.000        0.000        0.000
   135:        0.000        0.000        0.000        0.000        0.000
   140:        1.000        1.000        0.000        0.000        3.000
   145:        0.000        1.000        3.000        0.000        0.000
   150:        0.000        0.000        0.000        0.000        0.000
   155:        0.000        0.000        0.000        0.000        0.000
   160:        0.000        1.000        3.000        1.000        3.000
   165:        0.000        0.000        0.000        1.000        0.000
   170:        3.000        0.000        0.000        1.000        0.000
   175:        0.000        0.000        0.000        3.000        0.000
   180:        0.000        0.000        0.000        0.000        0.000
   185:        0.000        0.000
M:
     0:       20.000        0.000        0.000
O:
     0:        0.000        0.000        0.000        0.000        0.000
     5:        0.000        0.000        0.000        0.000        0.000
    10:        0.000        0.000        0.000        0.000        0.000
    15:        0.000        0.000        0.000        0.000        0.000
    20:        0.000        0.000        0.000        0.000        0.000
    25:        0.000        0.000        0.000        0.000        0.000
    30:        0.000        1.000        1.000        1.000        1.000
    35:        1.000        1.000        1.000        1.000        1.000
    40:        0.000        0.000        1.000        0.000        1.000
    45:        0.000        1.000        1.000        1.000        0.000
    50:        1.000        0.000        0.000        0.000        1.000
    55:        1.000        1.000        0.000        1.000        0.000
    60:        1.000        1.000        0.000        1.000        0.000
    65:        1.000        1.000        1.000        0.000        0.000
    70:        0.000        0.000        1.000        0.000        0.000
    75:        0.000        0.000        0.000        0.000        0.000
    80:        1.000        1.000        0.000        1.000        0.000
    85:        1.000        0.000        0.000        0.000        0.000
    90:        1.000        1.000        0.000        1.000        0.000
    95:        0.000        0.000        0.000        0.000        0.000
   100:        0.000        0.000        0.000        0.000        0.000
   105:        0.000        1.000        1.000        0.000        0.000
   110:        1.000        0.000        0.000        0.000        1.000
   115:        0.000        0.000        0.000        0.000        0.000
   120:        0.000        0.000        0.000        1.000        0.000
   125:        1.000        0.000        1.000        0.000        0.000
   130:        0.000        0.000        0.000        0.000        0.000
   135:        0.000        0.000        0.000        0.000        0.000
   140:        1.000        1.000        0.000        0.000        1.000
   145:        0.000        1.000        1.000        0.000        0.000
   150:        0.000        0.000        0.000        0.000        0.000
   155:        0.000        0.000        0.000        0.000        0.000
   160:        0.000        1.000        1.000        1.000        1.000
   165:        0.000        0.000        0.000        1.000        0.000
   170:        1.000        0.000        0.000        1.000        0.000
   175:        0.000        0.000        0.000        1.000        0.000
   180:        0.000        0.000        0.000        0.000        0.000
   185:        0.000        0.000
P:
     0:        5.000       52.000       45.000        0.000        0.000
     5:        0.000        0.000        3.000        3.000        0.000
    10:        0.000        0.000        1.000        0.000        0.000
    15:        0.000        0.000        0.000        0.000        0.000
    20:        0.000        0.000        0.000        0.000        0.000
    25:        0.000        0.000        0.000        0.000        0.000
    30:        0.000        0.000        0.000        0.000        0.000
    35:        0.000        0.000        0.000        0.000        0.000
    40:        0.000        0.000        0.000        0.000        0.000
    45:        0.000        0.000        0.000        0.000        0.000
    50:        0.000        0.000        0.000        0.000        0.000
    55:        0.000        0.000        0.000        0.000        0.000
    60:        0.000        0.000        0.000        0.000        0.000
    65:        0.000        0.000        0.000        0.000        0.000
    70:        0.000        0.000        0.000        0.000        0.000
    75:        0.000        0.000        0.000        0.000        0.000
    80:        0.000        0.000        0.000        0.000        0.000
    85:        0.000        0.000        0.000        0.000        0.000
    90:        0.000        0.000        0.000        0.000        0.000
    95:        0.000        0.000        0.000        0.000        0.000
   100:        0.000        0.000        0.000        0.000        0.000
   105:        0.000        0.000        0.000        0.000        0.000
   110:        0.000        0.000        0.000        0.000        0.000
   115:        0.000        0.000        0.000        0.000        0.000
   120:        0.000        0.000        0.000        0.000        0.000
   125:        0.000        0.000        0.000        0.000        0.000
   130:        0.000        0.000        0.000        0.000        0.000
   135:        0.000        0.000        0.000        0.000        0.000
   140:        0.000        0.000        0.000        0.000        0.000
   145:        0.000        0.000        0.000        0.000        0.000
   150:        0.000        0.000        0.000        0.000        0.000
   155:        0.000        0.000        0.000        0.000        0.000
   160:        0.000        0.000        0.000        0.000        0.000
   165:        0.000        0.000        0.000        0.000        0.000
   170:        0.000        0.000        0.000        0.000        0.000
   175:        0.000        0.000        0.000        0.000        0.000
   180:        0.000        0.000        0.000        0.000        0.000
   185:        0.000        0.000
Q:
     0:        5.000      156.000       45.000
S:
     0:        0.000        0.000        0.000        0.000        3.000
     5:        3.000        0.000        0.000        0.000        1.000
    10:        0.000        0.000        0.000        1.000        3.000
    15:        0.000        1.000        3.000        1.000        0.000
    20:        3.000        3.000        1.000        0.000        1.000
    25:        1.000        3.000        3.000        1.000        3.000
    30:        1.000        2.000        2.000        4.000        2.000
    35:        4.000        2.000        4.000        4.000        2.000
    40:        0.000        0.000        4.000        0.000        2.000
    45:        0.000        4.000        2.000        2.000        0.000
    50:        4.000        0.000        0.000        0.000        2.000
    55:        4.000        4.000        0.000        2.000        0.000
    60:        4.000        2.000        0.000        2.000        0.000
    65:        4.000        2.000        4.000        0.000        0.000
    70:        0.000        0.000        2.000        0.000        0.000
    75:        0.000        0.000        0.000        0.000        0.000
    80:        4.000        4.000        0.000        2.000        0.000
    85:        4.000        0.000        0.000        0.000        0.000
    90:        2.000        4.000        0.000        2.000        0.000
    95:        0.000        0.000        0.000        0.000        0.000
   100:        0.000        0.000        0.000        0.000        0.000
   105:        0.000        2.000        4.000        0.000        0.000
   110:        2.000        0.000        0.000        0.000        4.000
   115:        0.000        0.000        0.000        0.000        0.000
   120:        0.000        0.000        0.000        2.000        0.000
   125:        4.000        0.000        4.000        0.000        0.000
   130:        0.000        0.000        0.000        0.000        0.000
   135:        0.000        0.000        0.000        0.000        0.000
   140:        2.000        4.000        0.000        0.000        4.000
   145:        0.000        2.000        2.000        0.000        0.000
   150:        0.000        0.000        0.000        0.000        0.000
   155:        0.000        0.000        0.000        0.000        0.000
   160:        0.000        2.000        2.000        4.000        4.000
   165:        0.000        0.000        0.000        2.000        0.000
   170:        4.000        0.000        0.000        4.000        0.000
   175:        0.000        0.000        0.000        2.000        0.000
   180:        0.000        0.000        0.000        0.000        0.000
   185:        0.000        0.000
W:
     0:       33.000        0.000       33.000
X:
     0:        3.000        4.000        5.000        6.000        7.000
     5:        8.000
Y:
     0:        9.000       10.000       11.000       12.000       13.000
     5:       14.000
Z:
     0:        1.000        2.000        3.000        4.000
