File: C:\MED-PC\Data\2023-08-22_08h38m_Subject 141.txt


Start Date: 08/22/23
End Date: 08/22/23
Subject: 141
Experiment: 0
Group: 0
Box: 6
Start Time: 08:38:18
End Time: 10:08:38
MSN: CF_SetShifting08172023
I:     143.000
M:       1.000
N:       3.000
R:       1.000
T:    5400.000
V:       0.000
A:
     0:        7.000       13.000        6.000       12.000       14.000
     5:        8.000     5400.000
B:
     0:        3.000        5.000        7.000
C:
     0:        0.000       11.220       21.250       38.030       45.540
     5:       63.880       74.210       83.290      105.600      123.520
    10:      139.200      148.010      167.200      174.420      202.400
    15:      209.570      225.780      233.530      243.980      259.940
    20:      275.750      283.360      292.920      322.610      331.110
    25:      347.170      363.340      380.300      386.820      395.730
    30:      407.590      415.830      436.490      452.500      469.600
    35:      488.020      495.430      504.610      518.650      528.960
    40:      551.000      568.950      576.520      594.680      612.980
    45:      621.970      643.620      656.060      672.350      679.600
    50:      686.950      703.610      719.620      726.170      733.760
    55:      741.550      759.870      782.750      791.990      800.540
    60:      820.560      836.880      853.480      862.230      870.260
    65:      887.100      904.990      913.690      923.000        0.000
    70:      964.850      974.090      981.880     1003.370     1019.290
    75:     1026.380     1033.180     1051.390     1069.900     1086.570
    80:     1094.950     1101.950     1109.860     1117.780     1136.250
    85:     1152.920     1173.150     1182.870     1208.580     1215.390
    90:     1237.520     1255.030     1272.420     1279.700     1286.430
    95:     1302.560     1311.330     1327.980     1335.830     1363.610
   100:     1386.570     1393.520     1410.160     1417.060     1434.620
   105:     1441.640     1448.520     1464.310     1483.610     1492.140
   110:     1511.720     1520.290     1547.090     1554.220     1570.550
   115:     1578.880     1586.290     1604.040     1618.510     1636.080
   120:     1643.070     1659.250     1676.140     1684.750     1701.420
   125:     1708.390     1724.750     1732.700     1743.840     1809.320
   130:     1826.450     1842.950     1853.680     1896.990     1904.860
   135:     1928.490     1936.670     1952.630     1972.750     1994.200
   140:     2005.870     2016.720     2024.510
D:
     0:        0.000        0.760        1.030        0.790        1.010
     5:        0.740        1.330        0.800        0.970        0.780
    10:        0.660        0.610        0.630        0.610        0.730
    15:        0.810        0.650        1.730        0.750        0.860
    20:        0.790        0.630        0.840        0.620        0.700
    25:        0.710        0.590        0.640        0.500        0.930
    30:        2.210        0.790        2.770        0.690        1.890
    35:        0.660        1.390        0.860        2.210        0.680
    40:        0.600        0.600        1.220        0.680        0.610
    45:        0.660        0.790        0.640        0.650        0.810
    50:        0.730        0.640        0.650        0.530        0.850
    55:        0.920        1.430        0.700        0.640        0.830
    60:        1.550        0.600        0.690        0.630        1.260
    65:        0.670        0.590        0.620        0.770        0.000
    70:        0.740        0.710        0.770        0.620        0.650
    75:        0.760        0.760        0.650        0.640        0.550
    80:        0.630        0.710        0.800        1.430        1.930
    85:        1.650        0.710        0.710        1.380        0.620
    90:        0.730        7.530        0.820        0.690        0.680
    95:        0.630        1.190        0.630        0.600        1.080
   100:        1.050        0.930        0.810        0.710        0.620
   105:        0.740        0.670        0.740        0.690        0.730
   110:        0.630        0.660        0.690        0.770        0.640
   115:        0.610        0.670        0.630        0.590        0.610
   120:        0.670        0.690        0.530        0.940        0.530
   125:        0.620        0.540        0.590        1.900        0.670
   130:        0.530        0.580        1.170        0.880        0.780
   135:        0.660        0.650        0.770        0.660        0.590
   140:        0.650        0.650        0.900
E:
     0:        0.000       10.460       20.220       37.240       44.530
     5:       63.140       72.880       82.490      104.630      122.740
    10:      138.540      147.400      166.570      173.810      201.670
    15:      208.760      225.130      231.800      243.230      259.080
    20:      274.960      282.730      292.080      321.990      330.410
    25:      346.460      362.750      379.660      386.320      394.800
    30:      405.380      415.040      433.720      451.810      467.710
    35:      487.360      494.040      503.750      516.440      528.280
    40:      550.400      568.350      575.300      594.000      612.370
    45:      621.310      642.830      655.420      671.700      678.790
    50:      686.220      702.970      718.970      725.640      732.910
    55:      740.630      758.440      782.050      791.350      799.710
    60:      819.010      836.280      852.790      861.600      869.000
    65:      886.430      904.400      913.070      922.230      947.530
    70:      964.110      973.380      981.110     1002.750     1018.640
    75:     1025.620     1032.420     1050.740     1069.260     1086.020
    80:     1094.320     1101.240     1109.060     1116.350     1134.320
    85:     1151.270     1172.440     1182.160     1207.200     1214.770
    90:     1236.790     1247.500     1271.600     1279.010     1285.750
    95:     1301.930     1310.140     1327.350     1335.230     1362.530
   100:     1385.520     1392.590     1409.350     1416.350     1434.000
   105:     1440.900     1447.850     1463.570     1482.920     1491.410
   110:     1511.090     1519.630     1546.400     1553.450     1569.910
   115:     1578.270     1585.620     1603.410     1617.920     1635.470
   120:     1642.400     1658.560     1675.610     1683.810     1700.890
   125:     1707.770     1724.210     1732.110     1741.940     1808.650
   130:     1825.920     1842.370     1852.510     1896.110     1904.080
   135:     1927.830     1936.020     1951.860     1972.090     1993.610
   140:     2005.220     2016.070     2023.610
F:
     0:        0.000        4.000        1.000        2.000        3.000
     5:        2.000        4.000        1.000        3.000        1.000
    10:        4.000        3.000        2.000        1.000        4.000
    15:        3.000        2.000        4.000        1.000        3.000
    20:        2.000        4.000        1.000        2.000        3.000
    25:        3.000        1.000        4.000        2.000        2.000
    30:        4.000        3.000        1.000        3.000        1.000
    35:        2.000        4.000        4.000        2.000        1.000
    40:        3.000        2.000        1.000        3.000        4.000
    45:        3.000        2.000        1.000        4.000        4.000
    50:        3.000        1.000        2.000        4.000        2.000
    55:        1.000        3.000        4.000        2.000        1.000
    60:        3.000        1.000        2.000        4.000        3.000
    65:        3.000        4.000        2.000        1.000        1.000
    70:        4.000        2.000        3.000        1.000        4.000
    75:        2.000        3.000        1.000        3.000        4.000
    80:        2.000        2.000        4.000        3.000        1.000
    85:        1.000        2.000        3.000        4.000        1.000
    90:        4.000        3.000        2.000        4.000        1.000
    95:        2.000        3.000        4.000        3.000        1.000
   100:        2.000        3.000        4.000        1.000        2.000
   105:        4.000        3.000        1.000        2.000        1.000
   110:        4.000        3.000        2.000        3.000        4.000
   115:        2.000        1.000        4.000        3.000        2.000
   120:        1.000        3.000        2.000        1.000        4.000
   125:        1.000        4.000        2.000        3.000        1.000
   130:        3.000        2.000        4.000        2.000        1.000
   135:        4.000        3.000        1.000        3.000        2.000
   140:        4.000        4.000        3.000
G:
     0:       71.000        0.000       71.000
H:
     0:        0.000        1.000        2.000        1.000        2.000
     5:        1.000        1.000        2.000        2.000        2.000
    10:        1.000        2.000        1.000        2.000        1.000
    15:        2.000        1.000        1.000        2.000        2.000
    20:        1.000        1.000        2.000        1.000        2.000
    25:        2.000        2.000        1.000        1.000        1.000
    30:        1.000        2.000        2.000        2.000        2.000
    35:        1.000        1.000        1.000        1.000        2.000
    40:        2.000        1.000        2.000        2.000        1.000
    45:        2.000        1.000        2.000        1.000        1.000
    50:        2.000        2.000        1.000        1.000        1.000
    55:        2.000        2.000        1.000        1.000        2.000
    60:        2.000        2.000        1.000        1.000        2.000
    65:        2.000        1.000        1.000        2.000        0.000
    70:        1.000        1.000        2.000        2.000        1.000
    75:        1.000        2.000        2.000        2.000        1.000
    80:        1.000        1.000        1.000        2.000        2.000
    85:        2.000        1.000        2.000        1.000        2.000
    90:        1.000        2.000        1.000        1.000        2.000
    95:        1.000        2.000        1.000        2.000        2.000
   100:        1.000        2.000        1.000        2.000        1.000
   105:        1.000        2.000        2.000        1.000        2.000
   110:        1.000        2.000        1.000        2.000        1.000
   115:        1.000        2.000        1.000        2.000        1.000
   120:        2.000        2.000        1.000        2.000        1.000
   125:        2.000        1.000        1.000        2.000        2.000
   130:        2.000        1.000        1.000        1.000        2.000
   135:        1.000        2.000        2.000        2.000        1.000
   140:        1.000        1.000        2.000
J:
     0:        0.000        0.000        1.000        0.000        1.000
     5:        0.000        0.000        1.000        1.000        1.000
    10:        0.000        1.000        0.000        1.000        0.000
    15:        1.000        0.000        0.000        1.000        1.000
    20:        0.000        0.000        1.000        0.000        1.000
    25:        1.000        1.000        0.000        0.000        0.000
    30:        0.000        1.000        1.000        1.000        1.000
    35:        0.000        0.000        0.000        0.000        1.000
    40:        1.000        0.000        1.000        1.000        0.000
    45:        1.000        0.000        1.000        0.000        0.000
    50:        1.000        1.000        0.000        0.000        0.000
    55:        1.000        1.000        0.000        0.000        1.000
    60:        1.000        1.000        0.000        0.000        1.000
    65:        1.000        0.000        0.000        1.000        1.000
    70:        0.000        0.000        1.000        1.000        0.000
    75:        0.000        1.000        1.000        1.000        0.000
    80:        0.000        0.000        0.000        1.000        1.000
    85:        1.000        0.000        1.000        0.000        1.000
    90:        0.000        1.000        0.000        0.000        1.000
    95:        0.000        1.000        0.000        1.000        1.000
   100:        0.000        1.000        0.000        1.000        0.000
   105:        0.000        1.000        1.000        0.000        1.000
   110:        0.000        1.000        0.000        1.000        0.000
   115:        0.000        1.000        0.000        1.000        0.000
   120:        1.000        1.000        0.000        1.000        0.000
   125:        1.000        0.000        0.000        1.000        1.000
   130:        1.000        0.000        0.000        0.000        1.000
   135:        0.000        1.000        1.000        1.000        0.000
   140:        0.000        0.000        1.000
K:
     0:        0.000        2.000        1.000        2.000        1.000
     5:        2.000        2.000        1.000        1.000        1.000
    10:        2.000        1.000        2.000        1.000        2.000
    15:        1.000        2.000        2.000        1.000        1.000
    20:        2.000        2.000        1.000        2.000        1.000
    25:        1.000        1.000        2.000        2.000        2.000
    30:        2.000        1.000        1.000        1.000        1.000
    35:        2.000        2.000        2.000        2.000        1.000
    40:        1.000        2.000        1.000        1.000        2.000
    45:        1.000        2.000        1.000        2.000        2.000
    50:        1.000        1.000        2.000        2.000        2.000
    55:        1.000        1.000        2.000        2.000        1.000
    60:        1.000        1.000        2.000        2.000        1.000
    65:        1.000        2.000        2.000        1.000        0.000
    70:        2.000        2.000        1.000        1.000        2.000
    75:        2.000        1.000        1.000        1.000        2.000
    80:        2.000        2.000        2.000        1.000        1.000
    85:        1.000        2.000        1.000        2.000        1.000
    90:        2.000        1.000        2.000        2.000        1.000
    95:        2.000        1.000        2.000        1.000        1.000
   100:        2.000        1.000        2.000        1.000        2.000
   105:        2.000        1.000        1.000        2.000        1.000
   110:        2.000        1.000        2.000        1.000        2.000
   115:        2.000        1.000        2.000        1.000        2.000
   120:        1.000        1.000        2.000        1.000        2.000
   125:        1.000        2.000        2.000        1.000        1.000
   130:        1.000        2.000        2.000        2.000        1.000
   135:        2.000        1.000        1.000        1.000        2.000
   140:        2.000        2.000        1.000
L:
     0:        0.000        4.000        5.000        5.000        4.000
     5:        5.000        4.000        5.000        4.000        5.000
    10:        4.000        4.000        5.000        5.000        4.000
    15:        4.000        5.000        4.000        5.000        4.000
    20:        5.000        4.000        5.000        5.000        4.000
    25:        4.000        5.000        4.000        5.000        5.000
    30:        4.000        4.000        5.000        4.000        5.000
    35:        5.000        4.000        4.000        5.000        5.000
    40:        4.000        5.000        5.000        4.000        4.000
    45:        4.000        5.000        5.000        4.000        4.000
    50:        4.000        5.000        5.000        4.000        5.000
    55:        5.000        4.000        4.000        5.000        5.000
    60:        4.000        5.000        5.000        4.000        4.000
    65:        4.000        4.000        5.000        5.000        5.000
    70:        4.000        5.000        4.000        5.000        4.000
    75:        5.000        4.000        5.000        4.000        4.000
    80:        5.000        5.000        4.000        4.000        5.000
    85:        5.000        5.000        4.000        4.000        5.000
    90:        4.000        4.000        5.000        4.000        5.000
    95:        5.000        4.000        4.000        4.000        5.000
   100:        5.000        4.000        4.000        5.000        5.000
   105:        4.000        4.000        5.000        5.000        5.000
   110:        4.000        4.000        5.000        4.000        4.000
   115:        5.000        5.000        4.000        4.000        5.000
   120:        5.000        4.000        5.000        5.000        4.000
   125:        5.000        4.000        5.000        4.000        5.000
   130:        4.000        5.000        4.000        5.000        5.000
   135:        4.000        4.000        5.000        4.000        5.000
   140:        4.000        4.000        4.000
O:
     0:        0.000        1.000        0.000        1.000        0.000
     5:        1.000        1.000        0.000        0.000        0.000
    10:        1.000        0.000        1.000        0.000        1.000
    15:        0.000        1.000        1.000        0.000        0.000
    20:        1.000        1.000        0.000        1.000        0.000
    25:        0.000        0.000        1.000        1.000        1.000
    30:        1.000        0.000        0.000        0.000        0.000
    35:        1.000        1.000        1.000        1.000        0.000
    40:        0.000        1.000        0.000        0.000        1.000
    45:        0.000        1.000        0.000        1.000        1.000
    50:        0.000        0.000        1.000        1.000        1.000
    55:        0.000        0.000        1.000        1.000        0.000
    60:        0.000        0.000        1.000        1.000        0.000
    65:        0.000        1.000        1.000        0.000        0.000
    70:        1.000        1.000        0.000        0.000        1.000
    75:        1.000        0.000        0.000        0.000        1.000
    80:        1.000        1.000        1.000        0.000        0.000
    85:        0.000        1.000        0.000        1.000        0.000
    90:        1.000        0.000        1.000        1.000        0.000
    95:        1.000        0.000        1.000        0.000        0.000
   100:        1.000        0.000        1.000        0.000        1.000
   105:        1.000        0.000        0.000        1.000        0.000
   110:        1.000        0.000        1.000        0.000        1.000
   115:        1.000        0.000        1.000        0.000        1.000
   120:        0.000        0.000        1.000        0.000        1.000
   125:        0.000        1.000        1.000        0.000        0.000
   130:        0.000        1.000        1.000        1.000        0.000
   135:        1.000        0.000        0.000        0.000        1.000
   140:        1.000        1.000        0.000
P:
     0:      143.000
Q:
     0:       12.000      142.000      134.000
S:
     0:        0.000        4.000        5.000        4.000        5.000
     5:        4.000        4.000        5.000        5.000        5.000
    10:        4.000        5.000        4.000        5.000        4.000
    15:        5.000        4.000        4.000        5.000        5.000
    20:        4.000        4.000        5.000        4.000        5.000
    25:        5.000        5.000        4.000        4.000        4.000
    30:        4.000        5.000        5.000        5.000        5.000
    35:        4.000        4.000        4.000        4.000        5.000
    40:        5.000        4.000        5.000        5.000        4.000
    45:        5.000        4.000        5.000        4.000        4.000
    50:        5.000        5.000        4.000        4.000        4.000
    55:        5.000        5.000        4.000        4.000        5.000
    60:        5.000        5.000        4.000        4.000        5.000
    65:        5.000        4.000        4.000        5.000        5.000
    70:        4.000        4.000        5.000        5.000        4.000
    75:        4.000        5.000        5.000        5.000        4.000
    80:        4.000        4.000        4.000        5.000        5.000
    85:        5.000        4.000        5.000        4.000        5.000
    90:        4.000        5.000        4.000        4.000        5.000
    95:        4.000        5.000        4.000        5.000        5.000
   100:        4.000        5.000        4.000        5.000        4.000
   105:        4.000        5.000        5.000        4.000        5.000
   110:        4.000        5.000        4.000        5.000        4.000
   115:        4.000        5.000        4.000        5.000        4.000
   120:        5.000        5.000        4.000        5.000        4.000
   125:        5.000        4.000        4.000        5.000        5.000
   130:        5.000        4.000        4.000        4.000        5.000
   135:        4.000        5.000        5.000        5.000        4.000
   140:        4.000        4.000        5.000
U:
     0:        9.000       11.000       13.000
W:
     0:       70.000       70.000        0.000
X:
     0:        4.000        6.000        8.000
Y:
     0:       10.000       12.000       14.000
Z:
     0:        1.000        2.000        3.000        4.000
