File: C:\MED-PC\Data\2023-07-19_09h48m_Subject 140.txt


Start Date: 07/19/23
End Date: 07/19/23
Subject: 140
Experiment: 0
Group: 0
Box: 5
Start Time: 09:48:17
End Time: 11:11:02
MSN: CF-SetShifting07132023
B:       0.000
I:     274.000
N:      38.000
R:       1.000
T:    4500.000
V:       0.000
A:
     0:        7.000        9.000        6.000       12.000
C:
     0:        0.000       23.710        0.000       73.340       86.300
     5:      113.010      121.780      141.890      165.050      189.560
    10:      211.540        0.000      249.120      257.890      280.310
    15:      288.990        0.000      329.830      348.570      378.220
    20:      386.690      418.630      432.060      442.800      460.910
    25:      479.830      497.350      517.150      525.900      538.360
    30:      551.680      574.440      585.670      594.860      616.610
    35:      624.880        0.000      671.190      688.940      707.320
    40:      721.560      744.360      755.060      772.050      782.910
    45:      800.080      819.260      847.530      855.450      877.910
    50:      896.610      903.960      917.300      926.710      946.530
    55:      964.090      975.300      992.420     1000.780     1035.460
    60:     1053.000     1060.830     1076.930     1084.220     1100.710
    65:     1114.720     1125.040     1141.760     1159.630     1169.170
    70:     1177.450     1187.610     1208.760     1226.830     1245.230
    75:     1257.120     1266.140     1277.820     1287.090     1298.920
    80:     1307.320     1320.150     1339.830     1353.830     1364.490
    85:     1376.930     1384.280     1392.220        0.000     1442.450
    90:     1450.760     1463.980     1483.540     1503.740     1522.570
    95:     1542.920     1563.340     1570.600     1587.550     1595.380
   100:     1617.390     1636.110     1654.940     1663.690     1672.050
   105:     1689.730     1697.210     1715.690     1734.070        0.000
   110:     1783.100     1793.290     1801.040     1821.320     1838.440
   115:     1845.650     1854.290     1871.440     1879.540     1887.210
   120:     1900.890     1918.680     1929.340     1942.500     1950.940
   125:     1970.680     1983.080     1992.790     2004.180     2015.520
   130:     2022.860     2035.140        0.000        0.000     2106.340
   135:     2125.220     2132.580     2149.650     2163.340     2171.500
   140:     2181.700     2198.120     2211.030     2218.260     2233.620
   145:     2244.000     2262.420     2273.640     2285.390     2304.640
   150:     2315.380     2337.890     2346.860     2359.050     2367.210
   155:     2385.830     2399.040     2417.480     2428.370     2436.780
   160:     2454.660     2464.830     2478.670     2490.000     2507.930
   165:     2515.890     2532.890     2547.390     2565.430     2573.970
   170:        0.000     2620.380     2630.880     2639.950     2648.380
   175:     2658.580     2679.010     2698.770     2718.000     2737.510
   180:     2745.920     2753.950     2762.450     2779.680     2789.920
   185:     2808.570     2817.770     2828.150     2837.870     2845.940
   190:     2854.440     2871.900     2893.210     2901.640     2919.320
   195:     2931.500     2950.540     2969.360     2980.280     2990.470
   200:     3013.290     3026.230     3044.400        0.000     3086.430
   205:     3094.900     3113.450     3132.760     3150.890     3168.200
   210:     3176.780     3210.670     3229.320     3257.630        0.000
   215:        0.000     3317.590     3328.070     3340.000     3357.900
   220:     3378.590     3396.300     3424.910     3433.300     3451.210
   225:     3461.720        0.000        0.000        0.000        0.000
   230:     3583.740        0.000        0.000        0.000        0.000
   235:        0.000        0.000        0.000        0.000        0.000
   240:     3832.870        0.000     3871.440     3887.210     3900.340
   245:     3926.220     3935.070     3953.140        0.000        0.000
   250:     4011.430        0.000     4058.950     4078.120     4088.430
   255:        0.000        0.000        0.000        0.000        0.000
   260:        0.000     4260.210     4271.230     4295.490     4308.330
   265:     4328.790        0.000        0.000     4396.540        0.000
   270:     4443.460     4466.090     4476.150     4493.480
D:
     0:        0.000        1.080        0.000        1.070        0.840
     5:        0.770        0.870        0.790        0.910        0.810
    10:        0.990        0.000        0.630        0.940        1.670
    15:        1.060        0.000        1.050        2.150        0.980
    20:        0.800        1.690        1.020        0.810        1.090
    25:        1.190        0.840        0.950        0.790        1.050
    30:        1.430        0.880        0.850        0.780        0.740
    35:        1.410        0.000        0.980        0.720        0.940
    40:        0.860        1.210        0.820        0.830        1.120
    45:        0.980        0.740        0.950        0.880        1.050
    50:        0.940        1.090        1.040        1.090        1.070
    55:        1.000        0.760        0.900        0.710        0.930
    60:        0.970        0.790        0.990        0.950        1.030
    65:        1.230        1.200        0.920        1.610        0.860
    70:        1.010        1.000        1.080        0.950        1.260
    75:        0.950        1.120        0.800        0.900        0.940
    80:        1.230        1.200        1.040        1.070        1.090
    85:        1.030        1.090        0.870        0.000        1.570
    90:        0.850        0.950        0.920        0.840        0.890
    95:        0.830        0.870        0.860        1.590        0.860
   100:        0.780        0.920        0.800        0.820        0.910
   105:        0.660        1.220        0.880        0.820        0.000
   110:        0.780        0.850        0.870        0.980        0.900
   115:        0.940        0.860        1.000        0.870        0.890
   120:        1.040        1.120        0.730        1.030        1.190
   125:        2.210        0.830        0.990        0.850        1.020
   130:        1.030        1.060        0.000        0.000        0.870
   135:        0.820        0.910        0.770        1.170        1.620
   140:        0.670        0.790        1.090        0.830        0.940
   145:        0.770        0.700        0.930        0.780        0.690
   150:        0.790        1.480        0.830        2.220        0.690
   155:        0.900        0.730        0.850        0.830        0.820
   160:        0.870        0.660        0.930        0.890        1.040
   165:        0.800        0.710        0.710        0.730        0.790
   170:        0.000        0.760        0.710        0.860        0.900
   175:        0.740        0.890        0.740        0.860        0.690
   180:        0.800        0.780        0.750        0.790        0.700
   185:        1.090        0.850        0.870        1.860        0.830
   190:        0.930        1.170        0.790        0.800        0.660
   195:        0.740        1.020        1.360        0.730        0.750
   200:        1.040        0.820        0.840        0.000        0.770
   205:        0.710        1.000        0.750        0.740        0.770
   210:        0.640        1.790        0.790        0.910        0.000
   215:        0.000        0.950        0.720        4.750        0.860
   220:        0.850        0.690        0.790        0.660        0.710
   225:        0.700        0.000        0.000        0.000        0.000
   230:        2.610        0.000        0.000        0.000        0.000
   235:        0.000        0.000        0.000        0.000        0.000
   240:        0.820        0.000        0.760        0.560        0.680
   245:        0.700        0.780        0.760        0.000        0.000
   250:        0.680        0.000        0.610        0.860        0.640
   255:        0.000        0.000        0.000        0.000        0.000
   260:        0.000        0.840        0.660        0.940        0.610
   265:        0.670        0.000        0.000        0.780        0.000
   270:        0.720        1.790        0.660        0.700
F:
     0:        0.000        4.000        0.000        1.000        2.000
     5:        3.000        3.000        4.000        1.000        2.000
    10:        1.000        0.000        2.000        4.000        3.000
    15:        1.000        0.000        4.000        2.000        3.000
    20:        2.000        3.000        1.000        4.000        3.000
    25:        2.000        4.000        1.000        3.000        4.000
    30:        2.000        1.000        3.000        2.000        1.000
    35:        4.000        0.000        4.000        3.000        1.000
    40:        2.000        3.000        2.000        1.000        4.000
    45:        4.000        3.000        1.000        2.000        4.000
    50:        2.000        3.000        1.000        4.000        3.000
    55:        1.000        2.000        1.000        2.000        4.000
    60:        3.000        2.000        3.000        4.000        1.000
    65:        1.000        2.000        4.000        3.000        4.000
    70:        3.000        1.000        2.000        4.000        3.000
    75:        2.000        1.000        1.000        2.000        3.000
    80:        4.000        4.000        3.000        1.000        2.000
    85:        1.000        2.000        4.000        0.000        3.000
    90:        4.000        1.000        3.000        2.000        2.000
    95:        1.000        4.000        3.000        1.000        3.000
   100:        2.000        4.000        1.000        3.000        4.000
   105:        2.000        4.000        3.000        2.000        0.000
   110:        1.000        1.000        4.000        2.000        3.000
   115:        4.000        2.000        1.000        3.000        1.000
   120:        4.000        2.000        3.000        2.000        4.000
   125:        3.000        1.000        2.000        1.000        4.000
   130:        3.000        1.000        0.000        0.000        4.000
   135:        3.000        2.000        3.000        1.000        2.000
   140:        4.000        1.000        3.000        4.000        2.000
   145:        2.000        1.000        3.000        4.000        3.000
   150:        2.000        1.000        4.000        1.000        2.000
   155:        3.000        4.000        1.000        3.000        2.000
   160:        4.000        1.000        4.000        3.000        2.000
   165:        4.000        1.000        2.000        3.000        2.000
   170:        0.000        3.000        1.000        4.000        1.000
   175:        2.000        4.000        3.000        4.000        1.000
   180:        3.000        2.000        2.000        3.000        4.000
   185:        1.000        1.000        4.000        3.000        2.000
   190:        4.000        1.000        3.000        2.000        3.000
   195:        2.000        1.000        4.000        2.000        4.000
   200:        3.000        1.000        3.000        0.000        1.000
   205:        4.000        2.000        4.000        3.000        1.000
   210:        2.000        4.000        2.000        3.000        0.000
   215:        0.000        1.000        3.000        1.000        2.000
   220:        4.000        4.000        3.000        2.000        1.000
   225:        4.000        0.000        0.000        0.000        0.000
   230:        2.000        0.000        0.000        0.000        0.000
   235:        0.000        0.000        0.000        0.000        0.000
   240:        1.000        0.000        3.000        3.000        2.000
   245:        1.000        4.000        1.000        0.000        0.000
   250:        2.000        0.000        4.000        3.000        4.000
   255:        0.000        0.000        0.000        0.000        0.000
   260:        0.000        1.000        2.000        3.000        1.000
   265:        2.000        0.000        0.000        3.000        0.000
   270:        4.000        3.000        2.000        1.000
G:
     0:      135.000      103.000       32.000        0.000
H:
     0:        0.000        2.000        0.000        1.000        1.000
     5:        1.000        2.000        2.000        1.000        2.000
    10:        1.000        0.000        1.000        2.000        1.000
    15:        1.000        0.000        2.000        2.000        1.000
    20:        2.000        1.000        1.000        2.000        2.000
    25:        2.000        2.000        1.000        1.000        1.000
    30:        2.000        1.000        1.000        2.000        1.000
    35:        2.000        0.000        2.000        2.000        1.000
    40:        2.000        1.000        2.000        1.000        2.000
    45:        2.000        2.000        1.000        2.000        2.000
    50:        1.000        1.000        1.000        2.000        2.000
    55:        1.000        2.000        1.000        2.000        2.000
    60:        1.000        2.000        1.000        2.000        1.000
    65:        1.000        1.000        2.000        1.000        1.000
    70:        1.000        2.000        2.000        2.000        1.000
    75:        1.000        1.000        1.000        1.000        1.000
    80:        1.000        2.000        1.000        1.000        1.000
    85:        1.000        1.000        2.000        0.000        1.000
    90:        1.000        2.000        2.000        2.000        2.000
    95:        2.000        1.000        1.000        1.000        2.000
   100:        2.000        2.000        1.000        1.000        2.000
   105:        1.000        2.000        2.000        2.000        0.000
   110:        1.000        1.000        2.000        2.000        1.000
   115:        1.000        2.000        1.000        1.000        1.000
   120:        2.000        1.000        1.000        1.000        2.000
   125:        1.000        1.000        1.000        1.000        1.000
   130:        1.000        2.000        0.000        0.000        2.000
   135:        1.000        2.000        1.000        1.000        1.000
   140:        2.000        1.000        1.000        1.000        1.000
   145:        2.000        1.000        1.000        2.000        1.000
   150:        2.000        1.000        1.000        1.000        2.000
   155:        1.000        2.000        1.000        1.000        2.000
   160:        1.000        1.000        1.000        2.000        1.000
   165:        2.000        1.000        2.000        1.000        2.000
   170:        0.000        1.000        1.000        1.000        1.000
   175:        2.000        2.000        1.000        2.000        1.000
   180:        1.000        1.000        2.000        1.000        2.000
   185:        1.000        1.000        1.000        1.000        1.000
   190:        2.000        1.000        1.000        2.000        1.000
   195:        2.000        2.000        1.000        1.000        2.000
   200:        1.000        1.000        1.000        0.000        1.000
   205:        2.000        2.000        2.000        2.000        1.000
   210:        2.000        2.000        2.000        1.000        0.000
   215:        0.000        1.000        1.000        1.000        2.000
   220:        2.000        2.000        1.000        2.000        1.000
   225:        2.000        0.000        0.000        0.000        0.000
   230:        2.000        0.000        0.000        0.000        0.000
   235:        0.000        0.000        0.000        0.000        0.000
   240:        1.000        0.000        1.000        1.000        2.000
   245:        1.000        2.000        1.000        0.000        0.000
   250:        2.000        0.000        2.000        1.000        2.000
   255:        0.000        0.000        0.000        0.000        0.000
   260:        0.000        1.000        2.000        1.000        1.000
   265:        2.000        0.000        0.000        1.000        0.000
   270:        2.000        1.000        2.000        1.000
J:
     0:        0.000        0.000        0.000        1.000        0.000
     5:        1.000        1.000        0.000        1.000        0.000
    10:        1.000        0.000        0.000        0.000        1.000
    15:        1.000        0.000        0.000        0.000        1.000
    20:        0.000        1.000        1.000        0.000        1.000
    25:        0.000        0.000        1.000        1.000        0.000
    30:        0.000        1.000        1.000        0.000        1.000
    35:        0.000        0.000        0.000        1.000        1.000
    40:        0.000        1.000        0.000        1.000        0.000
    45:        0.000        1.000        1.000        0.000        0.000
    50:        0.000        1.000        1.000        0.000        1.000
    55:        1.000        0.000        1.000        0.000        0.000
    60:        1.000        0.000        1.000        0.000        1.000
    65:        1.000        0.000        0.000        1.000        0.000
    70:        1.000        1.000        0.000        0.000        1.000
    75:        0.000        1.000        1.000        0.000        1.000
    80:        0.000        0.000        1.000        1.000        0.000
    85:        1.000        0.000        0.000        0.000        1.000
    90:        0.000        1.000        1.000        0.000        0.000
    95:        1.000        0.000        1.000        1.000        1.000
   100:        0.000        0.000        1.000        1.000        0.000
   105:        0.000        0.000        1.000        0.000        0.000
   110:        1.000        1.000        0.000        0.000        1.000
   115:        0.000        0.000        1.000        1.000        1.000
   120:        0.000        0.000        1.000        0.000        0.000
   125:        1.000        1.000        0.000        1.000        0.000
   130:        1.000        1.000        0.000        0.000        0.000
   135:        1.000        0.000        1.000        1.000        0.000
   140:        0.000        1.000        1.000        0.000        0.000
   145:        0.000        1.000        1.000        0.000        1.000
   150:        0.000        1.000        0.000        1.000        0.000
   155:        1.000        0.000        1.000        1.000        0.000
   160:        0.000        1.000        0.000        1.000        0.000
   165:        0.000        1.000        0.000        1.000        0.000
   170:        0.000        1.000        1.000        0.000        1.000
   175:        0.000        0.000        1.000        0.000        1.000
   180:        1.000        0.000        0.000        1.000        0.000
   185:        1.000        1.000        0.000        1.000        0.000
   190:        0.000        1.000        1.000        0.000        1.000
   195:        0.000        1.000        0.000        0.000        0.000
   200:        1.000        1.000        1.000        0.000        1.000
   205:        0.000        0.000        0.000        1.000        1.000
   210:        0.000        0.000        0.000        1.000        0.000
   215:        0.000        1.000        1.000        1.000        0.000
   220:        0.000        0.000        1.000        0.000        1.000
   225:        0.000        0.000        0.000        0.000        0.000
   230:        0.000        0.000        0.000        0.000        0.000
   235:        0.000        0.000        0.000        0.000        0.000
   240:        1.000        0.000        1.000        1.000        0.000
   245:        1.000        0.000        1.000        0.000        0.000
   250:        0.000        0.000        0.000        1.000        0.000
   255:        0.000        0.000        0.000        0.000        0.000
   260:        0.000        1.000        0.000        1.000        1.000
   265:        0.000        0.000        0.000        1.000        0.000
   270:        0.000        1.000        0.000        1.000
K:
     0:        0.000        1.000        0.000        2.000        2.000
     5:        2.000        1.000        1.000        2.000        1.000
    10:        2.000        0.000        2.000        1.000        2.000
    15:        2.000        0.000        1.000        1.000        2.000
    20:        1.000        2.000        2.000        1.000        1.000
    25:        1.000        1.000        2.000        2.000        2.000
    30:        1.000        2.000        2.000        1.000        2.000
    35:        1.000        0.000        1.000        1.000        2.000
    40:        1.000        2.000        1.000        2.000        1.000
    45:        1.000        1.000        2.000        1.000        1.000
    50:        2.000        2.000        2.000        1.000        1.000
    55:        2.000        1.000        2.000        1.000        1.000
    60:        2.000        1.000        2.000        1.000        2.000
    65:        2.000        2.000        1.000        2.000        2.000
    70:        2.000        1.000        1.000        1.000        2.000
    75:        2.000        2.000        2.000        2.000        2.000
    80:        2.000        1.000        2.000        2.000        2.000
    85:        2.000        2.000        1.000        0.000        2.000
    90:        2.000        1.000        1.000        1.000        1.000
    95:        1.000        2.000        2.000        2.000        1.000
   100:        1.000        1.000        2.000        2.000        1.000
   105:        2.000        1.000        1.000        1.000        0.000
   110:        2.000        2.000        1.000        1.000        2.000
   115:        2.000        1.000        2.000        2.000        2.000
   120:        1.000        2.000        2.000        2.000        1.000
   125:        2.000        2.000        2.000        2.000        2.000
   130:        2.000        1.000        0.000        0.000        1.000
   135:        2.000        1.000        2.000        2.000        2.000
   140:        1.000        2.000        2.000        2.000        2.000
   145:        1.000        2.000        2.000        1.000        2.000
   150:        1.000        2.000        2.000        2.000        1.000
   155:        2.000        1.000        2.000        2.000        1.000
   160:        2.000        2.000        2.000        1.000        2.000
   165:        1.000        2.000        1.000        2.000        1.000
   170:        0.000        2.000        2.000        2.000        2.000
   175:        1.000        1.000        2.000        1.000        2.000
   180:        2.000        2.000        1.000        2.000        1.000
   185:        2.000        2.000        2.000        2.000        2.000
   190:        1.000        2.000        2.000        1.000        2.000
   195:        1.000        1.000        2.000        2.000        1.000
   200:        2.000        2.000        2.000        0.000        2.000
   205:        1.000        1.000        1.000        1.000        2.000
   210:        1.000        1.000        1.000        2.000        0.000
   215:        0.000        2.000        2.000        2.000        1.000
   220:        1.000        1.000        2.000        1.000        2.000
   225:        1.000        0.000        0.000        0.000        0.000
   230:        1.000        0.000        0.000        0.000        0.000
   235:        0.000        0.000        0.000        0.000        0.000
   240:        2.000        0.000        2.000        2.000        1.000
   245:        2.000        1.000        2.000        0.000        0.000
   250:        1.000        0.000        1.000        2.000        1.000
   255:        0.000        0.000        0.000        0.000        0.000
   260:        0.000        2.000        1.000        2.000        2.000
   265:        1.000        0.000        0.000        2.000        0.000
   270:        1.000        2.000        1.000        2.000
L:
     0:        0.000        4.000        0.000        5.000        5.000
     5:        4.000        4.000        4.000        5.000        5.000
    10:        5.000        0.000        5.000        4.000        4.000
    15:        5.000        0.000        4.000        5.000        4.000
    20:        5.000        4.000        5.000        4.000        4.000
    25:        5.000        4.000        5.000        4.000        4.000
    30:        5.000        5.000        4.000        5.000        5.000
    35:        4.000        0.000        4.000        4.000        5.000
    40:        5.000        4.000        5.000        5.000        4.000
    45:        4.000        4.000        5.000        5.000        4.000
    50:        5.000        4.000        5.000        4.000        4.000
    55:        5.000        5.000        5.000        5.000        4.000
    60:        4.000        5.000        4.000        4.000        5.000
    65:        5.000        5.000        4.000        4.000        4.000
    70:        4.000        5.000        5.000        4.000        4.000
    75:        5.000        5.000        5.000        5.000        4.000
    80:        4.000        4.000        4.000        5.000        5.000
    85:        5.000        5.000        4.000        0.000        4.000
    90:        4.000        5.000        4.000        5.000        5.000
    95:        5.000        4.000        4.000        5.000        4.000
   100:        5.000        4.000        5.000        4.000        4.000
   105:        5.000        4.000        4.000        5.000        0.000
   110:        5.000        5.000        4.000        5.000        4.000
   115:        4.000        5.000        5.000        4.000        5.000
   120:        4.000        5.000        4.000        5.000        4.000
   125:        4.000        5.000        5.000        5.000        4.000
   130:        4.000        5.000        0.000        0.000        4.000
   135:        4.000        5.000        4.000        5.000        5.000
   140:        4.000        5.000        4.000        4.000        5.000
   145:        5.000        5.000        4.000        4.000        4.000
   150:        5.000        5.000        4.000        5.000        5.000
   155:        4.000        4.000        5.000        4.000        5.000
   160:        4.000        5.000        4.000        4.000        5.000
   165:        4.000        5.000        5.000        4.000        5.000
   170:        0.000        4.000        5.000        4.000        5.000
   175:        5.000        4.000        4.000        4.000        5.000
   180:        4.000        5.000        5.000        4.000        4.000
   185:        5.000        5.000        4.000        4.000        5.000
   190:        4.000        5.000        4.000        5.000        4.000
   195:        5.000        5.000        4.000        5.000        4.000
   200:        4.000        5.000        4.000        0.000        5.000
   205:        4.000        5.000        4.000        4.000        5.000
   210:        5.000        4.000        5.000        4.000        0.000
   215:        0.000        5.000        4.000        5.000        5.000
   220:        4.000        4.000        4.000        5.000        5.000
   225:        4.000        0.000        0.000        0.000        0.000
   230:        5.000        0.000        0.000        0.000        0.000
   235:        0.000        0.000        0.000        0.000        0.000
   240:        5.000        0.000        4.000        4.000        5.000
   245:        5.000        4.000        5.000        0.000        0.000
   250:        5.000        0.000        4.000        4.000        4.000
   255:        0.000        0.000        0.000        0.000        0.000
   260:        0.000        5.000        5.000        4.000        5.000
   265:        5.000        0.000        0.000        4.000        0.000
   270:        4.000        4.000        5.000        5.000
M:
     0:        0.000        0.000        0.000        0.000
O:
     0:        0.000        1.000        0.000        0.000        1.000
     5:        0.000        0.000        1.000        0.000        1.000
    10:        0.000        0.000        1.000        1.000        0.000
    15:        0.000        0.000        1.000        1.000        0.000
    20:        1.000        0.000        0.000        1.000        0.000
    25:        1.000        1.000        0.000        0.000        1.000
    30:        1.000        0.000        0.000        1.000        0.000
    35:        1.000        0.000        1.000        0.000        0.000
    40:        1.000        0.000        1.000        0.000        1.000
    45:        1.000        0.000        0.000        1.000        1.000
    50:        1.000        0.000        0.000        1.000        0.000
    55:        0.000        1.000        0.000        1.000        1.000
    60:        0.000        1.000        0.000        1.000        0.000
    65:        0.000        1.000        1.000        0.000        1.000
    70:        0.000        0.000        1.000        1.000        0.000
    75:        1.000        0.000        0.000        1.000        0.000
    80:        1.000        1.000        0.000        0.000        1.000
    85:        0.000        1.000        1.000        0.000        0.000
    90:        1.000        0.000        0.000        1.000        1.000
    95:        0.000        1.000        0.000        0.000        0.000
   100:        1.000        1.000        0.000        0.000        1.000
   105:        1.000        1.000        0.000        1.000        0.000
   110:        0.000        0.000        1.000        1.000        0.000
   115:        1.000        1.000        0.000        0.000        0.000
   120:        1.000        1.000        0.000        1.000        1.000
   125:        0.000        0.000        1.000        0.000        1.000
   130:        0.000        0.000        0.000        0.000        1.000
   135:        0.000        1.000        0.000        0.000        1.000
   140:        1.000        0.000        0.000        1.000        1.000
   145:        1.000        0.000        0.000        1.000        0.000
   150:        1.000        0.000        1.000        0.000        1.000
   155:        0.000        1.000        0.000        0.000        1.000
   160:        1.000        0.000        1.000        0.000        1.000
   165:        1.000        0.000        1.000        0.000        1.000
   170:        0.000        0.000        0.000        1.000        0.000
   175:        1.000        1.000        0.000        1.000        0.000
   180:        0.000        1.000        1.000        0.000        1.000
   185:        0.000        0.000        1.000        0.000        1.000
   190:        1.000        0.000        0.000        1.000        0.000
   195:        1.000        0.000        1.000        1.000        1.000
   200:        0.000        0.000        0.000        0.000        0.000
   205:        1.000        1.000        1.000        0.000        0.000
   210:        1.000        1.000        1.000        0.000        0.000
   215:        0.000        0.000        0.000        0.000        1.000
   220:        1.000        1.000        0.000        1.000        0.000
   225:        1.000        0.000        0.000        0.000        0.000
   230:        1.000        0.000        0.000        0.000        0.000
   235:        0.000        0.000        0.000        0.000        0.000
   240:        0.000        0.000        0.000        0.000        1.000
   245:        0.000        1.000        0.000        0.000        0.000
   250:        1.000        0.000        1.000        0.000        1.000
   255:        0.000        0.000        0.000        0.000        0.000
   260:        0.000        0.000        1.000        0.000        0.000
   265:        1.000        0.000        0.000        0.000        0.000
   270:        1.000        0.000        1.000        0.000
P:
     0:        0.000        0.000        0.000
Q:
     0:        8.000      274.000      266.000
S:
     0:        0.000        4.000        0.000        1.000        4.000
     5:        1.000        1.000        4.000        1.000        4.000
    10:        1.000        0.000        4.000        4.000        1.000
    15:        1.000        0.000        4.000        4.000        1.000
    20:        4.000        1.000        1.000        4.000        1.000
    25:        4.000        4.000        1.000        1.000        4.000
    30:        4.000        1.000        1.000        4.000        1.000
    35:        4.000        0.000        4.000        1.000        1.000
    40:        4.000        1.000        4.000        1.000        4.000
    45:        4.000        1.000        1.000        4.000        4.000
    50:        4.000        1.000        1.000        4.000        1.000
    55:        1.000        4.000        1.000        4.000        4.000
    60:        1.000        4.000        1.000        4.000        1.000
    65:        1.000        4.000        4.000        1.000        4.000
    70:        1.000        1.000        4.000        4.000        1.000
    75:        4.000        1.000        1.000        4.000        1.000
    80:        4.000        4.000        1.000        1.000        4.000
    85:        1.000        4.000        4.000        0.000        1.000
    90:        4.000        1.000        1.000        4.000        4.000
    95:        1.000        4.000        1.000        1.000        1.000
   100:        4.000        4.000        1.000        1.000        4.000
   105:        4.000        4.000        1.000        4.000        0.000
   110:        1.000        1.000        4.000        4.000        1.000
   115:        4.000        4.000        1.000        1.000        1.000
   120:        4.000        4.000        1.000        4.000        4.000
   125:        1.000        1.000        4.000        1.000        4.000
   130:        1.000        1.000        0.000        0.000        4.000
   135:        1.000        4.000        1.000        1.000        4.000
   140:        4.000        1.000        1.000        4.000        4.000
   145:        4.000        1.000        1.000        4.000        1.000
   150:        4.000        1.000        4.000        1.000        4.000
   155:        1.000        4.000        1.000        1.000        4.000
   160:        4.000        1.000        4.000        1.000        4.000
   165:        4.000        1.000        4.000        1.000        4.000
   170:        0.000        1.000        1.000        4.000        1.000
   175:        4.000        4.000        1.000        4.000        1.000
   180:        1.000        4.000        4.000        1.000        4.000
   185:        1.000        1.000        4.000        1.000        4.000
   190:        4.000        1.000        1.000        4.000        1.000
   195:        4.000        1.000        4.000        4.000        4.000
   200:        1.000        1.000        1.000        0.000        1.000
   205:        4.000        4.000        4.000        1.000        1.000
   210:        4.000        4.000        4.000        1.000        0.000
   215:        0.000        1.000        1.000        1.000        4.000
   220:        4.000        4.000        1.000        4.000        1.000
   225:        4.000        0.000        0.000        0.000        0.000
   230:        4.000        0.000        0.000        0.000        0.000
   235:        0.000        0.000        0.000        0.000        0.000
   240:        1.000        0.000        1.000        1.000        4.000
   245:        1.000        4.000        1.000        0.000        0.000
   250:        4.000        0.000        4.000        1.000        4.000
   255:        0.000        0.000        0.000        0.000        0.000
   260:        0.000        1.000        4.000        1.000        1.000
   265:        4.000        0.000        0.000        1.000        0.000
   270:        4.000        1.000        4.000        1.000
W:
     0:      100.000       15.000       85.000
