File: C:\MED-PC\Data\2023-08-17_10h47m_Subject 136.txt


Start Date: 08/17/23
End Date: 08/17/23
Subject: 136
Experiment: 0
Group: 0
Box: 1
Start Time: 10:47:13
End Time: 12:02:46
MSN: CF_SetShiftingAfter814
I:     191.000
M:       1.000
N:     131.000
R:       1.000
T:    4500.000
V:       0.000
A:
     0:        5.000       13.000        6.000       10.000       14.000
     5:        8.000     4500.000        0.000
B:
     0:        3.000        5.000        7.000
C:
     0:        0.000        0.000        0.000        0.000        0.000
     5:        0.000        0.000        0.000        0.000        0.000
    10:        0.000        0.000      302.820        0.000        0.000
    15:      377.760        0.000        0.000        0.000      473.490
    20:      499.310      511.840      538.420        0.000        0.000
    25:      603.030      625.220      638.860        0.000      683.520
    30:      706.410      734.050      759.700      780.380        0.000
    35:        0.000        0.000        0.000        0.000        0.000
    40:        0.000        0.000        0.000        0.000     1039.210
    45:     1056.840     1085.510     1101.700     1119.620     1138.250
    50:        0.000        0.000        0.000        0.000     1260.610
    55:        0.000        0.000        0.000        0.000        0.000
    60:        0.000     1437.180        0.000     1485.730        0.000
    65:     1520.980     1546.870     1564.470     1577.320     1602.740
    70:     1624.690        0.000     1662.360     1686.100     1699.100
    75:     1719.520        0.000     1752.210     1765.420     1783.250
    80:     1804.820     1824.720     1847.410     1883.120        0.000
    85:     1923.010     1941.800        0.000     1981.930     2008.360
    90:     2029.090        0.000        0.000        0.000        0.000
    95:        0.000        0.000        0.000        0.000        0.000
   100:        0.000        0.000        0.000        0.000        0.000
   105:        0.000        0.000        0.000        0.000        0.000
   110:        0.000        0.000        0.000        0.000        0.000
   115:        0.000        0.000        0.000        0.000        0.000
   120:        0.000        0.000        0.000        0.000        0.000
   125:        0.000        0.000        0.000        0.000        0.000
   130:        0.000        0.000        0.000        0.000        0.000
   135:        0.000        0.000        0.000        0.000        0.000
   140:        0.000        0.000        0.000        0.000        0.000
   145:        0.000        0.000        0.000        0.000        0.000
   150:        0.000        0.000        0.000        0.000        0.000
   155:        0.000        0.000        0.000        0.000        0.000
   160:        0.000        0.000        0.000        0.000        0.000
   165:     3898.400        0.000        0.000        0.000     3999.150
   170:     4020.670     4037.600     4053.890     4076.820        0.000
   175:     4118.380     4137.200     4155.970     4188.390     4212.270
   180:     4235.470        0.000     4276.860        0.000        0.000
   185:        0.000        0.000        0.000        0.000        0.000
   190:        0.000
D:
     0:        0.000        0.000        0.000        0.000        0.000
     5:        0.000        0.000        0.000        0.000        0.000
    10:        0.000        0.000        0.970        0.000        0.000
    15:        1.470        0.000        0.000        0.000        0.900
    20:        8.930        0.900        0.970        0.000        0.000
    25:        1.680        0.970        1.410        0.000        2.310
    30:        0.890        0.850        0.790       10.350        0.000
    35:        0.000        0.000        0.000        0.000        0.000
    40:        0.000        0.000        0.000        0.000        1.040
    45:        0.970        0.800        0.900        1.090        0.930
    50:        0.000        0.000        0.000        0.000        1.220
    55:        0.000        0.000        0.000        0.000        0.000
    60:        0.000        2.120        0.000        0.870        0.000
    65:        1.900        1.230        0.880        0.860        1.440
    70:        1.660        0.000        0.860        1.150        2.200
    75:        0.800        0.000        1.670        0.960        1.110
    80:        0.710        1.740        2.060        2.340        0.000
    85:        1.160        0.840        0.000        1.250        1.320
    90:        0.870        0.000        0.000        0.000        0.000
    95:        0.000        0.000        0.000        0.000        0.000
   100:        0.000        0.000        0.000        0.000        0.000
   105:        0.000        0.000        0.000        0.000        0.000
   110:        0.000        0.000        0.000        0.000        0.000
   115:        0.000        0.000        0.000        0.000        0.000
   120:        0.000        0.000        0.000        0.000        0.000
   125:        0.000        0.000        0.000        0.000        0.000
   130:        0.000        0.000        0.000        0.000        0.000
   135:        0.000        0.000        0.000        0.000        0.000
   140:        0.000        0.000        0.000        0.000        0.000
   145:        0.000        0.000        0.000        0.000        0.000
   150:        0.000        0.000        0.000        0.000        0.000
   155:        0.000        0.000        0.000        0.000        0.000
   160:        0.000        0.000        0.000        0.000        0.000
   165:        1.660        0.000        0.000        0.000        0.960
   170:        0.990        2.620        0.850        1.010        0.000
   175:        0.670        1.050        1.760        0.960        0.910
   180:        1.020        0.000        1.370        0.000        0.000
   185:        0.000        0.000        0.000        0.000        0.000
   190:        0.000
E:
     0:        0.000        0.000        0.000        0.000        0.000
     5:        0.000        0.000      169.920        0.000        0.000
    10:        0.000        0.000      301.850        0.000        0.000
    15:      376.290        0.000        0.000        0.000      472.590
    20:      490.380      510.940      537.450        0.000        0.000
    25:      601.350      624.250      637.450        0.000      681.210
    30:      705.520      733.200      758.910      770.030        0.000
    35:        0.000        0.000        0.000        0.000        0.000
    40:        0.000        0.000        0.000        0.000     1038.170
    45:     1055.870     1084.710     1100.800     1118.530     1137.320
    50:        0.000        0.000        0.000        0.000     1259.390
    55:        0.000        0.000        0.000        0.000        0.000
    60:        0.000     1435.060        0.000     1484.860        0.000
    65:     1519.080     1545.640     1563.590     1576.460     1601.300
    70:     1623.030        0.000     1661.500     1684.950     1696.900
    75:     1718.720        0.000     1750.540     1764.460     1782.140
    80:     1804.110     1822.980     1845.350     1880.780        0.000
    85:     1921.850     1940.960        0.000     1980.680     2007.040
    90:     2028.220        0.000        0.000        0.000        0.000
    95:        0.000        0.000        0.000        0.000        0.000
   100:        0.000        0.000        0.000        0.000        0.000
   105:        0.000        0.000        0.000        0.000        0.000
   110:        0.000        0.000        0.000        0.000        0.000
   115:        0.000        0.000        0.000        0.000        0.000
   120:        0.000        0.000        0.000        0.000        0.000
   125:        0.000        0.000        0.000        0.000        0.000
   130:        0.000        0.000        0.000        0.000        0.000
   135:        0.000        0.000        0.000        0.000        0.000
   140:        0.000        0.000        0.000        0.000        0.000
   145:        0.000        0.000        0.000        0.000        0.000
   150:        0.000        0.000        0.000        0.000        0.000
   155:        0.000        0.000        0.000        0.000        0.000
   160:        0.000        0.000        0.000        0.000        0.000
   165:     3896.740        0.000        0.000        0.000     3998.190
   170:     4019.680     4034.980     4053.040     4075.810        0.000
   175:     4117.710     4136.150     4154.210     4187.430     4211.360
   180:     4234.450        0.000     4275.490        0.000        0.000
   185:        0.000        0.000        0.000        0.000        0.000
   190:        0.000
F:
     0:        0.000        0.000        0.000        0.000        0.000
     5:        0.000        0.000        2.000        0.000        0.000
    10:        0.000        0.000        1.000        0.000        0.000
    15:        3.000        0.000        0.000        0.000        4.000
    20:        4.000        3.000        1.000        0.000        0.000
    25:        2.000        1.000        3.000        0.000        4.000
    30:        2.000        2.000        1.000        3.000        0.000
    35:        0.000        0.000        0.000        0.000        0.000
    40:        0.000        0.000        0.000        0.000        4.000
    45:        4.000        3.000        1.000        2.000        4.000
    50:        0.000        0.000        0.000        0.000        1.000
    55:        0.000        0.000        0.000        0.000        0.000
    60:        0.000        2.000        0.000        3.000        0.000
    65:        4.000        2.000        3.000        1.000        2.000
    70:        1.000        0.000        4.000        3.000        4.000
    75:        1.000        0.000        3.000        2.000        2.000
    80:        3.000        1.000        4.000        1.000        0.000
    85:        2.000        3.000        0.000        4.000        2.000
    90:        1.000        0.000        0.000        0.000        0.000
    95:        0.000        0.000        0.000        0.000        0.000
   100:        0.000        0.000        0.000        0.000        0.000
   105:        0.000        0.000        0.000        0.000        0.000
   110:        0.000        0.000        0.000        0.000        0.000
   115:        0.000        0.000        0.000        0.000        0.000
   120:        0.000        0.000        0.000        0.000        0.000
   125:        0.000        0.000        0.000        0.000        0.000
   130:        0.000        0.000        0.000        0.000        0.000
   135:        0.000        0.000        0.000        0.000        0.000
   140:        0.000        0.000        0.000        0.000        0.000
   145:        0.000        0.000        0.000        0.000        0.000
   150:        0.000        0.000        0.000        0.000        0.000
   155:        0.000        0.000        0.000        0.000        0.000
   160:        0.000        0.000        0.000        0.000        0.000
   165:        3.000        0.000        0.000        0.000        4.000
   170:        1.000        4.000        2.000        3.000        0.000
   175:        4.000        1.000        3.000        2.000        4.000
   180:        2.000        0.000        3.000        0.000        0.000
   185:        0.000        0.000        0.000        0.000        0.000
   190:        0.000
G:
     0:       32.000       26.000        6.000
H:
     0:        0.000        0.000        0.000        0.000        0.000
     5:        0.000        0.000        0.000        0.000        0.000
    10:        0.000        0.000        1.000        0.000        0.000
    15:        1.000        0.000        0.000        0.000        2.000
    20:        1.000        1.000        1.000        0.000        0.000
    25:        1.000        1.000        1.000        0.000        1.000
    30:        2.000        2.000        1.000        1.000        0.000
    35:        0.000        0.000        0.000        0.000        0.000
    40:        0.000        0.000        0.000        0.000        2.000
    45:        2.000        1.000        1.000        2.000        2.000
    50:        0.000        0.000        0.000        0.000        1.000
    55:        0.000        0.000        0.000        0.000        0.000
    60:        0.000        2.000        0.000        1.000        0.000
    65:        2.000        1.000        1.000        1.000        1.000
    70:        1.000        0.000        2.000        1.000        2.000
    75:        1.000        0.000        1.000        2.000        2.000
    80:        1.000        2.000        2.000        1.000        0.000
    85:        2.000        1.000        0.000        2.000        2.000
    90:        1.000        0.000        0.000        0.000        0.000
    95:        0.000        0.000        0.000        0.000        0.000
   100:        0.000        0.000        0.000        0.000        0.000
   105:        0.000        0.000        0.000        0.000        0.000
   110:        0.000        0.000        0.000        0.000        0.000
   115:        0.000        0.000        0.000        0.000        0.000
   120:        0.000        0.000        0.000        0.000        0.000
   125:        0.000        0.000        0.000        0.000        0.000
   130:        0.000        0.000        0.000        0.000        0.000
   135:        0.000        0.000        0.000        0.000        0.000
   140:        0.000        0.000        0.000        0.000        0.000
   145:        0.000        0.000        0.000        0.000        0.000
   150:        0.000        0.000        0.000        0.000        0.000
   155:        0.000        0.000        0.000        0.000        0.000
   160:        0.000        0.000        0.000        0.000        0.000
   165:        1.000        0.000        0.000        0.000        2.000
   170:        1.000        1.000        2.000        1.000        0.000
   175:        2.000        1.000        2.000        2.000        2.000
   180:        2.000        0.000        2.000        0.000        0.000
   185:        0.000        0.000        0.000        0.000        0.000
   190:        0.000
J:
     0:        0.000        0.000        0.000        0.000        0.000
     5:        0.000        0.000        0.000        0.000        0.000
    10:        0.000        0.000        1.000        0.000        0.000
    15:        1.000        0.000        0.000        0.000        0.000
    20:        0.000        1.000        1.000        0.000        0.000
    25:        0.000        1.000        1.000        0.000        0.000
    30:        0.000        0.000        1.000        1.000        0.000
    35:        0.000        0.000        0.000        0.000        0.000
    40:        0.000        0.000        0.000        0.000        0.000
    45:        0.000        1.000        1.000        0.000        0.000
    50:        0.000        0.000        0.000        0.000        1.000
    55:        0.000        0.000        0.000        0.000        0.000
    60:        0.000        0.000        0.000        1.000        0.000
    65:        0.000        0.000        1.000        1.000        0.000
    70:        1.000        0.000        0.000        1.000        0.000
    75:        1.000        0.000        1.000        0.000        0.000
    80:        1.000        1.000        0.000        1.000        0.000
    85:        0.000        1.000        0.000        0.000        0.000
    90:        1.000        0.000        0.000        0.000        0.000
    95:        0.000        0.000        0.000        0.000        0.000
   100:        0.000        0.000        0.000        0.000        0.000
   105:        0.000        0.000        0.000        0.000        0.000
   110:        0.000        0.000        0.000        0.000        0.000
   115:        0.000        0.000        0.000        0.000        0.000
   120:        0.000        0.000        0.000        0.000        0.000
   125:        0.000        0.000        0.000        0.000        0.000
   130:        0.000        0.000        0.000        0.000        0.000
   135:        0.000        0.000        0.000        0.000        0.000
   140:        0.000        0.000        0.000        0.000        0.000
   145:        0.000        0.000        0.000        0.000        0.000
   150:        0.000        0.000        0.000        0.000        0.000
   155:        0.000        0.000        0.000        0.000        0.000
   160:        0.000        0.000        0.000        0.000        0.000
   165:        1.000        0.000        0.000        0.000        0.000
   170:        1.000        0.000        0.000        1.000        0.000
   175:        0.000        1.000        1.000        0.000        0.000
   180:        0.000        0.000        1.000        0.000        0.000
   185:        0.000        0.000        0.000        0.000        0.000
   190:        0.000
K:
     0:        0.000        0.000        0.000        0.000        0.000
     5:        0.000        0.000        0.000        0.000        0.000
    10:        0.000        0.000        2.000        0.000        0.000
    15:        2.000        0.000        0.000        0.000        1.000
    20:        2.000        2.000        2.000        0.000        0.000
    25:        2.000        2.000        2.000        0.000        2.000
    30:        1.000        1.000        2.000        2.000        0.000
    35:        0.000        0.000        0.000        0.000        0.000
    40:        0.000        0.000        0.000        0.000        1.000
    45:        1.000        2.000        2.000        1.000        1.000
    50:        0.000        0.000        0.000        0.000        2.000
    55:        0.000        0.000        0.000        0.000        0.000
    60:        0.000        1.000        0.000        2.000        0.000
    65:        1.000        2.000        2.000        2.000        2.000
    70:        2.000        0.000        1.000        2.000        1.000
    75:        2.000        0.000        2.000        1.000        1.000
    80:        2.000        1.000        1.000        2.000        0.000
    85:        1.000        2.000        0.000        1.000        1.000
    90:        2.000        0.000        0.000        0.000        0.000
    95:        0.000        0.000        0.000        0.000        0.000
   100:        0.000        0.000        0.000        0.000        0.000
   105:        0.000        0.000        0.000        0.000        0.000
   110:        0.000        0.000        0.000        0.000        0.000
   115:        0.000        0.000        0.000        0.000        0.000
   120:        0.000        0.000        0.000        0.000        0.000
   125:        0.000        0.000        0.000        0.000        0.000
   130:        0.000        0.000        0.000        0.000        0.000
   135:        0.000        0.000        0.000        0.000        0.000
   140:        0.000        0.000        0.000        0.000        0.000
   145:        0.000        0.000        0.000        0.000        0.000
   150:        0.000        0.000        0.000        0.000        0.000
   155:        0.000        0.000        0.000        0.000        0.000
   160:        0.000        0.000        0.000        0.000        0.000
   165:        2.000        0.000        0.000        0.000        1.000
   170:        2.000        2.000        1.000        2.000        0.000
   175:        1.000        2.000        1.000        1.000        1.000
   180:        1.000        0.000        1.000        0.000        0.000
   185:        0.000        0.000        0.000        0.000        0.000
   190:        0.000
L:
     0:        0.000        0.000        0.000        0.000        0.000
     5:        0.000        0.000        3.000        0.000        0.000
    10:        0.000        0.000        3.000        0.000        0.000
    15:        4.000        0.000        0.000        0.000        4.000
    20:        4.000        4.000        3.000        0.000        0.000
    25:        3.000        3.000        4.000        0.000        4.000
    30:        3.000        3.000        3.000        4.000        0.000
    35:        0.000        0.000        0.000        0.000        0.000
    40:        0.000        0.000        0.000        0.000        4.000
    45:        4.000        4.000        3.000        3.000        4.000
    50:        0.000        0.000        0.000        0.000        3.000
    55:        0.000        0.000        0.000        0.000        0.000
    60:        0.000        3.000        0.000        4.000        0.000
    65:        4.000        3.000        4.000        3.000        3.000
    70:        3.000        0.000        4.000        4.000        4.000
    75:        3.000        0.000        4.000        3.000        3.000
    80:        4.000        3.000        4.000        3.000        0.000
    85:        3.000        4.000        0.000        4.000        3.000
    90:        3.000        0.000        0.000        0.000        0.000
    95:        0.000        0.000        0.000        0.000        0.000
   100:        0.000        0.000        0.000        0.000        0.000
   105:        0.000        0.000        0.000        0.000        0.000
   110:        0.000        0.000        0.000        0.000        0.000
   115:        0.000        0.000        0.000        0.000        0.000
   120:        0.000        0.000        0.000        0.000        0.000
   125:        0.000        0.000        0.000        0.000        0.000
   130:        0.000        0.000        0.000        0.000        0.000
   135:        0.000        0.000        0.000        0.000        0.000
   140:        0.000        0.000        0.000        0.000        0.000
   145:        0.000        0.000        0.000        0.000        0.000
   150:        0.000        0.000        0.000        0.000        0.000
   155:        0.000        0.000        0.000        0.000        0.000
   160:        0.000        0.000        0.000        0.000        0.000
   165:        4.000        0.000        0.000        0.000        4.000
   170:        3.000        4.000        3.000        4.000        0.000
   175:        4.000        3.000        4.000        3.000        4.000
   180:        3.000        0.000        4.000        0.000        0.000
   185:        0.000        0.000        0.000        0.000        0.000
   190:        0.000
O:
     0:        0.000        0.000        0.000        0.000        0.000
     5:        0.000        0.000        1.000        0.000        0.000
    10:        0.000        0.000        0.000        0.000        0.000
    15:        0.000        0.000        0.000        0.000        1.000
    20:        1.000        0.000        0.000        0.000        0.000
    25:        1.000        0.000        0.000        0.000        1.000
    30:        1.000        1.000        0.000        0.000        0.000
    35:        0.000        0.000        0.000        0.000        0.000
    40:        0.000        0.000        0.000        0.000        1.000
    45:        1.000        0.000        0.000        1.000        1.000
    50:        0.000        0.000        0.000        0.000        0.000
    55:        0.000        0.000        0.000        0.000        0.000
    60:        0.000        1.000        0.000        0.000        0.000
    65:        1.000        1.000        0.000        0.000        1.000
    70:        0.000        0.000        1.000        0.000        1.000
    75:        0.000        0.000        0.000        1.000        1.000
    80:        0.000        0.000        1.000        0.000        0.000
    85:        1.000        0.000        0.000        1.000        1.000
    90:        0.000        0.000        0.000        0.000        0.000
    95:        0.000        0.000        0.000        0.000        0.000
   100:        0.000        0.000        0.000        0.000        0.000
   105:        0.000        0.000        0.000        0.000        0.000
   110:        0.000        0.000        0.000        0.000        0.000
   115:        0.000        0.000        0.000        0.000        0.000
   120:        0.000        0.000        0.000        0.000        0.000
   125:        0.000        0.000        0.000        0.000        0.000
   130:        0.000        0.000        0.000        0.000        0.000
   135:        0.000        0.000        0.000        0.000        0.000
   140:        0.000        0.000        0.000        0.000        0.000
   145:        0.000        0.000        0.000        0.000        0.000
   150:        0.000        0.000        0.000        0.000        0.000
   155:        0.000        0.000        0.000        0.000        0.000
   160:        0.000        0.000        0.000        0.000        0.000
   165:        0.000        0.000        0.000        0.000        1.000
   170:        0.000        1.000        1.000        0.000        0.000
   175:        1.000        0.000        0.000        1.000        1.000
   180:        1.000        0.000        0.000        0.000        0.000
   185:        0.000        0.000        0.000        0.000        0.000
   190:        0.000
P:
     0:        0.000
Q:
     0:        2.000       59.000       52.000
S:
     0:        0.000        0.000        0.000        0.000        0.000
     5:        0.000        0.000        2.000        0.000        0.000
    10:        0.000        0.000        5.000        0.000        0.000
    15:        5.000        0.000        0.000        0.000        2.000
    20:        2.000        5.000        5.000        0.000        0.000
    25:        2.000        5.000        5.000        0.000        2.000
    30:        2.000        2.000        5.000        5.000        0.000
    35:        0.000        0.000        0.000        0.000        0.000
    40:        0.000        0.000        0.000        0.000        2.000
    45:        2.000        5.000        5.000        2.000        2.000
    50:        0.000        0.000        0.000        0.000        5.000
    55:        0.000        0.000        0.000        0.000        0.000
    60:        0.000        2.000        0.000        5.000        0.000
    65:        2.000        2.000        5.000        5.000        2.000
    70:        5.000        0.000        2.000        5.000        2.000
    75:        5.000        0.000        5.000        2.000        2.000
    80:        5.000        5.000        2.000        5.000        0.000
    85:        2.000        5.000        0.000        2.000        2.000
    90:        5.000        0.000        0.000        0.000        0.000
    95:        0.000        0.000        0.000        0.000        0.000
   100:        0.000        0.000        0.000        0.000        0.000
   105:        0.000        0.000        0.000        0.000        0.000
   110:        0.000        0.000        0.000        0.000        0.000
   115:        0.000        0.000        0.000        0.000        0.000
   120:        0.000        0.000        0.000        0.000        0.000
   125:        0.000        0.000        0.000        0.000        0.000
   130:        0.000        0.000        0.000        0.000        0.000
   135:        0.000        0.000        0.000        0.000        0.000
   140:        0.000        0.000        0.000        0.000        0.000
   145:        0.000        0.000        0.000        0.000        0.000
   150:        0.000        0.000        0.000        0.000        0.000
   155:        0.000        0.000        0.000        0.000        0.000
   160:        0.000        0.000        0.000        0.000        0.000
   165:        5.000        0.000        0.000        0.000        2.000
   170:        5.000        2.000        2.000        5.000        0.000
   175:        2.000        5.000        5.000        2.000        2.000
   180:        2.000        0.000        5.000        0.000        0.000
   185:        0.000        0.000        0.000        0.000        0.000
   190:        0.000
U:
     0:        9.000       11.000       13.000
W:
     0:       26.000        3.000       23.000
X:
     0:        4.000        6.000        8.000
Y:
     0:       10.000       12.000       14.000
Z:
     0:        1.000        2.000        3.000        4.000
