File: C:\MED-PC\Data\2023-07-31_09h10m_Subject 140.txt


Start Date: 07/31/23
End Date: 07/31/23
Subject: 140
Experiment: 0
Group: 0
Box: 5
Start Time: 09:10:11
End Time: 10:25:38
MSN: CF_SetShifting
I:     221.000
N:     110.000
R:       1.000
T:    4500.000
U:       0.000
V:       1.000
A:
     0:        7.000       14.000        5.000        9.000
B:
     0:        0.000        0.000        0.000        0.000        0.000
     5:        0.000        0.000        0.000        0.000        0.000
    10:        0.000        0.000        0.000        0.000        0.000
    15:        0.000        0.000        0.000        0.000        0.000
    20:        0.000        0.000        0.000        0.000        0.000
    25:        0.000        0.000        0.000        0.000        0.000
    30:        0.000        0.000        0.000        0.000        0.000
    35:        0.000        0.000        0.000        0.000        0.000
    40:        0.000        0.000        0.000        0.000        0.000
    45:        0.000        0.000        0.000        0.000        0.000
    50:        0.000        0.000        0.000        0.000        0.000
    55:        0.000        0.000        0.000        0.000        0.000
    60:        0.000        0.000        0.000        0.000        0.000
    65:        0.000        0.000        0.000        0.000        0.000
    70:        0.000        0.000        0.000        0.000        0.000
    75:        0.000        0.000        0.000        0.000        0.000
    80:        0.000        0.000        0.000        0.000        0.000
    85:        0.000        0.000        0.000        0.000        0.000
    90:        0.000        0.000        0.000        0.000        0.000
    95:        0.000        0.000        0.000        0.000        0.000
   100:        0.000        0.000        0.000        0.000        0.000
   105:        0.000        0.000        0.000        0.000        0.000
   110:        0.000        0.000        0.000        0.000        0.000
   115:        0.000        0.000        0.000        0.000        0.000
   120:        0.000        0.000        0.000        0.000        0.000
   125:        0.000        0.000        0.000        0.000        0.000
   130:        0.000        0.000        0.000        0.000        0.000
   135:        0.000        0.000        0.000        0.000        0.000
   140:        0.000        0.000        0.000        0.000        0.000
   145:        0.000        0.000        0.000        0.000        0.000
   150:        0.000        0.000        0.000        0.000        0.000
   155:        0.000        0.000        0.000        0.000        0.000
   160:        0.000        0.000        0.000        0.000        0.000
   165:        0.000        0.000        0.000        0.000        0.000
   170:        0.000        0.000        0.000        0.000        0.000
   175:        0.000        0.000        0.000        0.000        0.000
   180:        0.000        0.000        0.000        0.000        0.000
   185:        0.000        0.000        0.000        0.000        0.000
   190:        0.000        0.000        0.000        0.000        0.000
   195:        0.000        0.000        0.000        0.000        0.000
   200:        0.000        0.000        0.000        0.000        0.000
   205:        0.000        0.000        0.000        0.000        0.000
   210:        0.000        0.000        0.000        0.000        0.000
   215:        0.000        0.000        0.000        0.000        0.000
   220:        0.000
C:
     0:        0.000       14.800       31.040       38.960       49.610
     5:       59.230       70.450       78.780      105.580      122.540
    10:      140.410      150.300      176.050      206.470      223.470
    15:      231.570      240.440      260.580      279.300      298.460
    20:      309.390      323.790      341.840      350.070      369.050
    25:      389.430      398.040      407.100      424.250      433.000
    30:      440.850      462.090      479.840      499.480      508.080
    35:        0.000      552.160      571.590      579.040      596.570
    40:      605.610      623.960      644.180      663.500      674.680
    45:      685.350      693.900      711.880      725.750      743.510
    50:      761.220      783.870      792.490      804.650        0.000
    55:      862.170      870.740      883.160      902.090      921.170
    60:      932.390      951.730      960.580      968.610      986.200
    65:      996.380     1015.160     1034.390     1044.590     1051.400
    70:     1069.470     1077.700     1101.150     1111.040     1131.680
    75:     1153.930     1165.410     1176.400     1185.470     1203.420
    80:     1212.770     1224.710     1242.570     1260.980     1269.720
    85:     1292.780     1302.170     1326.020     1335.170     1343.750
    90:        0.000        0.000        0.000        0.000        0.000
    95:        0.000     1521.260     1530.370     1538.290     1547.500
   100:     1566.150     1587.630     1616.290        0.000        0.000
   105:        0.000        0.000        0.000        0.000     1795.460
   110:     1804.870     1813.960     1846.130        0.000        0.000
   115:        0.000        0.000        0.000        0.000        0.000
   120:        0.000        0.000        0.000        0.000        0.000
   125:        0.000        0.000        0.000        0.000        0.000
   130:        0.000        0.000        0.000        0.000     2394.950
   135:        0.000        0.000        0.000        0.000     2498.570
   140:        0.000        0.000        0.000        0.000        0.000
   145:        0.000        0.000        0.000        0.000        0.000
   150:        0.000     2783.850     2802.860     2813.280        0.000
   155:     2858.900        0.000        0.000     2943.040        0.000
   160:        0.000        0.000        0.000        0.000        0.000
   165:        0.000        0.000        0.000        0.000        0.000
   170:        0.000        0.000        0.000        0.000        0.000
   175:        0.000        0.000        0.000        0.000        0.000
   180:        0.000        0.000        0.000        0.000        0.000
   185:        0.000        0.000        0.000        0.000        0.000
   190:        0.000        0.000        0.000        0.000        0.000
   195:        0.000        0.000        0.000        0.000        0.000
   200:        0.000        0.000        0.000        0.000        0.000
   205:        0.000        0.000        0.000        0.000        0.000
   210:        0.000        0.000        0.000     4303.960        0.000
   215:        0.000        0.000        0.000        0.000     4452.610
   220:     4477.420
D:
     0:        0.000        0.830        0.740        0.750        0.710
     5:        0.630        0.580        0.600        1.110        0.780
    10:        1.020        0.760       10.150        1.050        0.660
    15:        0.780        1.170        0.990        0.850        1.170
    20:        0.780        0.660        1.070        0.710        0.980
    25:        0.910        0.760        0.650        0.790        0.820
    30:        0.700        0.860        0.990        0.650        0.670
    35:        0.000        0.760        0.650        0.790        0.780
    40:        0.870        0.810        1.010        0.720        0.730
    45:        1.020        0.750        0.820        0.760        0.620
    50:        0.770        0.910        0.750        0.630        0.000
    55:        1.380        0.990        2.040        1.120        1.700
    60:        1.980        0.950        0.980        1.180        1.260
    65:        0.860        0.810        0.810        1.430        0.800
    70:        0.930        0.890        1.220        1.170        3.200
    75:        1.130        2.420        1.470        0.970        1.030
    80:        0.900        0.730        0.780        1.050        1.110
    85:        1.340        1.210        0.870        1.340        1.200
    90:        0.000        0.000        0.000        0.000        0.000
    95:        0.000        2.140        1.280        1.120        1.030
   100:        1.090        1.640        1.370        0.000        0.000
   105:        0.000        0.000        0.000        0.000        1.430
   110:        1.110        1.150        1.030        0.000        0.000
   115:        0.000        0.000        0.000        0.000        0.000
   120:        0.000        0.000        0.000        0.000        0.000
   125:        0.000        0.000        0.000        0.000        0.000
   130:        0.000        0.000        0.000        0.000        0.910
   135:        0.000        0.000        0.000        0.000        1.290
   140:        0.000        0.000        0.000        0.000        0.000
   145:        0.000        0.000        0.000        0.000        0.000
   150:        0.000        1.070        1.120        1.090        0.000
   155:        1.270        0.000        0.000        1.360        0.000
   160:        0.000        0.000        0.000        0.000        0.000
   165:        0.000        0.000        0.000        0.000        0.000
   170:        0.000        0.000        0.000        0.000        0.000
   175:        0.000        0.000        0.000        0.000        0.000
   180:        0.000        0.000        0.000        0.000        0.000
   185:        0.000        0.000        0.000        0.000        0.000
   190:        0.000        0.000        0.000        0.000        0.000
   195:        0.000        0.000        0.000        0.000        0.000
   200:        0.000        0.000        0.000        0.000        0.000
   205:        0.000        0.000        0.000        0.000        0.000
   210:        0.000        0.000        0.000        1.060        0.000
   215:        0.000        0.000        0.000        0.000        1.040
   220:        1.150
E:
     0:        0.000       13.970       30.300       38.210       48.900
     5:       58.600       69.870       78.180      104.470      121.760
    10:      139.390      149.540      165.900      205.420      222.810
    15:      230.790      239.270      259.590      278.450      297.290
    20:      308.610      323.130      340.770      349.360      368.070
    25:      388.520      397.280      406.450      423.460      432.180
    30:      440.150      461.230      478.850      498.830      507.410
    35:        0.000      551.400      570.940      578.250      595.790
    40:      604.740      623.150      643.170      662.780      673.950
    45:      684.330      693.150      711.060      724.990      742.890
    50:      760.450      782.960      791.740      804.020        0.000
    55:      860.790      869.750      881.120      900.970      919.470
    60:      930.410      950.780      959.600      967.430      984.940
    65:      995.520     1014.350     1033.580     1043.160     1050.600
    70:     1068.540     1076.810     1099.930     1109.870     1128.480
    75:     1152.800     1162.990     1174.930     1184.500     1202.390
    80:     1211.870     1223.980     1241.790     1259.930     1268.610
    85:     1291.440     1300.960     1325.150     1333.830     1342.550
    90:        0.000        0.000        0.000        0.000        0.000
    95:        0.000     1519.120     1529.090     1537.170     1546.470
   100:     1565.060     1585.990     1614.920        0.000        0.000
   105:        0.000        0.000        0.000        0.000     1794.030
   110:     1803.760     1812.810     1845.100        0.000        0.000
   115:        0.000        0.000        0.000        0.000        0.000
   120:        0.000        0.000        0.000        0.000        0.000
   125:        0.000        0.000        0.000        0.000        0.000
   130:        0.000        0.000        0.000        0.000     2394.040
   135:     2402.980     2428.950        0.000        0.000     2497.280
   140:        0.000        0.000        0.000        0.000        0.000
   145:        0.000        0.000        0.000        0.000        0.000
   150:        0.000     2782.780     2801.740     2812.190        0.000
   155:     2857.630        0.000        0.000     2941.680        0.000
   160:        0.000        0.000        0.000        0.000        0.000
   165:        0.000        0.000        0.000        0.000        0.000
   170:        0.000        0.000        0.000        0.000        0.000
   175:        0.000        0.000        0.000        0.000        0.000
   180:        0.000        0.000        0.000        0.000        0.000
   185:        0.000        0.000        0.000        0.000        0.000
   190:        0.000        0.000        0.000        0.000        0.000
   195:        0.000        0.000        0.000        0.000        0.000
   200:        0.000        0.000        0.000        0.000        0.000
   205:        0.000        0.000        0.000        0.000        0.000
   210:        0.000        0.000        0.000     4302.900        0.000
   215:        0.000        0.000        0.000        0.000     4451.570
   220:     4476.270
F:
     0:        0.000        2.000        1.000        3.000        4.000
     5:        3.000        1.000        4.000        3.000        1.000
    10:        2.000        4.000        4.000        2.000        3.000
    15:        1.000        3.000        1.000        2.000        4.000
    20:        1.000        2.000        3.000        4.000        4.000
    25:        3.000        1.000        2.000        3.000        1.000
    30:        2.000        4.000        4.000        3.000        1.000
    35:        0.000        2.000        3.000        2.000        1.000
    40:        4.000        4.000        2.000        3.000        1.000
    45:        3.000        4.000        1.000        2.000        4.000
    50:        2.000        1.000        3.000        4.000        0.000
    55:        2.000        1.000        3.000        4.000        1.000
    60:        2.000        3.000        1.000        2.000        3.000
    65:        4.000        4.000        3.000        1.000        2.000
    70:        3.000        2.000        1.000        4.000        2.000
    75:        3.000        4.000        1.000        4.000        1.000
    80:        3.000        2.000        4.000        1.000        2.000
    85:        3.000        4.000        1.000        3.000        2.000
    90:        0.000        0.000        0.000        0.000        0.000
    95:        0.000        4.000        3.000        1.000        2.000
   100:        4.000        3.000        2.000        0.000        0.000
   105:        0.000        0.000        0.000        0.000        1.000
   110:        3.000        4.000        2.000        0.000        0.000
   115:        0.000        0.000        0.000        0.000        0.000
   120:        0.000        0.000        0.000        0.000        0.000
   125:        0.000        0.000        0.000        0.000        0.000
   130:        0.000        0.000        0.000        0.000        1.000
   135:        3.000        2.000        0.000        0.000        1.000
   140:        0.000        0.000        0.000        0.000        0.000
   145:        0.000        0.000        0.000        0.000        0.000
   150:        0.000        4.000        2.000        4.000        0.000
   155:        3.000        0.000        0.000        1.000        0.000
   160:        0.000        0.000        0.000        0.000        0.000
   165:        0.000        0.000        0.000        0.000        0.000
   170:        0.000        0.000        0.000        0.000        0.000
   175:        0.000        0.000        0.000        0.000        0.000
   180:        0.000        0.000        0.000        0.000        0.000
   185:        0.000        0.000        0.000        0.000        0.000
   190:        0.000        0.000        0.000        0.000        0.000
   195:        0.000        0.000        0.000        0.000        0.000
   200:        0.000        0.000        0.000        0.000        0.000
   205:        0.000        0.000        0.000        0.000        0.000
   210:        0.000        0.000        0.000        3.000        0.000
   215:        0.000        0.000        0.000        0.000        2.000
   220:        4.000
G:
     0:       57.000        6.000       51.000
H:
     0:        0.000        1.000        1.000        1.000        1.000
     5:        1.000        1.000        1.000        4.000        4.000
    10:        3.000        4.000        4.000        4.000        3.000
    15:        3.000        4.000        4.000        4.000        3.000
    20:        3.000        4.000        3.000        4.000        4.000
    25:        3.000        3.000        4.000        3.000        3.000
    30:        4.000        4.000        4.000        3.000        3.000
    35:        0.000        4.000        3.000        4.000        3.000
    40:        4.000        4.000        4.000        3.000        3.000
    45:        3.000        4.000        3.000        4.000        4.000
    50:        4.000        3.000        3.000        4.000        0.000
    55:        3.000        3.000        4.000        4.000        3.000
    60:        4.000        3.000        3.000        4.000        3.000
    65:        4.000        4.000        3.000        3.000        4.000
    70:        3.000        4.000        3.000        4.000        4.000
    75:        3.000        3.000        3.000        4.000        3.000
    80:        3.000        4.000        4.000        3.000        4.000
    85:        3.000        4.000        3.000        3.000        4.000
    90:        0.000        0.000        0.000        0.000        0.000
    95:        0.000        3.000        3.000        3.000        4.000
   100:        4.000        4.000        4.000        0.000        0.000
   105:        0.000        0.000        0.000        0.000        3.000
   110:        3.000        4.000        4.000        0.000        0.000
   115:        0.000        0.000        0.000        0.000        0.000
   120:        0.000        0.000        0.000        0.000        0.000
   125:        0.000        0.000        0.000        0.000        0.000
   130:        0.000        0.000        0.000        0.000        3.000
   135:        0.000        0.000        0.000        0.000        3.000
   140:        0.000        0.000        0.000        0.000        0.000
   145:        0.000        0.000        0.000        0.000        0.000
   150:        0.000        4.000        3.000        4.000        0.000
   155:        4.000        0.000        0.000        3.000        0.000
   160:        0.000        0.000        0.000        0.000        0.000
   165:        0.000        0.000        0.000        0.000        0.000
   170:        0.000        0.000        0.000        0.000        0.000
   175:        0.000        0.000        0.000        0.000        0.000
   180:        0.000        0.000        0.000        0.000        0.000
   185:        0.000        0.000        0.000        0.000        0.000
   190:        0.000        0.000        0.000        0.000        0.000
   195:        0.000        0.000        0.000        0.000        0.000
   200:        0.000        0.000        0.000        0.000        0.000
   205:        0.000        0.000        0.000        0.000        0.000
   210:        0.000        0.000        0.000        3.000        0.000
   215:        0.000        0.000        0.000        0.000        4.000
   220:        4.000
J:
     0:        0.000        0.000        0.000        0.000        0.000
     5:        0.000        0.000        0.000        0.000        0.000
    10:        1.000        1.000        1.000        1.000        0.000
    15:        0.000        0.000        0.000        1.000        1.000
    20:        0.000        1.000        0.000        1.000        1.000
    25:        0.000        0.000        1.000        0.000        0.000
    30:        1.000        1.000        1.000        0.000        0.000
    35:        0.000        1.000        0.000        1.000        0.000
    40:        1.000        1.000        1.000        0.000        0.000
    45:        0.000        1.000        0.000        1.000        1.000
    50:        1.000        0.000        0.000        1.000        0.000
    55:        1.000        0.000        0.000        1.000        0.000
    60:        1.000        0.000        0.000        1.000        0.000
    65:        1.000        1.000        0.000        0.000        1.000
    70:        0.000        1.000        0.000        1.000        1.000
    75:        0.000        1.000        0.000        1.000        0.000
    80:        0.000        1.000        1.000        0.000        1.000
    85:        0.000        1.000        0.000        0.000        1.000
    90:        0.000        0.000        0.000        0.000        0.000
    95:        0.000        1.000        0.000        0.000        1.000
   100:        1.000        0.000        1.000        0.000        0.000
   105:        0.000        0.000        0.000        0.000        0.000
   110:        0.000        1.000        1.000        0.000        0.000
   115:        0.000        0.000        0.000        0.000        0.000
   120:        0.000        0.000        0.000        0.000        0.000
   125:        0.000        0.000        0.000        0.000        0.000
   130:        0.000        0.000        0.000        0.000        0.000
   135:        0.000        1.000        0.000        0.000        0.000
   140:        0.000        0.000        0.000        0.000        0.000
   145:        0.000        0.000        0.000        0.000        0.000
   150:        0.000        1.000        1.000        1.000        0.000
   155:        0.000        0.000        0.000        0.000        0.000
   160:        0.000        0.000        0.000        0.000        0.000
   165:        0.000        0.000        0.000        0.000        0.000
   170:        0.000        0.000        0.000        0.000        0.000
   175:        0.000        0.000        0.000        0.000        0.000
   180:        0.000        0.000        0.000        0.000        0.000
   185:        0.000        0.000        0.000        0.000        0.000
   190:        0.000        0.000        0.000        0.000        0.000
   195:        0.000        0.000        0.000        0.000        0.000
   200:        0.000        0.000        0.000        0.000        0.000
   205:        0.000        0.000        0.000        0.000        0.000
   210:        0.000        0.000        0.000        0.000        0.000
   215:        0.000        0.000        0.000        0.000        1.000
   220:        1.000
K:
     0:        0.000        2.000        2.000        2.000        2.000
     5:        2.000        2.000        2.000        1.000        1.000
    10:        2.000        1.000        1.000        1.000        2.000
    15:        2.000        1.000        1.000        1.000        2.000
    20:        2.000        1.000        2.000        1.000        1.000
    25:        2.000        2.000        1.000        2.000        2.000
    30:        1.000        1.000        1.000        2.000        2.000
    35:        0.000        1.000        2.000        1.000        2.000
    40:        1.000        1.000        1.000        2.000        2.000
    45:        2.000        1.000        2.000        1.000        1.000
    50:        1.000        2.000        2.000        1.000        0.000
    55:        2.000        2.000        1.000        1.000        2.000
    60:        1.000        2.000        2.000        1.000        2.000
    65:        1.000        1.000        2.000        2.000        1.000
    70:        2.000        1.000        2.000        1.000        1.000
    75:        2.000        2.000        2.000        1.000        2.000
    80:        2.000        1.000        1.000        2.000        1.000
    85:        2.000        1.000        2.000        2.000        1.000
    90:        0.000        0.000        0.000        0.000        0.000
    95:        0.000        2.000        2.000        2.000        1.000
   100:        1.000        1.000        1.000        0.000        0.000
   105:        0.000        0.000        0.000        0.000        2.000
   110:        2.000        1.000        1.000        0.000        0.000
   115:        0.000        0.000        0.000        0.000        0.000
   120:        0.000        0.000        0.000        0.000        0.000
   125:        0.000        0.000        0.000        0.000        0.000
   130:        0.000        0.000        0.000        0.000        2.000
   135:        0.000        0.000        0.000        0.000        2.000
   140:        0.000        0.000        0.000        0.000        0.000
   145:        0.000        0.000        0.000        0.000        0.000
   150:        0.000        1.000        2.000        1.000        0.000
   155:        1.000        0.000        0.000        2.000        0.000
   160:        0.000        0.000        0.000        0.000        0.000
   165:        0.000        0.000        0.000        0.000        0.000
   170:        0.000        0.000        0.000        0.000        0.000
   175:        0.000        0.000        0.000        0.000        0.000
   180:        0.000        0.000        0.000        0.000        0.000
   185:        0.000        0.000        0.000        0.000        0.000
   190:        0.000        0.000        0.000        0.000        0.000
   195:        0.000        0.000        0.000        0.000        0.000
   200:        0.000        0.000        0.000        0.000        0.000
   205:        0.000        0.000        0.000        0.000        0.000
   210:        0.000        0.000        0.000        2.000        0.000
   215:        0.000        0.000        0.000        0.000        1.000
   220:        1.000
L:
     0:        0.000        1.000        1.000        4.000        4.000
     5:        4.000        1.000        4.000        3.000        5.000
    10:        5.000        3.000        3.000        5.000        3.000
    15:        5.000        3.000        5.000        5.000        3.000
    20:        5.000        5.000        3.000        3.000        3.000
    25:        3.000        5.000        5.000        3.000        5.000
    30:        5.000        3.000        3.000        3.000        5.000
    35:        0.000        5.000        3.000        5.000        5.000
    40:        3.000        3.000        5.000        3.000        5.000
    45:        3.000        3.000        5.000        5.000        3.000
    50:        5.000        5.000        3.000        3.000        0.000
    55:        5.000        5.000        3.000        3.000        5.000
    60:        5.000        3.000        5.000        5.000        3.000
    65:        3.000        3.000        3.000        5.000        5.000
    70:        3.000        5.000        5.000        3.000        5.000
    75:        3.000        3.000        5.000        3.000        5.000
    80:        3.000        5.000        3.000        5.000        5.000
    85:        3.000        3.000        5.000        3.000        5.000
    90:        0.000        0.000        0.000        0.000        0.000
    95:        0.000        3.000        3.000        5.000        5.000
   100:        3.000        3.000        5.000        0.000        0.000
   105:        0.000        0.000        0.000        0.000        5.000
   110:        3.000        3.000        5.000        0.000        0.000
   115:        0.000        0.000        0.000        0.000        0.000
   120:        0.000        0.000        0.000        0.000        0.000
   125:        0.000        0.000        0.000        0.000        0.000
   130:        0.000        0.000        0.000        0.000        5.000
   135:        3.000        5.000        0.000        0.000        5.000
   140:        0.000        0.000        0.000        0.000        0.000
   145:        0.000        0.000        0.000        0.000        0.000
   150:        0.000        3.000        5.000        3.000        0.000
   155:        3.000        0.000        0.000        5.000        0.000
   160:        0.000        0.000        0.000        0.000        0.000
   165:        0.000        0.000        0.000        0.000        0.000
   170:        0.000        0.000        0.000        0.000        0.000
   175:        0.000        0.000        0.000        0.000        0.000
   180:        0.000        0.000        0.000        0.000        0.000
   185:        0.000        0.000        0.000        0.000        0.000
   190:        0.000        0.000        0.000        0.000        0.000
   195:        0.000        0.000        0.000        0.000        0.000
   200:        0.000        0.000        0.000        0.000        0.000
   205:        0.000        0.000        0.000        0.000        0.000
   210:        0.000        0.000        0.000        3.000        0.000
   215:        0.000        0.000        0.000        0.000        5.000
   220:        3.000
M:
     0:        2.000        0.000        0.000
O:
     0:        0.000        1.000        1.000        1.000        1.000
     5:        1.000        1.000        1.000        1.000        1.000
    10:        0.000        0.000        0.000        0.000        1.000
    15:        1.000        1.000        1.000        0.000        0.000
    20:        1.000        0.000        1.000        0.000        0.000
    25:        1.000        1.000        0.000        1.000        1.000
    30:        0.000        0.000        0.000        1.000        1.000
    35:        0.000        0.000        1.000        0.000        1.000
    40:        0.000        0.000        0.000        1.000        1.000
    45:        1.000        0.000        1.000        0.000        0.000
    50:        0.000        1.000        1.000        0.000        0.000
    55:        0.000        1.000        1.000        0.000        1.000
    60:        0.000        1.000        1.000        0.000        1.000
    65:        0.000        0.000        1.000        1.000        0.000
    70:        1.000        0.000        1.000        0.000        0.000
    75:        1.000        0.000        1.000        0.000        1.000
    80:        1.000        0.000        0.000        1.000        0.000
    85:        1.000        0.000        1.000        1.000        0.000
    90:        0.000        0.000        0.000        0.000        0.000
    95:        0.000        0.000        1.000        1.000        0.000
   100:        0.000        1.000        0.000        0.000        0.000
   105:        0.000        0.000        0.000        0.000        1.000
   110:        1.000        0.000        0.000        0.000        0.000
   115:        0.000        0.000        0.000        0.000        0.000
   120:        0.000        0.000        0.000        0.000        0.000
   125:        0.000        0.000        0.000        0.000        0.000
   130:        0.000        0.000        0.000        0.000        1.000
   135:        1.000        0.000        0.000        0.000        1.000
   140:        0.000        0.000        0.000        0.000        0.000
   145:        0.000        0.000        0.000        0.000        0.000
   150:        0.000        0.000        0.000        0.000        0.000
   155:        1.000        0.000        0.000        1.000        0.000
   160:        0.000        0.000        0.000        0.000        0.000
   165:        0.000        0.000        0.000        0.000        0.000
   170:        0.000        0.000        0.000        0.000        0.000
   175:        0.000        0.000        0.000        0.000        0.000
   180:        0.000        0.000        0.000        0.000        0.000
   185:        0.000        0.000        0.000        0.000        0.000
   190:        0.000        0.000        0.000        0.000        0.000
   195:        0.000        0.000        0.000        0.000        0.000
   200:        0.000        0.000        0.000        0.000        0.000
   205:        0.000        0.000        0.000        0.000        0.000
   210:        0.000        0.000        0.000        1.000        0.000
   215:        0.000        0.000        0.000        0.000        0.000
   220:        0.000
P:
     0:        2.000      144.000       95.000        0.000        2.000
     5:        4.000        4.000        2.000        4.000        4.000
    10:        2.000        6.000        6.000        0.000        0.000
    15:        0.000        0.000        0.000        0.000        0.000
    20:        0.000        0.000        0.000        0.000        0.000
    25:        0.000        0.000        0.000        0.000        0.000
    30:        0.000        0.000        0.000        0.000        0.000
    35:        0.000        0.000        0.000        0.000        0.000
    40:        0.000        0.000        0.000        0.000        0.000
    45:        0.000        0.000        0.000        0.000        0.000
    50:        0.000        0.000        0.000        0.000        0.000
    55:        0.000        0.000        0.000        0.000        0.000
    60:        0.000        0.000        0.000        0.000        0.000
    65:        0.000        0.000        0.000        0.000        0.000
    70:        0.000        0.000        0.000        0.000        0.000
    75:        0.000        0.000        0.000        0.000        0.000
    80:        0.000        0.000        0.000        0.000        0.000
    85:        0.000        0.000        0.000        0.000        0.000
    90:        0.000        0.000        0.000        0.000        0.000
    95:        0.000        0.000        0.000        0.000        0.000
   100:        0.000        0.000        0.000        0.000        0.000
   105:        0.000        0.000        0.000        0.000        0.000
   110:        0.000        0.000        0.000        0.000        0.000
   115:        0.000        0.000        0.000        0.000        0.000
   120:        0.000        0.000        0.000        0.000        0.000
   125:        0.000        0.000        0.000        0.000        0.000
   130:        0.000        0.000        0.000        0.000        0.000
   135:        0.000        0.000        0.000        0.000        0.000
   140:        0.000        0.000        0.000        0.000        0.000
   145:        0.000        0.000        0.000        0.000        0.000
   150:        0.000        0.000        0.000        0.000        0.000
   155:        0.000        0.000        0.000        0.000        0.000
   160:        0.000        0.000        0.000        0.000        0.000
   165:        0.000        0.000        0.000        0.000        0.000
   170:        0.000        0.000        0.000        0.000        0.000
   175:        0.000        0.000        0.000        0.000        0.000
   180:        0.000        0.000        0.000        0.000        0.000
   185:        0.000        0.000        0.000        0.000        0.000
   190:        0.000        0.000        0.000        0.000        0.000
   195:        0.000        0.000        0.000        0.000        0.000
   200:        0.000        0.000        0.000        0.000        0.000
   205:        0.000        0.000        0.000        0.000        0.000
   210:        0.000        0.000        0.000        0.000        0.000
   215:        0.000        0.000        0.000        0.000        0.000
   220:        0.000
Q:
     0:        0.000      213.000      198.000
S:
     0:        0.000        2.000        4.000        4.000        2.000
     5:        4.000        4.000        2.000        6.000        6.000
    10:        1.000        1.000        1.000        1.000        6.000
    15:        6.000        6.000        6.000        1.000        1.000
    20:        6.000        1.000        6.000        1.000        1.000
    25:        6.000        6.000        1.000        6.000        6.000
    30:        1.000        1.000        1.000        6.000        6.000
    35:        0.000        1.000        6.000        1.000        6.000
    40:        1.000        1.000        1.000        6.000        6.000
    45:        6.000        1.000        6.000        1.000        1.000
    50:        1.000        6.000        6.000        1.000        0.000
    55:        1.000        6.000        6.000        1.000        6.000
    60:        1.000        6.000        6.000        1.000        6.000
    65:        1.000        1.000        6.000        6.000        1.000
    70:        6.000        1.000        6.000        1.000        1.000
    75:        6.000        1.000        6.000        1.000        6.000
    80:        6.000        1.000        1.000        6.000        1.000
    85:        6.000        1.000        6.000        6.000        1.000
    90:        0.000        0.000        0.000        0.000        0.000
    95:        0.000        1.000        6.000        6.000        1.000
   100:        1.000        6.000        1.000        0.000        0.000
   105:        0.000        0.000        0.000        0.000        6.000
   110:        6.000        1.000        1.000        0.000        0.000
   115:        0.000        0.000        0.000        0.000        0.000
   120:        0.000        0.000        0.000        0.000        0.000
   125:        0.000        0.000        0.000        0.000        0.000
   130:        0.000        0.000        0.000        0.000        6.000
   135:        6.000        1.000        0.000        0.000        6.000
   140:        0.000        0.000        0.000        0.000        0.000
   145:        0.000        0.000        0.000        0.000        0.000
   150:        0.000        1.000        1.000        1.000        0.000
   155:        6.000        0.000        0.000        6.000        0.000
   160:        0.000        0.000        0.000        0.000        0.000
   165:        0.000        0.000        0.000        0.000        0.000
   170:        0.000        0.000        0.000        0.000        0.000
   175:        0.000        0.000        0.000        0.000        0.000
   180:        0.000        0.000        0.000        0.000        0.000
   185:        0.000        0.000        0.000        0.000        0.000
   190:        0.000        0.000        0.000        0.000        0.000
   195:        0.000        0.000        0.000        0.000        0.000
   200:        0.000        0.000        0.000        0.000        0.000
   205:        0.000        0.000        0.000        0.000        0.000
   210:        0.000        0.000        0.000        6.000        0.000
   215:        0.000        0.000        0.000        0.000        1.000
   220:        1.000
W:
     0:       52.000       45.000        7.000
X:
     0:        3.000        4.000        5.000        6.000        7.000
     5:        8.000
Y:
     0:        9.000       10.000       11.000       12.000       13.000
     5:       14.000
Z:
     0:        1.000        2.000        3.000        4.000
