File: C:\MED-PC\Data\2023-08-31_09h18m_Subject 137.txt


Start Date: 08/31/23
End Date: 08/31/23
Subject: 137
Experiment: 0
Group: 0
Box: 2
Start Time: 09:18:19
End Time: 10:54:08
MSN: CF_SetShiftingV1-1
I:     158.000
M:       0.000
N:      13.000
R:       1.000
T:    4500.000
V:       6.000
A:
     0:        5.000        9.000        6.000       10.000       14.000
     5:        8.000     4500.000
B:
     0:        3.000        5.000        7.000
C:
     0:        0.000       17.050       45.500       59.040        0.000
     5:        0.000      122.060      148.320        0.000      183.150
    10:      208.700      222.980      239.970      256.920      283.080
    15:      291.360      300.520      319.730      328.290      345.210
    20:      353.870      367.890        0.000        0.000      426.110
    25:      459.430      477.860      498.060      517.980      534.760
    30:      541.970      561.530      576.200      585.550      599.990
    35:      613.870      627.250      645.420        0.000      679.850
    40:      686.850      710.820      719.680      728.420      744.550
    45:      759.090      776.550      796.540      813.130      824.000
    50:      846.870      861.760      874.010      907.080      927.470
    55:      945.150      952.440      973.250      984.120      994.000
    60:     1004.570     1023.500     1041.440     1063.290     1080.830
    65:     1100.900     1123.560     1140.770     1159.490     1167.200
    70:     1175.370     1193.800     1211.500     1239.420     1247.940
    75:     1260.000     1277.480     1285.120     1303.880     1323.310
    80:     1334.410     1355.850     1363.130     1375.390     1384.290
    85:     1396.930     1404.820     1423.970     1444.020     1453.750
    90:     1471.620     1482.230     1499.580     1516.950     1526.490
    95:     1533.540     1555.520     1577.370     1589.630     1599.930
   100:     1610.230     1628.440     1646.660     1659.730     1675.860
   105:     1693.580     1702.080     1722.480     1739.270     1748.270
   110:     1765.440     1784.340     1801.890     1813.250     1820.590
   115:        0.000     1854.270     1862.570     1879.990     1889.720
   120:     1897.940     1906.630        0.000        0.000     1975.000
   125:     1987.550     1995.170     2016.540     2023.270     2038.700
   130:     2056.510     2075.200     2086.800     2097.160     2121.610
   135:     2131.320        0.000        0.000     2205.940        0.000
   140:        0.000     2281.250     2303.600     2320.030     2328.380
   145:     2336.420     2353.460     2376.060     2392.860     2405.630
   150:     2428.970     2438.740     2455.520     2468.020     2480.310
   155:     2490.790     2507.560     2517.320
D:
     0:        0.000        0.680        0.690        1.100        0.000
     5:        0.000        0.720        1.030        0.000        0.990
    10:        0.690        0.730        0.980        0.700        0.690
    15:        0.680        0.670        1.220        0.680        0.750
    20:        0.760        0.770        0.000        0.000        0.860
    25:        0.760        0.710        0.660        0.710        0.650
    30:        0.780        0.780        0.720        0.740        0.750
    35:        0.750        0.930        0.920        0.000        0.980
    40:        0.690        1.120        0.770        0.840        0.950
    45:        0.770        0.820        0.750        0.690        1.250
    50:        0.940        0.690        0.940        0.820        1.120
    55:        0.770        0.830        0.720        0.870        0.700
    60:        0.810        0.950        0.620        0.740        0.780
    65:        0.690        0.610        1.030        0.740        0.670
    70:        0.740        0.640        0.860        1.270        0.740
    75:        0.760        0.730        0.850        1.030        0.710
    80:        0.700        0.750        0.760        0.770        0.750
    85:        0.800        0.760        0.830        1.090        0.670
    90:        0.650        0.730        0.750        0.690        0.760
    95:        0.730        0.820        0.780        0.760        0.810
   100:        0.880        0.970        0.650        0.670        0.770
   105:        0.730        0.690        0.620        0.640        0.750
   110:        0.950        0.610        0.630        0.760        0.650
   115:        0.000        1.020        0.720        0.800        0.830
   120:        0.740        0.760        0.000        0.000        0.970
   125:        0.880        0.740        0.620        0.700        0.620
   130:        0.730        0.670        0.700        1.160        1.360
   135:        0.660        0.000        0.000        0.760        0.000
   140:        0.000        0.630        0.640        0.680        0.710
   145:        0.600        0.620        1.260        0.730        0.740
   150:        0.640        0.650        0.730        0.760        0.580
   155:        1.330        0.590        1.140
E:
     0:        0.000       16.370       44.810       57.940        0.000
     5:        0.000      121.340      147.290        0.000      182.160
    10:      208.010      222.250      238.990      256.220      282.390
    15:      290.680      299.850      318.510      327.610      344.460
    20:      353.110      367.120        0.000        0.000      425.250
    25:      458.670      477.150      497.400      517.270      534.110
    30:      541.190      560.750      575.480      584.810      599.240
    35:      613.120      626.320      644.500        0.000      678.870
    40:      686.160      709.700      718.910      727.580      743.600
    45:      758.320      775.730      795.790      812.440      822.750
    50:      845.930      861.070      873.070      906.260      926.350
    55:      944.380      951.610      972.530      983.250      993.300
    60:     1003.760     1022.550     1040.820     1062.550     1080.050
    65:     1100.210     1122.950     1139.740     1158.750     1166.530
    70:     1174.630     1193.160     1210.640     1238.150     1247.200
    75:     1259.240     1276.750     1284.270     1302.850     1322.600
    80:     1333.710     1355.100     1362.370     1374.620     1383.540
    85:     1396.130     1404.060     1423.140     1442.930     1453.080
    90:     1470.970     1481.500     1498.830     1516.260     1525.730
    95:     1532.810     1554.700     1576.590     1588.870     1599.120
   100:     1609.350     1627.470     1646.010     1659.060     1675.090
   105:     1692.850     1701.390     1721.860     1738.630     1747.520
   110:     1764.490     1783.730     1801.260     1812.490     1819.940
   115:        0.000     1853.250     1861.850     1879.190     1888.890
   120:     1897.200     1905.870        0.000        0.000     1974.030
   125:     1986.670     1994.430     2015.920     2022.570     2038.080
   130:     2055.780     2074.530     2086.100     2096.000     2120.250
   135:     2130.660        0.000        0.000     2205.180        0.000
   140:        0.000     2280.620     2302.960     2319.350     2327.670
   145:     2335.820     2352.840     2374.800     2392.130     2404.890
   150:     2428.330     2438.090     2454.790     2467.260     2479.730
   155:     2489.460     2506.970     2516.180
F:
     0:        0.000        3.000        2.000        4.000        0.000
     5:        0.000        1.000        1.000        0.000        4.000
    10:        2.000        3.000        1.000        2.000        4.000
    15:        3.000        3.000        2.000        4.000        1.000
    20:        2.000        4.000        0.000        0.000        1.000
    25:        3.000        3.000        1.000        2.000        4.000
    30:        3.000        4.000        1.000        2.000        4.000
    35:        3.000        1.000        2.000        0.000        3.000
    40:        1.000        4.000        2.000        2.000        4.000
    45:        3.000        1.000        1.000        4.000        3.000
    50:        2.000        3.000        2.000        4.000        1.000
    55:        2.000        1.000        3.000        4.000        4.000
    60:        2.000        1.000        3.000        2.000        4.000
    65:        1.000        3.000        4.000        3.000        2.000
    70:        1.000        3.000        2.000        4.000        1.000
    75:        1.000        3.000        4.000        2.000        2.000
    80:        3.000        4.000        1.000        2.000        3.000
    85:        1.000        4.000        1.000        2.000        3.000
    90:        4.000        3.000        1.000        2.000        4.000
    95:        3.000        2.000        1.000        4.000        4.000
   100:        3.000        1.000        2.000        2.000        1.000
   105:        4.000        3.000        4.000        2.000        1.000
   110:        3.000        3.000        4.000        2.000        1.000
   115:        0.000        1.000        3.000        2.000        4.000
   120:        3.000        1.000        0.000        0.000        2.000
   125:        4.000        4.000        2.000        1.000        3.000
   130:        1.000        4.000        2.000        3.000        1.000
   135:        4.000        0.000        0.000        3.000        0.000
   140:        0.000        2.000        1.000        3.000        2.000
   145:        4.000        4.000        3.000        2.000        1.000
   150:        4.000        1.000        2.000        3.000        3.000
   155:        1.000        4.000        2.000
G:
     0:       83.000       27.000       56.000
H:
     0:        0.000        2.000        1.000        1.000        0.000
     5:        0.000        2.000        1.000        0.000        2.000
    10:        1.000        2.000        1.000        1.000        1.000
    15:        1.000        2.000        1.000        4.000        3.000
    20:        3.000        3.000        0.000        0.000        4.000
    25:        4.000        4.000        4.000        4.000        3.000
    30:        3.000        3.000        3.000        3.000        3.000
    35:        5.000        6.000        5.000        0.000        5.000
    40:        5.000        5.000        5.000        6.000        5.000
    45:        6.000        6.000        6.000        5.000        5.000
    50:        5.000        5.000        6.000        5.000        6.000
    55:        5.000        8.000        7.000        7.000        7.000
    60:        8.000        8.000        8.000        8.000        8.000
    65:        8.000        8.000        7.000        7.000        7.000
    70:        8.000        8.000        8.000        7.000        7.000
    75:        8.000        7.000        8.000        8.000        7.000
    80:        8.000        7.000        7.000        7.000        7.000
    85:        7.000        9.000       10.000        9.000       10.000
    90:        9.000       10.000       10.000        9.000        9.000
    95:        9.000        9.000        9.000       11.000       11.000
   100:       12.000       12.000       11.000       12.000       12.000
   105:       11.000       12.000       12.000       11.000       12.000
   110:       12.000       12.000       11.000       11.000       11.000
   115:        0.000       11.000       12.000       11.000       11.000
   120:       11.000       12.000        0.000        0.000       11.000
   125:       11.000       12.000       11.000       11.000       12.000
   130:       12.000       11.000       11.000       12.000       11.000
   135:       12.000        0.000        0.000       12.000        0.000
   140:        0.000       11.000       12.000       11.000       11.000
   145:       12.000       12.000       12.000       11.000       12.000
   150:       11.000       12.000       11.000       11.000       11.000
   155:       12.000       11.000       11.000
J:
     0:        0.000        1.000        0.000        0.000        0.000
     5:        0.000        1.000        1.000        0.000        0.000
    10:        0.000        1.000        1.000        0.000        0.000
    15:        1.000        1.000        0.000        0.000        1.000
    20:        0.000        0.000        0.000        0.000        1.000
    25:        1.000        1.000        1.000        0.000        0.000
    30:        1.000        0.000        1.000        0.000        0.000
    35:        0.000        2.000        2.000        0.000        0.000
    40:        2.000        0.000        2.000        2.000        0.000
    45:        0.000        2.000        2.000        0.000        0.000
    50:        2.000        0.000        2.000        0.000        2.000
    55:        2.000        2.000        0.000        0.000        0.000
    60:        2.000        2.000        0.000        2.000        0.000
    65:        2.000        0.000        0.000        0.000        2.000
    70:        2.000        0.000        2.000        0.000        2.000
    75:        2.000        0.000        0.000        2.000        2.000
    80:        0.000        0.000        2.000        2.000        0.000
    85:        2.000        0.000        1.000        0.000        1.000
    90:        0.000        1.000        1.000        0.000        0.000
    95:        1.000        0.000        1.000        0.000        0.000
   100:        1.000        1.000        0.000        0.000        1.000
   105:        0.000        1.000        0.000        0.000        1.000
   110:        1.000        1.000        0.000        0.000        1.000
   115:        0.000        1.000        1.000        0.000        0.000
   120:        1.000        1.000        0.000        0.000        0.000
   125:        0.000        0.000        0.000        1.000        1.000
   130:        1.000        0.000        0.000        1.000        1.000
   135:        0.000        0.000        0.000        1.000        0.000
   140:        0.000        0.000        1.000        1.000        0.000
   145:        0.000        0.000        1.000        0.000        1.000
   150:        0.000        1.000        0.000        1.000        1.000
   155:        1.000        0.000        0.000
K:
     0:        0.000        1.000        2.000        2.000        0.000
     5:        0.000        1.000        2.000        0.000        1.000
    10:        2.000        1.000        2.000        2.000        2.000
    15:        2.000        1.000        2.000        1.000        2.000
    20:        2.000        2.000        0.000        0.000        1.000
    25:        1.000        1.000        1.000        1.000        2.000
    30:        2.000        2.000        2.000        2.000        2.000
    35:        2.000        1.000        2.000        0.000        2.000
    40:        2.000        2.000        2.000        1.000        2.000
    45:        1.000        1.000        1.000        2.000        2.000
    50:        2.000        2.000        1.000        2.000        1.000
    55:        2.000        1.000        2.000        2.000        2.000
    60:        1.000        1.000        1.000        1.000        1.000
    65:        1.000        1.000        2.000        2.000        2.000
    70:        1.000        1.000        1.000        2.000        2.000
    75:        1.000        2.000        1.000        1.000        2.000
    80:        1.000        2.000        2.000        2.000        2.000
    85:        2.000        2.000        1.000        2.000        1.000
    90:        2.000        1.000        1.000        2.000        2.000
    95:        2.000        2.000        2.000        2.000        2.000
   100:        1.000        1.000        2.000        1.000        1.000
   105:        2.000        1.000        1.000        2.000        1.000
   110:        1.000        1.000        2.000        2.000        2.000
   115:        0.000        2.000        1.000        2.000        2.000
   120:        2.000        1.000        0.000        0.000        2.000
   125:        2.000        1.000        2.000        2.000        1.000
   130:        1.000        2.000        2.000        1.000        2.000
   135:        1.000        0.000        0.000        1.000        0.000
   140:        0.000        2.000        1.000        2.000        2.000
   145:        1.000        1.000        1.000        2.000        1.000
   150:        2.000        1.000        2.000        2.000        2.000
   155:        1.000        2.000        2.000
L:
     0:        0.000        4.000        3.000        4.000        0.000
     5:        0.000        3.000        3.000        0.000        4.000
    10:        3.000        4.000        3.000        3.000        4.000
    15:        4.000        4.000        3.000        6.000        1.000
    20:        1.000        6.000        0.000        0.000        1.000
    25:        6.000        6.000        1.000        1.000        6.000
    30:        6.000        6.000        1.000        1.000        6.000
    35:        2.000        5.000        5.000        0.000        2.000
    40:        5.000        2.000        5.000        5.000        2.000
    45:        2.000        5.000        5.000        2.000        2.000
    50:        5.000        2.000        5.000        2.000        5.000
    55:        5.000        5.000        6.000        6.000        6.000
    60:        5.000        5.000        6.000        5.000        6.000
    65:        5.000        6.000        6.000        6.000        5.000
    70:        5.000        6.000        5.000        6.000        5.000
    75:        5.000        6.000        6.000        5.000        5.000
    80:        6.000        6.000        5.000        5.000        6.000
    85:        5.000        2.000        1.000        1.000        2.000
    90:        2.000        2.000        1.000        1.000        2.000
    95:        2.000        1.000        1.000        4.000        4.000
   100:        4.000        3.000        3.000        3.000        3.000
   105:        4.000        4.000        4.000        3.000        3.000
   110:        4.000        4.000        4.000        3.000        3.000
   115:        0.000        3.000        4.000        3.000        4.000
   120:        4.000        3.000        0.000        0.000        3.000
   125:        4.000        4.000        3.000        3.000        4.000
   130:        3.000        4.000        3.000        4.000        3.000
   135:        4.000        0.000        0.000        4.000        0.000
   140:        0.000        3.000        3.000        4.000        3.000
   145:        4.000        4.000        4.000        3.000        3.000
   150:        4.000        3.000        3.000        4.000        4.000
   155:        3.000        4.000        3.000
O:
     0:        0.000        0.000        1.000        1.000        0.000
     5:        0.000        0.000        0.000        0.000        1.000
    10:        1.000        0.000        0.000        1.000        1.000
    15:        0.000        0.000        1.000        1.000        0.000
    20:        1.000        1.000        0.000        0.000        0.000
    25:        0.000        0.000        0.000        1.000        1.000
    30:        0.000        1.000        0.000        1.000        1.000
    35:        2.000        0.000        0.000        0.000        2.000
    40:        0.000        2.000        0.000        0.000        2.000
    45:        2.000        0.000        0.000        2.000        2.000
    50:        0.000        2.000        0.000        2.000        0.000
    55:        0.000        0.000        2.000        2.000        2.000
    60:        0.000        0.000        2.000        0.000        2.000
    65:        0.000        2.000        2.000        2.000        0.000
    70:        0.000        2.000        0.000        2.000        0.000
    75:        0.000        2.000        2.000        0.000        0.000
    80:        2.000        2.000        0.000        0.000        2.000
    85:        0.000        1.000        0.000        1.000        0.000
    90:        1.000        0.000        0.000        1.000        1.000
    95:        0.000        1.000        0.000        1.000        1.000
   100:        0.000        0.000        1.000        1.000        0.000
   105:        1.000        0.000        1.000        1.000        0.000
   110:        0.000        0.000        1.000        1.000        0.000
   115:        0.000        0.000        0.000        1.000        1.000
   120:        0.000        0.000        0.000        0.000        1.000
   125:        1.000        1.000        1.000        0.000        0.000
   130:        0.000        1.000        1.000        0.000        0.000
   135:        1.000        0.000        0.000        0.000        0.000
   140:        0.000        1.000        0.000        0.000        1.000
   145:        1.000        1.000        0.000        1.000        0.000
   150:        1.000        0.000        1.000        0.000        0.000
   155:        0.000        1.000        1.000
P:
     0:        1.000
Q:
     0:       14.000      158.000      150.000
S:
     0:        0.000        5.000        2.000        2.000        0.000
     5:        0.000        5.000        5.000        0.000        2.000
    10:        2.000        5.000        5.000        2.000        2.000
    15:        5.000        5.000        2.000        6.000        3.000
    20:        6.000        6.000        0.000        0.000        3.000
    25:        3.000        3.000        3.000        6.000        6.000
    30:        3.000        6.000        3.000        6.000        6.000
    35:        1.000        1.000        4.000        0.000        1.000
    40:        1.000        4.000        4.000        4.000        4.000
    45:        1.000        1.000        1.000        4.000        1.000
    50:        4.000        1.000        4.000        4.000        1.000
    55:        4.000        5.000        5.000        2.000        2.000
    60:        2.000        5.000        5.000        2.000        2.000
    65:        5.000        5.000        2.000        5.000        2.000
    70:        5.000        5.000        2.000        2.000        5.000
    75:        5.000        5.000        2.000        2.000        2.000
    80:        5.000        2.000        5.000        2.000        5.000
    85:        5.000        4.000        3.000        4.000        3.000
    90:        4.000        3.000        3.000        4.000        4.000
    95:        3.000        4.000        3.000        6.000        6.000
   100:        1.000        1.000        6.000        6.000        1.000
   105:        6.000        1.000        6.000        6.000        1.000
   110:        1.000        1.000        6.000        6.000        1.000
   115:        0.000        1.000        1.000        6.000        6.000
   120:        1.000        1.000        0.000        0.000        6.000
   125:        6.000        6.000        6.000        1.000        1.000
   130:        1.000        6.000        6.000        1.000        1.000
   135:        6.000        0.000        0.000        1.000        0.000
   140:        0.000        6.000        1.000        1.000        6.000
   145:        6.000        6.000        1.000        6.000        1.000
   150:        6.000        1.000        6.000        1.000        1.000
   155:        1.000        6.000        6.000
U:
     0:        9.000       11.000       13.000
W:
     0:       62.000       46.000       16.000
X:
     0:        4.000        6.000        8.000
Y:
     0:       10.000       12.000       14.000
Z:
     0:        1.000        2.000        3.000        4.000
