File: C:\MED-PC\Data\2023-07-20_10h02m_Subject 139.txt


Start Date: 07/20/23
End Date: 07/20/23
Subject: 139
Experiment: 0
Group: 0
Box: 4
Start Time: 10:02:12
End Time: 11:35:54
MSN: CF-SetShifting07132023
I:     231.000
N:     124.000
R:       1.000
T:    5400.000
U:       0.000
V:       0.000
A:
     0:        3.000       10.000        5.000        9.000
B:
     0:        0.000        0.000        0.000        0.000        0.000
     5:        0.000        0.000        0.000        0.000        0.000
    10:        0.000        0.000        0.000        0.000        0.000
    15:        0.000        0.000        0.000        0.000        0.000
    20:        0.000        0.000        0.000        0.000        0.000
    25:        0.000        0.000        0.000        0.000        0.000
    30:        0.000        0.000        0.000        0.000        0.000
    35:        0.000        0.000        0.000        0.000        0.000
    40:        0.000        0.000        0.000        0.000        0.000
    45:        0.000        0.000        0.000        0.000        0.000
    50:        0.000        0.000        0.000        0.000        0.000
    55:        0.000        0.000        0.000        0.000        0.000
    60:        0.000        0.000        0.000        0.000        0.000
    65:        0.000        0.000        0.000        0.000        0.000
    70:        0.000        0.000        0.000        0.000        0.000
    75:        0.000        0.000        0.000        0.000        0.000
    80:        0.000        0.000        0.000        0.000        0.000
    85:        0.000        0.000        0.000        0.000        0.000
    90:        0.000        0.000        0.000        0.000        0.000
    95:        0.000        0.000        0.000        0.000        0.000
   100:        0.000        0.000        0.000        0.000        0.000
   105:        0.000        0.000        0.000        0.000        0.000
   110:        0.000        0.000        0.000        0.000        0.000
   115:        0.000        0.000        0.000        0.000        0.000
   120:        0.000        0.000        0.000        0.000        0.000
   125:        0.000        0.000        0.000        0.000        0.000
   130:        0.000        0.000        0.000        0.000        0.000
   135:        0.000        0.000        0.000        0.000        0.000
   140:        0.000        0.000        0.000        0.000        0.000
   145:        0.000        0.000        0.000        0.000        0.000
   150:        0.000        0.000        0.000        0.000        0.000
   155:        0.000        0.000        0.000        0.000        0.000
   160:        0.000        0.000        0.000        0.000        0.000
   165:        0.000        0.000        0.000        0.000        0.000
   170:        0.000        0.000        0.000        0.000        0.000
   175:        0.000        0.000        0.000        0.000        0.000
   180:        0.000        0.000        0.000        0.000        0.000
   185:        0.000        0.000        0.000        0.000        0.000
   190:        0.000        0.000        0.000        0.000        0.000
   195:        0.000        0.000        0.000        0.000        0.000
   200:        0.000        0.000        0.000        0.000        0.000
   205:        0.000        0.000        0.000        0.000        0.000
   210:        0.000        0.000        0.000        0.000        0.000
   215:        0.000        0.000        0.000        0.000        0.000
   220:        0.000        0.000        0.000        0.000        0.000
   225:        0.000        0.000        0.000        0.000        0.000
   230:        0.000        0.000        0.000        0.000        0.000
   235:        0.000        0.000        0.000        0.000        0.000
   240:        0.000        0.000        0.000        0.000        0.000
   245:        0.000        0.000        0.000        0.000        0.000
   250:        0.000        0.000        0.000        0.000        0.000
   255:        0.000        0.000        0.000        0.000        0.000
   260:        0.000        0.000        0.000        0.000        0.000
   265:        0.000        0.000        0.000        0.000        0.000
   270:        0.000        0.000        0.000        0.000        0.000
   275:        0.000        0.000        0.000        0.000        0.000
   280:        0.000        0.000        0.000        0.000        0.000
   285:        0.000        0.000        0.000        0.000        0.000
   290:        0.000        0.000        0.000        0.000        0.000
   295:        0.000        0.000        0.000        0.000        0.000
   300:        0.000        0.000        0.000        0.000        0.000
   305:        0.000        0.000        0.000        0.000        0.000
   310:        0.000        0.000        0.000        0.000        0.000
   315:        0.000        0.000        0.000        0.000        0.000
   320:        0.000        0.000        0.000        0.000        0.000
   325:        0.000        0.000        0.000        0.000        0.000
   330:        0.000        0.000        0.000        0.000        0.000
   335:        0.000        0.000        0.000        0.000        0.000
   340:        0.000        0.000        0.000        0.000        0.000
   345:        0.000        0.000        0.000        0.000        0.000
   350:        0.000        0.000        0.000        0.000        0.000
   355:        0.000        0.000        0.000        0.000        0.000
   360:        0.000        0.000        0.000        0.000        0.000
   365:        0.000        0.000        0.000        0.000        0.000
   370:        0.000        0.000        0.000        0.000        0.000
   375:        0.000        0.000        0.000        0.000        0.000
   380:        0.000        0.000        0.000        0.000        0.000
   385:        0.000        0.000        0.000        0.000        0.000
   390:        0.000        0.000        0.000        0.000        0.000
   395:        0.000        0.000        0.000        0.000        0.000
   400:        0.000        0.000        0.000        0.000        0.000
   405:        0.000        0.000        0.000        0.000        0.000
   410:        0.000        0.000        0.000        0.000        0.000
   415:        0.000        0.000        0.000        0.000        0.000
   420:        0.000        0.000        0.000        0.000        0.000
   425:        0.000        0.000        0.000        0.000        0.000
   430:        0.000        0.000        0.000        0.000        0.000
   435:        0.000        0.000        0.000        0.000        0.000
   440:        0.000        0.000        0.000        0.000        0.000
   445:        0.000        0.000        0.000        0.000        0.000
   450:        0.000        0.000        0.000        0.000        0.000
   455:        0.000        0.000        0.000        0.000        0.000
   460:        0.000        0.000        0.000        0.000        0.000
   465:        0.000        0.000        0.000        0.000        0.000
   470:        0.000        0.000        0.000        0.000        0.000
   475:        0.000        0.000        0.000        0.000        0.000
   480:        0.000        0.000        0.000        0.000        0.000
   485:        0.000        0.000        0.000        0.000        0.000
   490:        0.000        0.000        0.000        0.000        0.000
   495:        0.000        0.000        0.000        0.000        0.000
   500:        0.000        0.000        0.000        0.000        0.000
   505:        0.000        0.000        0.000        0.000        0.000
   510:        0.000        0.000        0.000        0.000        0.000
   515:        0.000        0.000        0.000        0.000        0.000
   520:        0.000        0.000        0.000        0.000        0.000
   525:        0.000        0.000        0.000        0.000        0.000
   530:        0.000        0.000        0.000        0.000        0.000
   535:        0.000        0.000        0.000        0.000        0.000
   540:        0.000        0.000        0.000        0.000        0.000
   545:        0.000        0.000        0.000        0.000        0.000
   550:        0.000        0.000        0.000        0.000        0.000
   555:        0.000        0.000        0.000        0.000        0.000
   560:        0.000        0.000        0.000        0.000        0.000
   565:        0.000        0.000        0.000        0.000        0.000
   570:        0.000        0.000        0.000        0.000        0.000
   575:        0.000        0.000        0.000        0.000        0.000
   580:        0.000        0.000        0.000        0.000        0.000
   585:        0.000        0.000        0.000        0.000        0.000
   590:        0.000        0.000        0.000        0.000        0.000
   595:        0.000        0.000        0.000        0.000        0.000
   600:        0.000        0.000        0.000        0.000        0.000
   605:        0.000        0.000        0.000        0.000        0.000
   610:        0.000        0.000        0.000        0.000        0.000
   615:        0.000        0.000        0.000        0.000        0.000
   620:        0.000        0.000        0.000        0.000        0.000
   625:        0.000        0.000        0.000        0.000        0.000
   630:        0.000        0.000        0.000        0.000        0.000
   635:        0.000        0.000        0.000        0.000        0.000
   640:        0.000        0.000        0.000        0.000        0.000
   645:        0.000        0.000        0.000        0.000        0.000
   650:        0.000        0.000        0.000        0.000        0.000
   655:        0.000        0.000        0.000        0.000        0.000
   660:        0.000        0.000        0.000        0.000        0.000
   665:        0.000        0.000        0.000        0.000        0.000
   670:        0.000        0.000        0.000        0.000        0.000
   675:        0.000        0.000        0.000        0.000        0.000
   680:        0.000        0.000        0.000        0.000        0.000
   685:        0.000        0.000        0.000        0.000        0.000
   690:        0.000        0.000        0.000        0.000        0.000
   695:        0.000        0.000        0.000        0.000        0.000
   700:        0.000        0.000        0.000        0.000        0.000
   705:        0.000        0.000        0.000        0.000        0.000
   710:        0.000        0.000        0.000        0.000        0.000
   715:        0.000        0.000        0.000        0.000        0.000
   720:        0.000        0.000        0.000        0.000        0.000
   725:        0.000        0.000        0.000        0.000        0.000
   730:        0.000        0.000        0.000        0.000        0.000
   735:        0.000        0.000        0.000        0.000        0.000
   740:        0.000        0.000        0.000        0.000        0.000
   745:        0.000        0.000        0.000        0.000        0.000
   750:        0.000        0.000        0.000        0.000        0.000
   755:        0.000        0.000        0.000        0.000        0.000
   760:        0.000        0.000        0.000        0.000        0.000
   765:        0.000        0.000        0.000        0.000        0.000
   770:        0.000        0.000        0.000        0.000        0.000
   775:        0.000        0.000        0.000        0.000        0.000
   780:        0.000        0.000        0.000        0.000        0.000
   785:        0.000        0.000        0.000        0.000        0.000
   790:        0.000        0.000        0.000        0.000        0.000
   795:        0.000        0.000        0.000        0.000        0.000
   800:        0.000        0.000        0.000        0.000        0.000
   805:        0.000        0.000        0.000        0.000        0.000
   810:        0.000        0.000        0.000        0.000        0.000
   815:        0.000        0.000        0.000        0.000        0.000
   820:        0.000        0.000        0.000        0.000        0.000
   825:        0.000        0.000        0.000        0.000        0.000
   830:        0.000        0.000        0.000        0.000        0.000
   835:        0.000        0.000        0.000        0.000        0.000
   840:        0.000        0.000        0.000        0.000        0.000
   845:        0.000        0.000        0.000        0.000        0.000
   850:        0.000        0.000        0.000        0.000        0.000
   855:        0.000        0.000        0.000        0.000        0.000
   860:        0.000        0.000        0.000        0.000        0.000
   865:        0.000        0.000        0.000        0.000        0.000
   870:        0.000        0.000        0.000        0.000        0.000
   875:        0.000        0.000        0.000        0.000        0.000
   880:        0.000        0.000        0.000        0.000        0.000
   885:        0.000        0.000        0.000        0.000        0.000
   890:        0.000        0.000        0.000        0.000        0.000
   895:        0.000        0.000        0.000        0.000        0.000
   900:        0.000        0.000        0.000        0.000        0.000
   905:        0.000        0.000        0.000        0.000        0.000
   910:        0.000        0.000        0.000        0.000        0.000
   915:        0.000        0.000        0.000        0.000        0.000
   920:        0.000        0.000        0.000        0.000        0.000
   925:        0.000        0.000        0.000        0.000        0.000
   930:        0.000        0.000        0.000        0.000        0.000
   935:        0.000        0.000        0.000        0.000        0.000
   940:        0.000        0.000        0.000        0.000        0.000
   945:        0.000        0.000        0.000        0.000        0.000
   950:        0.000        0.000        0.000        0.000        0.000
   955:        0.000        0.000        0.000        0.000        0.000
   960:        0.000        0.000        0.000        0.000        0.000
   965:        0.000        0.000        0.000        0.000        0.000
   970:        0.000        0.000        0.000        0.000        0.000
   975:        0.000        0.000        0.000        0.000        0.000
   980:        0.000        0.000        0.000        0.000        0.000
   985:        0.000        0.000        0.000        0.000        0.000
   990:        0.000        0.000        0.000        0.000        0.000
   995:        0.000        0.000        0.000        0.000        0.000
C:
     0:        0.000        0.000        0.000        0.000        0.000
     5:        0.000        0.000        0.000        0.000        0.000
    10:      236.870        0.000        0.000        0.000        0.000
    15:        0.000        0.000        0.000        0.000      465.630
    20:      490.410        0.000      527.250      537.520      554.520
    25:      574.070        0.000      631.290      650.910        0.000
    30:      690.050      711.310        0.000      751.180        0.000
    35:        0.000      810.160      820.510      839.000      868.830
    40:      894.210      914.740      936.670      957.960      977.430
    45:      996.550        0.000        0.000     1080.750     1098.070
    50:        0.000     1155.900     1168.430        0.000     1205.450
    55:        0.000     1252.800        0.000        0.000        0.000
    60:        0.000        0.000        0.000     1438.700     1457.110
    65:     1473.490     1487.030     1507.340     1524.680     1556.240
    70:        0.000        0.000     1617.390        0.000     1664.460
    75:     1691.500        0.000        0.000     1756.890     1768.350
    80:     1786.390     1803.210     1828.250     1857.070        0.000
    85:        0.000        0.000     1967.570     1999.700        0.000
    90:     2050.220        0.000     2085.520     2101.050        0.000
    95:     2153.070     2163.200     2191.210     2228.070        0.000
   100:        0.000        0.000     2327.830        0.000     2372.610
   105:        0.000        0.000        0.000        0.000     2489.740
   110:     2506.730        0.000        0.000        0.000        0.000
   115:        0.000        0.000     2680.520        0.000     2738.830
   120:        0.000        0.000     2810.410     2831.390     2848.880
   125:     2867.490        0.000     2904.490     2940.280        0.000
   130:     2992.300     3015.990     3040.070     3051.540     3068.100
   135:        0.000     3117.410        0.000     3153.100        0.000
   140:     3187.280        0.000     3222.670     3253.350     3263.700
   145:        0.000     3320.000     3329.830     3352.500     3378.790
   150:     3397.620     3413.790        0.000     3474.630     3492.880
   155:     3503.160     3527.690     3549.570     3570.030     3592.840
   160:     3602.850     3631.510        0.000        0.000     3716.460
   165:     3748.650     3783.980        0.000     3827.010        0.000
   170:        0.000        0.000        0.000        0.000        0.000
   175:        0.000        0.000        0.000     4085.210        0.000
   180:        0.000        0.000        0.000        0.000        0.000
   185:        0.000        0.000        0.000        0.000        0.000
   190:        0.000     4419.130     4436.660     4460.600     4484.910
   195:        0.000        0.000        0.000        0.000        0.000
   200:        0.000        0.000        0.000        0.000        0.000
   205:        0.000        0.000        0.000        0.000        0.000
   210:        0.000        0.000        0.000        0.000        0.000
   215:        0.000        0.000        0.000        0.000        0.000
   220:        0.000        0.000        0.000        0.000     5240.310
   225:        0.000        0.000     5313.340        0.000        0.000
   230:        0.000
D:
     0:        0.000        0.000        0.000        0.000        0.000
     5:        0.000        0.000        0.000        0.000        0.000
    10:        0.000        0.000        0.000        0.000        0.000
    15:        0.000        0.000        0.000        0.000        0.000
    20:        0.000        0.000        0.000        0.000        0.000
    25:        0.000        0.000        0.000        0.000        0.000
    30:        0.000        0.000        0.000        0.000        0.000
    35:        0.000        0.000        0.000        0.000        0.000
    40:        0.000        0.000        0.000        0.000        0.000
    45:        0.000        0.000        0.000        0.000        0.000
    50:        0.000        0.000        0.000        0.000        0.000
    55:        0.000        0.000        0.000        0.000        0.000
    60:        0.000        0.000        0.000        0.000        0.000
    65:        0.000        0.000        0.000        0.000        0.000
    70:        0.000        0.000        0.000        0.000        0.000
    75:        0.000        0.000        0.000        0.000        0.000
    80:        0.000        0.000        0.000        0.000        0.000
    85:        0.000        0.000        0.000        0.000        0.000
    90:        0.000        0.000        0.000        0.000        0.000
    95:        0.000        0.000        0.000        0.000        0.000
   100:        0.000        0.000        0.000        0.000        0.000
   105:        0.000        0.000        0.000        0.000        0.000
   110:        0.000        0.000        0.000        0.000        0.000
   115:        0.000        0.000        0.000        0.000        0.000
   120:        0.000        0.000        0.000        0.000        0.000
   125:        0.000        0.000        0.000        0.000        0.000
   130:        0.000        0.000        0.000        0.000        0.000
   135:        0.000        0.000        0.000        0.000        0.000
   140:        0.000        0.000        0.000        0.000        0.000
   145:        0.000        0.000        0.000        0.000        0.000
   150:        0.000        0.000        0.000        0.000        0.000
   155:        0.000        0.000        0.000        0.000        0.000
   160:        0.000        0.000        0.000        0.000        0.000
   165:        0.000        0.000        0.000        0.000        0.000
   170:        0.000        0.000        0.000        0.000        0.000
   175:        0.000        0.000        0.000        0.000        0.000
   180:        0.000        0.000        0.000        0.000        0.000
   185:        0.000        0.000        0.000        0.000        0.000
   190:        0.000        0.000        0.000        0.000        0.000
   195:        0.000        0.000        0.000        0.000        0.000
   200:        0.000        0.000        0.000        0.000        0.000
   205:        0.000        0.000        0.000        0.000        0.000
   210:        0.000        0.000        0.000        0.000        0.000
   215:        0.000        0.000        0.000        0.000        0.000
   220:        0.000        0.000        0.000        0.000        0.000
   225:        0.000        0.000        0.000        0.000        0.000
   230:        0.000
E:
     0:        0.000        0.000        0.000        0.000        0.000
     5:        0.000        0.000        0.000        0.000        0.000
    10:      235.620        0.000        0.000      314.520        0.000
    15:        0.000        0.000        0.000        0.000      462.480
    20:      487.970        0.000      524.060      536.400      550.790
    25:      572.010        0.000      628.070      648.000        0.000
    30:      688.540      707.290        0.000      747.160        0.000
    35:        0.000      808.960      818.990      837.750      866.690
    40:      892.710      912.660      935.050      956.110      974.750
    45:      993.050        0.000        0.000     1073.590     1094.650
    50:        0.000     1153.610     1166.090        0.000     1202.460
    55:        0.000     1251.190        0.000        0.000        0.000
    60:        0.000        0.000        0.000     1435.640     1454.280
    65:     1472.260     1483.900     1505.330     1522.960     1554.520
    70:        0.000        0.000     1614.770        0.000     1662.150
    75:     1688.700        0.000        0.000     1755.840     1767.040
    80:     1784.640     1800.120     1824.450     1854.710        0.000
    85:        0.000        0.000     1966.250     1996.890        0.000
    90:     2048.040        0.000     2084.070     2096.020        0.000
    95:     2150.270     2161.620     2189.820     2225.370        0.000
   100:        0.000        0.000     2325.300        0.000     2367.870
   105:     2381.920        0.000        0.000        0.000     2486.740
   110:     2505.250        0.000        0.000        0.000        0.000
   115:        0.000        0.000     2677.040        0.000     2736.750
   120:        0.000        0.000     2807.100     2828.190     2847.690
   125:     2864.680     2877.190     2902.110     2937.450        0.000
   130:     2990.070     3013.870     3038.980     3048.500     3066.550
   135:        0.000     3114.070        0.000     3150.180        0.000
   140:     3185.060        0.000     3220.830     3251.030     3261.950
   145:        0.000     3317.780     3328.400     3351.400     3376.240
   150:     3394.980     3412.800        0.000     3473.130     3491.110
   155:     3501.490     3526.060     3548.430     3566.820     3590.160
   160:     3601.660     3630.300        0.000        0.000     3713.140
   165:     3747.350     3782.400        0.000     3820.420        0.000
   170:        0.000        0.000        0.000        0.000        0.000
   175:        0.000        0.000        0.000     4083.460        0.000
   180:        0.000        0.000     4191.420        0.000        0.000
   185:        0.000        0.000        0.000        0.000        0.000
   190:        0.000     4415.290     4435.600     4453.620     4481.360
   195:        0.000        0.000        0.000        0.000        0.000
   200:        0.000        0.000        0.000        0.000        0.000
   205:        0.000        0.000        0.000        0.000        0.000
   210:        0.000        0.000        0.000        0.000        0.000
   215:        0.000        0.000        0.000        0.000        0.000
   220:        0.000        0.000        0.000        0.000     5234.750
   225:        0.000        0.000     5308.140        0.000        0.000
   230:        0.000
F:
     0:        0.000        0.000        0.000        0.000        0.000
     5:        0.000        0.000        0.000        0.000        0.000
    10:        2.000        0.000        0.000        4.000        0.000
    15:        0.000        0.000        0.000        0.000        1.000
    20:        3.000        0.000        4.000        1.000        3.000
    25:        2.000        0.000        1.000        4.000        0.000
    30:        2.000        3.000        0.000        3.000        0.000
    35:        0.000        1.000        2.000        4.000        3.000
    40:        1.000        2.000        4.000        4.000        2.000
    45:        3.000        0.000        0.000        1.000        3.000
    50:        0.000        2.000        1.000        0.000        4.000
    55:        0.000        2.000        0.000        0.000        0.000
    60:        0.000        0.000        0.000        1.000        4.000
    65:        3.000        4.000        1.000        2.000        3.000
    70:        0.000        0.000        4.000        0.000        2.000
    75:        3.000        0.000        0.000        1.000        1.000
    80:        3.000        2.000        4.000        2.000        0.000
    85:        0.000        0.000        4.000        1.000        0.000
    90:        3.000        0.000        1.000        2.000        0.000
    95:        3.000        4.000        4.000        2.000        0.000
   100:        0.000        0.000        1.000        0.000        3.000
   105:        3.000        0.000        0.000        0.000        1.000
   110:        2.000        0.000        0.000        0.000        0.000
   115:        0.000        0.000        4.000        0.000        1.000
   120:        0.000        0.000        3.000        2.000        4.000
   125:        1.000        4.000        2.000        3.000        0.000
   130:        3.000        2.000        1.000        4.000        4.000
   135:        0.000        1.000        0.000        2.000        0.000
   140:        3.000        0.000        4.000        1.000        2.000
   145:        0.000        3.000        1.000        4.000        2.000
   150:        3.000        4.000        0.000        2.000        3.000
   155:        1.000        2.000        1.000        4.000        3.000
   160:        1.000        3.000        0.000        0.000        4.000
   165:        2.000        1.000        0.000        2.000        0.000
   170:        0.000        0.000        0.000        0.000        0.000
   175:        0.000        0.000        0.000        4.000        0.000
   180:        0.000        0.000        3.000        0.000        0.000
   185:        0.000        0.000        0.000        0.000        0.000
   190:        0.000        4.000        2.000        3.000        1.000
   195:        0.000        0.000        0.000        0.000        0.000
   200:        0.000        0.000        0.000        0.000        0.000
   205:        0.000        0.000        0.000        0.000        0.000
   210:        0.000        0.000        0.000        0.000        0.000
   215:        0.000        0.000        0.000        0.000        0.000
   220:        0.000        0.000        0.000        0.000        1.000
   225:        0.000        0.000        4.000        0.000        0.000
   230:        0.000
G:
     0:       54.000       13.000       41.000
H:
     0:        0.000        0.000        0.000        0.000        0.000
     5:        0.000        0.000        0.000        0.000        0.000
    10:        2.000        0.000        0.000        0.000        0.000
    15:        0.000        0.000        0.000        0.000        1.000
    20:        1.000        0.000        1.000        1.000        2.000
    25:        2.000        0.000        1.000        1.000        0.000
    30:        1.000        1.000        0.000        1.000        0.000
    35:        0.000        1.000        1.000        2.000        1.000
    40:        1.000        2.000        2.000        2.000        1.000
    45:        2.000        0.000        0.000        1.000        2.000
    50:        0.000        1.000        1.000        0.000        2.000
    55:        0.000        2.000        0.000        0.000        0.000
    60:        0.000        0.000        0.000        1.000        2.000
    65:        1.000        2.000        1.000        2.000        1.000
    70:        0.000        0.000        2.000        0.000        2.000
    75:        1.000        0.000        0.000        1.000        1.000
    80:        1.000        2.000        2.000        2.000        0.000
    85:        0.000        0.000        2.000        1.000        0.000
    90:        1.000        0.000        1.000        2.000        0.000
    95:        1.000        2.000        2.000        2.000        0.000
   100:        0.000        0.000        1.000        0.000        1.000
   105:        0.000        0.000        0.000        0.000        2.000
   110:        2.000        0.000        0.000        0.000        0.000
   115:        0.000        0.000        2.000        0.000        1.000
   120:        0.000        0.000        1.000        2.000        1.000
   125:        1.000        0.000        2.000        2.000        0.000
   130:        1.000        2.000        1.000        2.000        2.000
   135:        0.000        1.000        0.000        1.000        0.000
   140:        1.000        0.000        2.000        1.000        2.000
   145:        0.000        1.000        2.000        1.000        2.000
   150:        1.000        2.000        0.000        1.000        1.000
   155:        1.000        1.000        2.000        1.000        1.000
   160:        2.000        2.000        0.000        0.000        2.000
   165:        2.000        1.000        0.000        2.000        0.000
   170:        0.000        0.000        0.000        0.000        0.000
   175:        0.000        0.000        0.000        2.000        0.000
   180:        0.000        0.000        0.000        0.000        0.000
   185:        0.000        0.000        0.000        0.000        0.000
   190:        0.000        2.000        2.000        1.000        2.000
   195:        0.000        0.000        0.000        0.000        0.000
   200:        0.000        0.000        0.000        0.000        0.000
   205:        0.000        0.000        0.000        0.000        0.000
   210:        0.000        0.000        0.000        0.000        0.000
   215:        0.000        0.000        0.000        0.000        0.000
   220:        0.000        0.000        0.000        0.000        1.000
   225:        0.000        0.000        1.000        0.000        0.000
   230:        0.000
J:
     0:        0.000        0.000        0.000        0.000        0.000
     5:        0.000        0.000        0.000        0.000        0.000
    10:        1.000        0.000        0.000        1.000        0.000
    15:        0.000        0.000        0.000        0.000        0.000
    20:        0.000        0.000        1.000        0.000        0.000
    25:        1.000        0.000        0.000        1.000        0.000
    30:        1.000        0.000        0.000        0.000        0.000
    35:        0.000        0.000        1.000        1.000        0.000
    40:        0.000        1.000        1.000        1.000        1.000
    45:        0.000        0.000        0.000        0.000        0.000
    50:        0.000        1.000        0.000        0.000        1.000
    55:        0.000        1.000        0.000        0.000        0.000
    60:        0.000        0.000        0.000        0.000        1.000
    65:        0.000        1.000        0.000        1.000        0.000
    70:        0.000        0.000        1.000        0.000        1.000
    75:        0.000        0.000        0.000        0.000        0.000
    80:        0.000        1.000        1.000        1.000        0.000
    85:        0.000        0.000        1.000        0.000        0.000
    90:        0.000        0.000        0.000        1.000        0.000
    95:        0.000        1.000        1.000        1.000        0.000
   100:        0.000        0.000        0.000        0.000        0.000
   105:        0.000        0.000        0.000        0.000        0.000
   110:        1.000        0.000        0.000        0.000        0.000
   115:        0.000        0.000        1.000        0.000        0.000
   120:        0.000        0.000        0.000        1.000        1.000
   125:        0.000        1.000        1.000        0.000        0.000
   130:        0.000        1.000        0.000        1.000        1.000
   135:        0.000        0.000        0.000        1.000        0.000
   140:        0.000        0.000        1.000        0.000        1.000
   145:        0.000        0.000        0.000        1.000        1.000
   150:        0.000        1.000        0.000        1.000        0.000
   155:        0.000        1.000        0.000        1.000        0.000
   160:        0.000        0.000        0.000        0.000        1.000
   165:        1.000        0.000        0.000        1.000        0.000
   170:        0.000        0.000        0.000        0.000        0.000
   175:        0.000        0.000        0.000        1.000        0.000
   180:        0.000        0.000        0.000        0.000        0.000
   185:        0.000        0.000        0.000        0.000        0.000
   190:        0.000        1.000        1.000        0.000        0.000
   195:        0.000        0.000        0.000        0.000        0.000
   200:        0.000        0.000        0.000        0.000        0.000
   205:        0.000        0.000        0.000        0.000        0.000
   210:        0.000        0.000        0.000        0.000        0.000
   215:        0.000        0.000        0.000        0.000        0.000
   220:        0.000        0.000        0.000        0.000        0.000
   225:        0.000        0.000        1.000        0.000        0.000
   230:        0.000
K:
     0:        0.000        0.000        0.000        0.000        0.000
     5:        0.000        0.000        0.000        0.000        0.000
    10:        1.000        0.000        0.000        0.000        0.000
    15:        0.000        0.000        0.000        0.000        2.000
    20:        2.000        0.000        2.000        2.000        1.000
    25:        1.000        0.000        2.000        2.000        0.000
    30:        2.000        2.000        0.000        2.000        0.000
    35:        0.000        2.000        2.000        1.000        2.000
    40:        2.000        1.000        1.000        1.000        2.000
    45:        1.000        0.000        0.000        2.000        1.000
    50:        0.000        2.000        2.000        0.000        1.000
    55:        0.000        1.000        0.000        0.000        0.000
    60:        0.000        0.000        0.000        2.000        1.000
    65:        2.000        1.000        2.000        1.000        2.000
    70:        0.000        0.000        1.000        0.000        1.000
    75:        2.000        0.000        0.000        2.000        2.000
    80:        2.000        1.000        1.000        1.000        0.000
    85:        0.000        0.000        1.000        2.000        0.000
    90:        2.000        0.000        2.000        1.000        0.000
    95:        2.000        1.000        1.000        1.000        0.000
   100:        0.000        0.000        2.000        0.000        2.000
   105:        0.000        0.000        0.000        0.000        1.000
   110:        1.000        0.000        0.000        0.000        0.000
   115:        0.000        0.000        1.000        0.000        2.000
   120:        0.000        0.000        2.000        1.000        2.000
   125:        2.000        0.000        1.000        1.000        0.000
   130:        2.000        1.000        2.000        1.000        1.000
   135:        0.000        2.000        0.000        2.000        0.000
   140:        2.000        0.000        1.000        2.000        1.000
   145:        0.000        2.000        1.000        2.000        1.000
   150:        2.000        1.000        0.000        2.000        2.000
   155:        2.000        2.000        1.000        2.000        2.000
   160:        1.000        1.000        0.000        0.000        1.000
   165:        1.000        2.000        0.000        1.000        0.000
   170:        0.000        0.000        0.000        0.000        0.000
   175:        0.000        0.000        0.000        1.000        0.000
   180:        0.000        0.000        0.000        0.000        0.000
   185:        0.000        0.000        0.000        0.000        0.000
   190:        0.000        1.000        1.000        2.000        1.000
   195:        0.000        0.000        0.000        0.000        0.000
   200:        0.000        0.000        0.000        0.000        0.000
   205:        0.000        0.000        0.000        0.000        0.000
   210:        0.000        0.000        0.000        0.000        0.000
   215:        0.000        0.000        0.000        0.000        0.000
   220:        0.000        0.000        0.000        0.000        2.000
   225:        0.000        0.000        2.000        0.000        0.000
   230:        0.000
L:
     0:        0.000        0.000        0.000        0.000        0.000
     5:        0.000        0.000        0.000        0.000        0.000
    10:        1.000        0.000        0.000        3.000        0.000
    15:        0.000        0.000        0.000        0.000        1.000
    20:        3.000        0.000        3.000        1.000        3.000
    25:        1.000        0.000        1.000        3.000        0.000
    30:        1.000        3.000        0.000        3.000        0.000
    35:        0.000        1.000        1.000        3.000        3.000
    40:        1.000        1.000        3.000        3.000        1.000
    45:        3.000        0.000        0.000        1.000        3.000
    50:        0.000        1.000        1.000        0.000        3.000
    55:        0.000        1.000        0.000        0.000        0.000
    60:        0.000        0.000        0.000        1.000        3.000
    65:        3.000        3.000        1.000        1.000        3.000
    70:        0.000        0.000        3.000        0.000        1.000
    75:        3.000        0.000        0.000        1.000        1.000
    80:        3.000        1.000        3.000        1.000        0.000
    85:        0.000        0.000        3.000        1.000        0.000
    90:        3.000        0.000        1.000        1.000        0.000
    95:        3.000        3.000        3.000        1.000        0.000
   100:        0.000        0.000        1.000        0.000        3.000
   105:        3.000        0.000        0.000        0.000        1.000
   110:        1.000        0.000        0.000        0.000        0.000
   115:        0.000        0.000        3.000        0.000        1.000
   120:        0.000        0.000        3.000        1.000        3.000
   125:        1.000        3.000        1.000        3.000        0.000
   130:        3.000        1.000        1.000        3.000        3.000
   135:        0.000        1.000        0.000        1.000        0.000
   140:        3.000        0.000        3.000        1.000        1.000
   145:        0.000        3.000        1.000        3.000        1.000
   150:        3.000        3.000        0.000        1.000        3.000
   155:        1.000        1.000        1.000        3.000        3.000
   160:        1.000        3.000        0.000        0.000        3.000
   165:        1.000        1.000        0.000        1.000        0.000
   170:        0.000        0.000        0.000        0.000        0.000
   175:        0.000        0.000        0.000        3.000        0.000
   180:        0.000        0.000        3.000        0.000        0.000
   185:        0.000        0.000        0.000        0.000        0.000
   190:        0.000        3.000        1.000        3.000        1.000
   195:        0.000        0.000        0.000        0.000        0.000
   200:        0.000        0.000        0.000        0.000        0.000
   205:        0.000        0.000        0.000        0.000        0.000
   210:        0.000        0.000        0.000        0.000        0.000
   215:        0.000        0.000        0.000        0.000        0.000
   220:        0.000        0.000        0.000        0.000        1.000
   225:        0.000        0.000        3.000        0.000        0.000
   230:        0.000
M:
     0:        4.000        0.000        0.000
O:
     0:        0.000        0.000        0.000        0.000        0.000
     5:        0.000        0.000        0.000        0.000        0.000
    10:        0.000        0.000        0.000        0.000        0.000
    15:        0.000        0.000        0.000        0.000        1.000
    20:        1.000        0.000        0.000        1.000        1.000
    25:        0.000        0.000        1.000        0.000        0.000
    30:        0.000        1.000        0.000        1.000        0.000
    35:        0.000        1.000        0.000        0.000        1.000
    40:        1.000        0.000        0.000        0.000        0.000
    45:        1.000        0.000        0.000        1.000        1.000
    50:        0.000        0.000        1.000        0.000        0.000
    55:        0.000        0.000        0.000        0.000        0.000
    60:        0.000        0.000        0.000        1.000        0.000
    65:        1.000        0.000        1.000        0.000        1.000
    70:        0.000        0.000        0.000        0.000        0.000
    75:        1.000        0.000        0.000        1.000        1.000
    80:        1.000        0.000        0.000        0.000        0.000
    85:        0.000        0.000        0.000        1.000        0.000
    90:        1.000        0.000        1.000        0.000        0.000
    95:        1.000        0.000        0.000        0.000        0.000
   100:        0.000        0.000        1.000        0.000        1.000
   105:        1.000        0.000        0.000        0.000        1.000
   110:        0.000        0.000        0.000        0.000        0.000
   115:        0.000        0.000        0.000        0.000        1.000
   120:        0.000        0.000        1.000        0.000        0.000
   125:        1.000        0.000        0.000        1.000        0.000
   130:        1.000        0.000        1.000        0.000        0.000
   135:        0.000        1.000        0.000        0.000        0.000
   140:        1.000        0.000        0.000        1.000        0.000
   145:        0.000        1.000        1.000        0.000        0.000
   150:        1.000        0.000        0.000        0.000        1.000
   155:        1.000        0.000        1.000        0.000        1.000
   160:        1.000        1.000        0.000        0.000        0.000
   165:        0.000        1.000        0.000        0.000        0.000
   170:        0.000        0.000        0.000        0.000        0.000
   175:        0.000        0.000        0.000        0.000        0.000
   180:        0.000        0.000        1.000        0.000        0.000
   185:        0.000        0.000        0.000        0.000        0.000
   190:        0.000        0.000        0.000        1.000        1.000
   195:        0.000        0.000        0.000        0.000        0.000
   200:        0.000        0.000        0.000        0.000        0.000
   205:        0.000        0.000        0.000        0.000        0.000
   210:        0.000        0.000        0.000        0.000        0.000
   215:        0.000        0.000        0.000        0.000        0.000
   220:        0.000        0.000        0.000        0.000        1.000
   225:        0.000        0.000        0.000        0.000        0.000
   230:        0.000
P:
     0:        0.000        0.000        0.000
Q:
     0:        4.000      231.000      220.000
S:
     0:        0.000        0.000        0.000        0.000        0.000
     5:        0.000        0.000        0.000        0.000        0.000
    10:        1.000        0.000        0.000        1.000        0.000
    15:        0.000        0.000        0.000        0.000        2.000
    20:        2.000        0.000        1.000        2.000        2.000
    25:        1.000        0.000        2.000        1.000        0.000
    30:        1.000        2.000        0.000        2.000        0.000
    35:        0.000        2.000        1.000        1.000        2.000
    40:        2.000        1.000        1.000        1.000        1.000
    45:        2.000        0.000        0.000        2.000        2.000
    50:        0.000        1.000        2.000        0.000        1.000
    55:        0.000        1.000        0.000        0.000        0.000
    60:        0.000        0.000        0.000        2.000        1.000
    65:        2.000        1.000        2.000        1.000        2.000
    70:        0.000        0.000        1.000        0.000        1.000
    75:        2.000        0.000        0.000        2.000        2.000
    80:        2.000        1.000        1.000        1.000        0.000
    85:        0.000        0.000        1.000        2.000        0.000
    90:        2.000        0.000        2.000        1.000        0.000
    95:        2.000        1.000        1.000        1.000        0.000
   100:        0.000        0.000        2.000        0.000        2.000
   105:        2.000        0.000        0.000        0.000        2.000
   110:        1.000        0.000        0.000        0.000        0.000
   115:        0.000        0.000        1.000        0.000        2.000
   120:        0.000        0.000        2.000        1.000        1.000
   125:        2.000        1.000        1.000        2.000        0.000
   130:        2.000        1.000        2.000        1.000        1.000
   135:        0.000        2.000        0.000        1.000        0.000
   140:        2.000        0.000        1.000        2.000        1.000
   145:        0.000        2.000        2.000        1.000        1.000
   150:        2.000        1.000        0.000        1.000        2.000
   155:        2.000        1.000        2.000        1.000        2.000
   160:        2.000        2.000        0.000        0.000        1.000
   165:        1.000        2.000        0.000        1.000        0.000
   170:        0.000        0.000        0.000        0.000        0.000
   175:        0.000        0.000        0.000        1.000        0.000
   180:        0.000        0.000        2.000        0.000        0.000
   185:        0.000        0.000        0.000        0.000        0.000
   190:        0.000        1.000        1.000        2.000        2.000
   195:        0.000        0.000        0.000        0.000        0.000
   200:        0.000        0.000        0.000        0.000        0.000
   205:        0.000        0.000        0.000        0.000        0.000
   210:        0.000        0.000        0.000        0.000        0.000
   215:        0.000        0.000        0.000        0.000        0.000
   220:        0.000        0.000        0.000        0.000        2.000
   225:        0.000        0.000        1.000        0.000        0.000
   230:        0.000
W:
     0:       48.000       38.000       10.000
X:
     0:        3.000        4.000        5.000        6.000        7.000
     5:        8.000
Y:
     0:        9.000       10.000       11.000       12.000       13.000
     5:       14.000
Z:
     0:        1.000        2.000        3.000        4.000
