File: C:\MED-PC\Data\2023-08-18_08h42m_Subject 141.txt


Start Date: 08/18/23
End Date: 08/18/23
Subject: 141
Experiment: 0
Group: 0
Box: 6
Start Time: 08:42:20
End Time: 10:19:07
MSN: CF_SetShifting08172023
I:     292.000
M:       1.000
N:      15.000
R:       1.000
T:    5400.000
V:       1.000
A:
     0:        3.000       13.000        4.000       12.000       14.000
     5:        8.000     5400.000
B:
     0:        3.000        5.000        7.000
C:
     0:        0.000        0.000       46.160        0.000        0.000
     5:        0.000      131.780      152.600      160.560      173.430
    10:        0.000      218.710      226.590      246.480      269.630
    15:        0.000      302.810      319.730      327.930      345.080
    20:      363.160      369.890      377.100      396.580      406.120
    25:      422.040      442.260      461.290      470.710      487.550
    30:      496.740      518.000      540.060      548.770      559.480
    35:      577.220      603.130      619.820      626.820      642.970
    40:      658.980      675.780      682.640      693.980      710.900
    45:      726.860      736.090      746.770      764.340      773.560
    50:      783.790      799.700      807.320      828.070      848.520
    55:      868.200      880.030      897.900      915.740      939.520
    60:      950.420      960.190      977.870      994.220     1003.920
    65:     1011.420     1028.890     1045.200     1052.700     1069.200
    70:     1076.190     1107.790     1115.030     1133.910     1149.770
    75:     1156.850     1164.520     1172.000     1191.020     1207.720
    80:     1216.660     1236.200     1252.260     1262.280     1269.890
    85:     1285.980     1303.310     1312.000     1330.360     1339.670
    90:     1365.130     1373.740     1391.010     1408.100     1416.790
    95:     1426.300     1443.420     1451.770     1459.050     1475.970
   100:     1494.390     1510.100     1516.810     1523.820     1543.580
   105:     1554.380     1573.410     1580.160     1586.830     1602.770
   110:     1619.480     1628.180     1646.370     1655.070     1674.820
   115:     1682.580     1689.690     1705.860     1714.310     1730.150
   120:     1751.450     1760.880     1769.180     1802.390     1818.560
   125:     1826.150     1841.760     1858.030     1866.680     1887.650
   130:     1894.620     1915.230     1932.690     1954.000     1973.630
   135:     1997.070     2016.230     2026.650     2045.860     2054.680
   140:     2074.700     2085.510     2096.270     2118.310     2127.920
   145:     2144.090     2153.750     2170.540     2178.680     2194.700
   150:     2202.480        0.000     2244.990     2258.790     2289.860
   155:     2307.260     2318.370     2330.230     2346.110     2369.390
   160:     2377.400     2384.280     2408.990     2417.570     2442.200
   165:     2463.850     2475.370     2491.260     2499.720     2507.420
   170:     2516.500     2536.890     2554.200     2561.810     2578.340
   175:     2585.340     2606.610     2613.790     2634.940     2657.950
   180:     2665.830     2682.870     2702.630     2712.770     2724.610
   185:     2743.500     2762.640     2783.860     2791.930     2799.680
   190:     2807.680     2825.920     2850.770     2871.150     2886.860
   195:     2901.430     2910.780     2919.330     2933.010     2951.730
   200:     2973.130     2989.870     3008.060     3015.980     3026.920
   205:     3034.550     3052.950     3073.050     3080.790     3113.530
   210:     3124.300     3131.700     3160.600     3177.820     3185.460
   215:     3198.060     3213.640     3222.710     3245.800     3257.010
   220:     3273.330     3281.620     3298.630     3312.710     3330.310
   225:     3353.940     3365.480     3375.660     3395.670     3404.620
   230:     3413.240     3429.030     3446.020     3474.400        0.000
   235:     3512.610     3519.850     3540.800     3550.600     3566.670
   240:     3578.380     3597.200     3605.650     3614.930     3631.170
   245:     3652.810     3661.780     3676.400     3694.730     3706.610
   250:     3727.440        0.000     3770.640     3787.900     3805.180
   255:     3816.500     3833.020     3842.780     3862.980     3873.770
   260:     3890.550     3902.090        0.000        0.000        0.000
   265:        0.000        0.000        0.000        0.000     4100.300
   270:     4110.220     4128.240     4136.360     4155.570     4173.190
   275:     4196.560     4216.940     4236.680     4248.840     4267.970
   280:     4278.320     4286.210     4309.780     4326.630     4336.540
   285:     4362.880     4380.690     4387.630     4408.530     4429.870
   290:     4443.160     4462.550
D:
     0:        0.000        0.000        1.140        0.000        0.000
     5:        0.000        0.840        1.270        1.930        0.710
    10:        0.000        0.620        0.560        0.680        0.670
    15:        0.000        0.540        0.640        0.570        0.570
    20:        3.060        0.710        0.600        4.460        0.670
    25:        0.680        0.630        0.620        0.590        0.590
    30:        0.630        0.620        0.570        0.570        0.620
    35:        0.550        0.520        0.710        0.590        0.600
    40:        0.600        0.630        0.550        0.700        0.610
    45:        0.720        1.440        0.700        0.510        2.780
    50:        1.890        0.700        0.510        0.600        0.720
    55:        2.760        1.930        0.950        0.570        4.080
    60:        0.620        3.750        0.820        0.580        0.620
    65:        0.630        0.780        0.630        0.660        1.480
    70:        0.830        0.730        0.590        0.630        0.680
    75:        0.640        0.910        0.630        0.560        0.560
    80:        0.620        2.990        0.590        0.930        1.590
    85:        0.600        0.610        0.640        0.620        0.670
    90:        0.570        0.620        0.610        0.570        0.730
    95:        1.820        0.540        0.690        0.720        0.630
   100:        0.600        0.680        0.660        0.730        0.540
   105:        0.550        0.510        0.730        0.600        0.580
   110:        0.610        2.680        0.600        0.630        0.590
   115:        1.510        0.650        0.620        0.690        0.630
   120:        0.630        1.010        0.860        0.680        0.630
   125:        0.760        0.590        0.580        0.620        0.580
   130:        0.620        0.560        0.630        0.540        0.650
   135:        0.530        0.520        0.660        0.560        0.710
   140:        0.540        0.690        0.570        2.930        0.520
   145:        0.750        1.350        0.730        0.760        0.780
   150:        1.760        0.000        0.990        0.870        0.710
   155:        0.580        0.660        0.790        0.560        0.610
   160:        0.540        0.580        0.550        0.580        0.510
   165:        0.900        0.600        0.570        0.670        1.120
   170:        1.400        0.600        0.530        0.540        0.520
   175:        0.950        0.620        0.700        0.570        0.820
   180:        0.590        0.520        0.560        0.550        0.530
   185:        0.550        0.900        0.580        0.640        0.880
   190:        1.140        0.590        0.520        0.690        0.590
   195:        0.640        0.620        1.880        4.430        0.700
   200:        0.560        0.610        0.530        0.860        2.210
   205:        0.650        0.540        3.130        0.600        0.550
   210:        0.540        0.690        1.510        0.530        0.540
   215:        0.510        0.560        0.660        0.600        0.580
   220:        0.550        0.620        0.580        0.670        0.610
   225:        0.540        0.520        0.580        2.960        0.580
   230:        0.600        0.610        0.590        0.580        0.000
   235:        0.800        0.670        3.040        0.720        0.530
   240:        0.650        0.510        0.570        0.670        0.590
   245:        0.950        0.560        0.780        0.700        0.540
   250:        3.140        0.000        0.700        0.660        0.700
   255:        0.540        0.560        0.550        0.540        0.590
   260:        0.580        1.060        0.000        0.000        0.000
   265:        0.000        0.000        0.000        0.000        0.520
   270:        0.680        0.570        0.740        0.610        0.590
   275:        4.220        0.690        0.510        1.850        0.600
   280:        0.600        0.980        3.630        0.520        0.510
   285:        0.850        0.820        0.660        2.390        0.590
   290:        0.630        0.510
E:
     0:        0.000        0.000       45.020        0.000        0.000
     5:        0.000      130.940      151.330      158.630      172.720
    10:        0.000      218.090      226.030      245.800      268.960
    15:        0.000      302.270      319.090      327.360      344.510
    20:      360.100      369.180      376.500      392.120      405.450
    25:      421.360      441.630      460.670      470.120      486.960
    30:      496.110      517.380      539.490      548.200      558.860
    35:      576.670      602.610      619.110      626.230      642.370
    40:      658.380      675.150      682.090      693.280      710.290
    45:      726.140      734.650      746.070      763.830      770.780
    50:      781.900      799.000      806.810      827.470      847.800
    55:      865.440      878.100      896.950      915.170      935.440
    60:      949.800      956.440      977.050      993.640     1003.300
    65:     1010.790     1028.110     1044.570     1052.040     1067.720
    70:     1075.360     1107.060     1114.440     1133.280     1149.090
    75:     1156.210     1163.610     1171.370     1190.460     1207.160
    80:     1216.040     1233.210     1251.670     1261.350     1268.300
    85:     1285.380     1302.700     1311.360     1329.740     1339.000
    90:     1364.560     1373.120     1390.400     1407.530     1416.060
    95:     1424.480     1442.880     1451.080     1458.330     1475.340
   100:     1493.790     1509.420     1516.150     1523.090     1543.040
   105:     1553.830     1572.900     1579.430     1586.230     1602.190
   110:     1618.870     1625.500     1645.770     1654.440     1674.230
   115:     1681.070     1689.040     1705.240     1713.620     1729.520
   120:     1750.820     1759.870     1768.320     1801.710     1817.930
   125:     1825.390     1841.170     1857.450     1866.060     1887.070
   130:     1894.000     1914.670     1932.060     1953.460     1972.980
   135:     1996.540     2015.710     2025.990     2045.300     2053.970
   140:     2074.160     2084.820     2095.700     2115.380     2127.400
   145:     2143.340     2152.400     2169.810     2177.920     2193.920
   150:     2200.720        0.000     2244.000     2257.920     2289.150
   155:     2306.680     2317.710     2329.440     2345.550     2368.780
   160:     2376.860     2383.700     2408.440     2416.990     2441.690
   165:     2462.950     2474.770     2490.690     2499.050     2506.300
   170:     2515.100     2536.290     2553.670     2561.270     2577.820
   175:     2584.390     2605.990     2613.090     2634.370     2657.130
   180:     2665.240     2682.350     2702.070     2712.220     2724.080
   185:     2742.950     2761.740     2783.280     2791.290     2798.800
   190:     2806.540     2825.330     2850.250     2870.460     2886.270
   195:     2900.790     2910.160     2917.450     2928.580     2951.030
   200:     2972.570     2989.260     3007.530     3015.120     3024.710
   205:     3033.900     3052.410     3069.920     3080.190     3112.980
   210:     3123.760     3131.010     3159.090     3177.290     3184.920
   215:     3197.550     3213.080     3222.050     3245.200     3256.430
   220:     3272.780     3281.000     3298.050     3312.040     3329.700
   225:     3353.400     3364.960     3375.080     3392.710     3404.040
   230:     3412.640     3428.420     3445.430     3473.820     3494.490
   235:     3511.810     3519.180     3537.760     3549.880     3566.140
   240:     3577.730     3596.690     3605.080     3614.260     3630.580
   245:     3651.860     3661.220     3675.620     3694.030     3706.070
   250:     3724.300        0.000     3769.940     3787.240     3804.480
   255:     3815.960     3832.460     3842.230     3862.440     3873.180
   260:     3889.970     3901.030        0.000        0.000        0.000
   265:        0.000        0.000        0.000        0.000     4099.780
   270:     4109.540     4127.670     4135.620     4154.960     4172.600
   275:     4192.340     4216.250     4236.170     4246.990     4267.370
   280:     4277.720     4285.230     4306.150     4326.110     4336.030
   285:     4362.030     4379.870     4386.970     4406.140     4429.280
   290:     4442.530     4462.040
F:
     0:        0.000        0.000        2.000        0.000        0.000
     5:        0.000        1.000        4.000        3.000        1.000
    10:        0.000        4.000        3.000        2.000        4.000
    15:        0.000        3.000        2.000        1.000        1.000
    20:        2.000        4.000        3.000        2.000        4.000
    25:        3.000        1.000        4.000        3.000        2.000
    30:        1.000        1.000        2.000        4.000        3.000
    35:        3.000        2.000        4.000        1.000        3.000
    40:        1.000        2.000        4.000        1.000        3.000
    45:        2.000        4.000        1.000        4.000        2.000
    50:        3.000        4.000        3.000        1.000        2.000
    55:        2.000        3.000        4.000        1.000        4.000
    60:        2.000        3.000        1.000        4.000        2.000
    65:        3.000        1.000        4.000        3.000        2.000
    70:        1.000        4.000        3.000        1.000        2.000
    75:        2.000        4.000        3.000        1.000        2.000
    80:        3.000        1.000        4.000        4.000        3.000
    85:        1.000        2.000        1.000        4.000        3.000
    90:        2.000        1.000        3.000        2.000        4.000
    95:        1.000        2.000        4.000        3.000        1.000
   100:        3.000        2.000        4.000        3.000        4.000
   105:        1.000        2.000        2.000        3.000        1.000
   110:        4.000        3.000        4.000        1.000        2.000
   115:        4.000        1.000        2.000        3.000        1.000
   120:        2.000        4.000        3.000        4.000        2.000
   125:        1.000        3.000        4.000        3.000        2.000
   130:        1.000        4.000        3.000        1.000        2.000
   135:        1.000        4.000        3.000        2.000        1.000
   140:        2.000        4.000        3.000        2.000        1.000
   145:        4.000        3.000        2.000        3.000        4.000
   150:        1.000        0.000        4.000        1.000        3.000
   155:        2.000        4.000        1.000        3.000        2.000
   160:        2.000        3.000        4.000        1.000        3.000
   165:        2.000        1.000        4.000        2.000        4.000
   170:        1.000        3.000        4.000        3.000        2.000
   175:        1.000        4.000        3.000        1.000        2.000
   180:        3.000        1.000        2.000        4.000        1.000
   185:        2.000        3.000        4.000        4.000        2.000
   190:        3.000        1.000        1.000        3.000        2.000
   195:        4.000        4.000        2.000        1.000        3.000
   200:        1.000        3.000        2.000        4.000        4.000
   205:        3.000        1.000        2.000        1.000        2.000
   210:        4.000        3.000        1.000        4.000        2.000
   215:        3.000        2.000        3.000        4.000        1.000
   220:        2.000        1.000        4.000        3.000        1.000
   225:        4.000        2.000        3.000        4.000        2.000
   230:        3.000        1.000        3.000        1.000        2.000
   235:        4.000        3.000        4.000        1.000        2.000
   240:        3.000        4.000        2.000        1.000        1.000
   245:        4.000        2.000        3.000        4.000        3.000
   250:        2.000        0.000        1.000        1.000        2.000
   255:        3.000        4.000        3.000        2.000        1.000
   260:        4.000        3.000        0.000        0.000        0.000
   265:        0.000        0.000        0.000        0.000        2.000
   270:        1.000        4.000        1.000        4.000        3.000
   275:        2.000        3.000        4.000        1.000        2.000
   280:        4.000        3.000        1.000        2.000        4.000
   285:        3.000        2.000        1.000        1.000        2.000
   290:        3.000        4.000
G:
     0:      138.000        1.000      137.000
H:
     0:        0.000        0.000        1.000        0.000        0.000
     5:        0.000        2.000        1.000        1.000        2.000
    10:        0.000        1.000        2.000        1.000        1.000
    15:        0.000        2.000        1.000        2.000        2.000
    20:        1.000        1.000        2.000        1.000        1.000
    25:        2.000        2.000        1.000        2.000        1.000
    30:        2.000        2.000        1.000        1.000        2.000
    35:        2.000        1.000        1.000        2.000        2.000
    40:        2.000        1.000        1.000        2.000        2.000
    45:        1.000        1.000        2.000        1.000        1.000
    50:        2.000        1.000        2.000        2.000        1.000
    55:        1.000        2.000        1.000        2.000        1.000
    60:        1.000        2.000        2.000        1.000        1.000
    65:        2.000        2.000        1.000        2.000        1.000
    70:        2.000        1.000        2.000        2.000        1.000
    75:        1.000        1.000        2.000        2.000        1.000
    80:        2.000        2.000        1.000        1.000        2.000
    85:        2.000        1.000        2.000        1.000        2.000
    90:        1.000        2.000        2.000        1.000        1.000
    95:        2.000        1.000        1.000        2.000        2.000
   100:        2.000        1.000        1.000        2.000        1.000
   105:        2.000        1.000        1.000        2.000        2.000
   110:        1.000        2.000        1.000        2.000        1.000
   115:        1.000        2.000        1.000        2.000        2.000
   120:        1.000        1.000        2.000        1.000        1.000
   125:        2.000        2.000        1.000        2.000        1.000
   130:        2.000        1.000        2.000        2.000        1.000
   135:        2.000        1.000        2.000        1.000        2.000
   140:        1.000        1.000        2.000        1.000        2.000
   145:        1.000        2.000        1.000        2.000        1.000
   150:        2.000        0.000        1.000        2.000        2.000
   155:        1.000        1.000        2.000        2.000        1.000
   160:        1.000        2.000        1.000        2.000        2.000
   165:        1.000        2.000        1.000        1.000        1.000
   170:        2.000        2.000        1.000        2.000        1.000
   175:        2.000        1.000        2.000        2.000        1.000
   180:        2.000        2.000        1.000        1.000        2.000
   185:        1.000        2.000        1.000        1.000        1.000
   190:        2.000        2.000        2.000        2.000        1.000
   195:        1.000        1.000        3.000        4.000        4.000
   200:        4.000        4.000        3.000        3.000        3.000
   205:        4.000        4.000        3.000        4.000        3.000
   210:        3.000        4.000        4.000        3.000        3.000
   215:        4.000        3.000        4.000        3.000        4.000
   220:        3.000        4.000        3.000        4.000        4.000
   225:        3.000        3.000        4.000        3.000        3.000
   230:        4.000        4.000        4.000        4.000        0.000
   235:        3.000        4.000        3.000        4.000        3.000
   240:        4.000        3.000        3.000        4.000        4.000
   245:        3.000        3.000        4.000        3.000        4.000
   250:        3.000        0.000        4.000        4.000        3.000
   255:        4.000        3.000        4.000        3.000        4.000
   260:        3.000        4.000        0.000        0.000        0.000
   265:        0.000        0.000        0.000        0.000        3.000
   270:        4.000        3.000        4.000        3.000        4.000
   275:        3.000        4.000        3.000        4.000        3.000
   280:        3.000        4.000        4.000        3.000        3.000
   285:        4.000        3.000        4.000        4.000        3.000
   290:        4.000        3.000
J:
     0:        0.000        0.000        0.000        0.000        0.000
     5:        0.000        1.000        0.000        1.000        1.000
    10:        0.000        0.000        1.000        0.000        0.000
    15:        0.000        1.000        0.000        1.000        1.000
    20:        0.000        0.000        1.000        0.000        0.000
    25:        1.000        1.000        0.000        1.000        0.000
    30:        1.000        1.000        0.000        0.000        1.000
    35:        1.000        0.000        0.000        1.000        1.000
    40:        1.000        0.000        0.000        1.000        1.000
    45:        0.000        0.000        1.000        0.000        0.000
    50:        1.000        0.000        1.000        1.000        0.000
    55:        0.000        1.000        0.000        1.000        0.000
    60:        0.000        1.000        1.000        0.000        0.000
    65:        1.000        1.000        0.000        1.000        0.000
    70:        1.000        0.000        1.000        1.000        0.000
    75:        0.000        0.000        1.000        1.000        0.000
    80:        1.000        1.000        0.000        0.000        1.000
    85:        1.000        0.000        1.000        0.000        1.000
    90:        0.000        1.000        1.000        0.000        0.000
    95:        1.000        0.000        0.000        1.000        1.000
   100:        1.000        0.000        0.000        1.000        0.000
   105:        1.000        0.000        0.000        1.000        1.000
   110:        0.000        1.000        0.000        1.000        0.000
   115:        0.000        1.000        0.000        1.000        1.000
   120:        0.000        0.000        1.000        0.000        0.000
   125:        1.000        1.000        0.000        1.000        0.000
   130:        1.000        0.000        1.000        1.000        0.000
   135:        1.000        0.000        1.000        0.000        1.000
   140:        0.000        0.000        1.000        0.000        1.000
   145:        0.000        1.000        0.000        1.000        0.000
   150:        1.000        0.000        0.000        1.000        1.000
   155:        0.000        0.000        1.000        1.000        0.000
   160:        0.000        1.000        0.000        1.000        1.000
   165:        0.000        1.000        0.000        0.000        0.000
   170:        1.000        1.000        0.000        1.000        0.000
   175:        1.000        0.000        1.000        1.000        0.000
   180:        1.000        1.000        0.000        0.000        1.000
   185:        0.000        1.000        0.000        0.000        0.000
   190:        1.000        1.000        1.000        1.000        0.000
   195:        0.000        0.000        0.000        1.000        1.000
   200:        1.000        1.000        0.000        0.000        0.000
   205:        1.000        1.000        0.000        1.000        0.000
   210:        0.000        1.000        1.000        0.000        0.000
   215:        1.000        0.000        1.000        0.000        1.000
   220:        0.000        1.000        0.000        1.000        1.000
   225:        0.000        0.000        1.000        0.000        0.000
   230:        1.000        1.000        1.000        1.000        0.000
   235:        0.000        1.000        0.000        1.000        0.000
   240:        1.000        0.000        0.000        1.000        1.000
   245:        0.000        0.000        1.000        0.000        1.000
   250:        0.000        0.000        1.000        1.000        0.000
   255:        1.000        0.000        1.000        0.000        1.000
   260:        0.000        1.000        0.000        0.000        0.000
   265:        0.000        0.000        0.000        0.000        0.000
   270:        1.000        0.000        1.000        0.000        1.000
   275:        0.000        1.000        0.000        1.000        0.000
   280:        0.000        1.000        1.000        0.000        0.000
   285:        1.000        0.000        1.000        1.000        0.000
   290:        1.000        0.000
K:
     0:        0.000        0.000        2.000        0.000        0.000
     5:        0.000        1.000        2.000        2.000        1.000
    10:        0.000        2.000        1.000        2.000        2.000
    15:        0.000        1.000        2.000        1.000        1.000
    20:        2.000        2.000        1.000        2.000        2.000
    25:        1.000        1.000        2.000        1.000        2.000
    30:        1.000        1.000        2.000        2.000        1.000
    35:        1.000        2.000        2.000        1.000        1.000
    40:        1.000        2.000        2.000        1.000        1.000
    45:        2.000        2.000        1.000        2.000        2.000
    50:        1.000        2.000        1.000        1.000        2.000
    55:        2.000        1.000        2.000        1.000        2.000
    60:        2.000        1.000        1.000        2.000        2.000
    65:        1.000        1.000        2.000        1.000        2.000
    70:        1.000        2.000        1.000        1.000        2.000
    75:        2.000        2.000        1.000        1.000        2.000
    80:        1.000        1.000        2.000        2.000        1.000
    85:        1.000        2.000        1.000        2.000        1.000
    90:        2.000        1.000        1.000        2.000        2.000
    95:        1.000        2.000        2.000        1.000        1.000
   100:        1.000        2.000        2.000        1.000        2.000
   105:        1.000        2.000        2.000        1.000        1.000
   110:        2.000        1.000        2.000        1.000        2.000
   115:        2.000        1.000        2.000        1.000        1.000
   120:        2.000        2.000        1.000        2.000        2.000
   125:        1.000        1.000        2.000        1.000        2.000
   130:        1.000        2.000        1.000        1.000        2.000
   135:        1.000        2.000        1.000        2.000        1.000
   140:        2.000        2.000        1.000        2.000        1.000
   145:        2.000        1.000        2.000        1.000        2.000
   150:        1.000        0.000        2.000        1.000        1.000
   155:        2.000        2.000        1.000        1.000        2.000
   160:        2.000        1.000        2.000        1.000        1.000
   165:        2.000        1.000        2.000        2.000        2.000
   170:        1.000        1.000        2.000        1.000        2.000
   175:        1.000        2.000        1.000        1.000        2.000
   180:        1.000        1.000        2.000        2.000        1.000
   185:        2.000        1.000        2.000        2.000        2.000
   190:        1.000        1.000        1.000        1.000        2.000
   195:        2.000        2.000        2.000        1.000        1.000
   200:        1.000        1.000        2.000        2.000        2.000
   205:        1.000        1.000        2.000        1.000        2.000
   210:        2.000        1.000        1.000        2.000        2.000
   215:        1.000        2.000        1.000        2.000        1.000
   220:        2.000        1.000        2.000        1.000        1.000
   225:        2.000        2.000        1.000        2.000        2.000
   230:        1.000        1.000        1.000        1.000        0.000
   235:        2.000        1.000        2.000        1.000        2.000
   240:        1.000        2.000        2.000        1.000        1.000
   245:        2.000        2.000        1.000        2.000        1.000
   250:        2.000        0.000        1.000        1.000        2.000
   255:        1.000        2.000        1.000        2.000        1.000
   260:        2.000        1.000        0.000        0.000        0.000
   265:        0.000        0.000        0.000        0.000        2.000
   270:        1.000        2.000        1.000        2.000        1.000
   275:        2.000        1.000        2.000        1.000        2.000
   280:        2.000        1.000        1.000        2.000        2.000
   285:        1.000        2.000        1.000        1.000        2.000
   290:        1.000        2.000
L:
     0:        0.000        0.000        3.000        0.000        0.000
     5:        0.000        3.000        4.000        4.000        3.000
    10:        0.000        4.000        4.000        3.000        4.000
    15:        0.000        4.000        3.000        3.000        3.000
    20:        3.000        4.000        4.000        3.000        4.000
    25:        4.000        3.000        4.000        4.000        3.000
    30:        3.000        3.000        3.000        4.000        4.000
    35:        4.000        3.000        4.000        3.000        4.000
    40:        3.000        3.000        4.000        3.000        4.000
    45:        3.000        4.000        3.000        4.000        3.000
    50:        4.000        4.000        4.000        3.000        3.000
    55:        3.000        4.000        4.000        3.000        4.000
    60:        3.000        4.000        3.000        4.000        3.000
    65:        4.000        3.000        4.000        4.000        3.000
    70:        3.000        4.000        4.000        3.000        3.000
    75:        3.000        4.000        4.000        3.000        3.000
    80:        4.000        3.000        4.000        4.000        4.000
    85:        3.000        3.000        3.000        4.000        4.000
    90:        3.000        3.000        4.000        3.000        4.000
    95:        3.000        3.000        4.000        4.000        3.000
   100:        4.000        3.000        4.000        4.000        4.000
   105:        3.000        3.000        3.000        4.000        3.000
   110:        4.000        4.000        4.000        3.000        3.000
   115:        4.000        3.000        3.000        4.000        3.000
   120:        3.000        4.000        4.000        4.000        3.000
   125:        3.000        4.000        4.000        4.000        3.000
   130:        3.000        4.000        4.000        3.000        3.000
   135:        3.000        4.000        4.000        3.000        3.000
   140:        3.000        4.000        4.000        3.000        3.000
   145:        4.000        4.000        3.000        4.000        4.000
   150:        3.000        0.000        4.000        3.000        4.000
   155:        3.000        4.000        3.000        4.000        3.000
   160:        3.000        4.000        4.000        3.000        4.000
   165:        3.000        3.000        4.000        3.000        4.000
   170:        3.000        4.000        4.000        4.000        3.000
   175:        3.000        4.000        4.000        3.000        3.000
   180:        4.000        3.000        3.000        4.000        3.000
   185:        3.000        4.000        4.000        4.000        3.000
   190:        4.000        3.000        3.000        4.000        3.000
   195:        4.000        4.000        1.000        1.000        2.000
   200:        1.000        2.000        1.000        2.000        2.000
   205:        2.000        1.000        1.000        1.000        1.000
   210:        2.000        2.000        1.000        2.000        1.000
   215:        2.000        1.000        2.000        2.000        1.000
   220:        1.000        1.000        2.000        2.000        1.000
   225:        2.000        1.000        2.000        2.000        1.000
   230:        2.000        1.000        2.000        1.000        1.000
   235:        2.000        2.000        2.000        1.000        1.000
   240:        2.000        2.000        1.000        1.000        1.000
   245:        2.000        1.000        2.000        2.000        2.000
   250:        1.000        0.000        1.000        1.000        1.000
   255:        2.000        2.000        2.000        1.000        1.000
   260:        2.000        2.000        0.000        0.000        0.000
   265:        0.000        0.000        0.000        0.000        1.000
   270:        1.000        2.000        1.000        2.000        2.000
   275:        1.000        2.000        2.000        1.000        1.000
   280:        2.000        2.000        1.000        1.000        2.000
   285:        2.000        1.000        1.000        1.000        1.000
   290:        2.000        2.000
O:
     0:        0.000        0.000        1.000        0.000        0.000
     5:        0.000        0.000        1.000        0.000        0.000
    10:        0.000        1.000        0.000        1.000        1.000
    15:        0.000        0.000        1.000        0.000        0.000
    20:        1.000        1.000        0.000        1.000        1.000
    25:        0.000        0.000        1.000        0.000        1.000
    30:        0.000        0.000        1.000        1.000        0.000
    35:        0.000        1.000        1.000        0.000        0.000
    40:        0.000        1.000        1.000        0.000        0.000
    45:        1.000        1.000        0.000        1.000        1.000
    50:        0.000        1.000        0.000        0.000        1.000
    55:        1.000        0.000        1.000        0.000        1.000
    60:        1.000        0.000        0.000        1.000        1.000
    65:        0.000        0.000        1.000        0.000        1.000
    70:        0.000        1.000        0.000        0.000        1.000
    75:        1.000        1.000        0.000        0.000        1.000
    80:        0.000        0.000        1.000        1.000        0.000
    85:        0.000        1.000        0.000        1.000        0.000
    90:        1.000        0.000        0.000        1.000        1.000
    95:        0.000        1.000        1.000        0.000        0.000
   100:        0.000        1.000        1.000        0.000        1.000
   105:        0.000        1.000        1.000        0.000        0.000
   110:        1.000        0.000        1.000        0.000        1.000
   115:        1.000        0.000        1.000        0.000        0.000
   120:        1.000        1.000        0.000        1.000        1.000
   125:        0.000        0.000        1.000        0.000        1.000
   130:        0.000        1.000        0.000        0.000        1.000
   135:        0.000        1.000        0.000        1.000        0.000
   140:        1.000        1.000        0.000        1.000        0.000
   145:        1.000        0.000        1.000        0.000        1.000
   150:        0.000        0.000        1.000        0.000        0.000
   155:        1.000        1.000        0.000        0.000        1.000
   160:        1.000        0.000        1.000        0.000        0.000
   165:        1.000        0.000        1.000        1.000        1.000
   170:        0.000        0.000        1.000        0.000        1.000
   175:        0.000        1.000        0.000        0.000        1.000
   180:        0.000        0.000        1.000        1.000        0.000
   185:        1.000        0.000        1.000        1.000        1.000
   190:        0.000        0.000        0.000        0.000        1.000
   195:        1.000        1.000        1.000        0.000        0.000
   200:        0.000        0.000        1.000        1.000        1.000
   205:        0.000        0.000        1.000        0.000        1.000
   210:        1.000        0.000        0.000        1.000        1.000
   215:        0.000        1.000        0.000        1.000        0.000
   220:        1.000        0.000        1.000        0.000        0.000
   225:        1.000        1.000        0.000        1.000        1.000
   230:        0.000        0.000        0.000        0.000        1.000
   235:        1.000        0.000        1.000        0.000        1.000
   240:        0.000        1.000        1.000        0.000        0.000
   245:        1.000        1.000        0.000        1.000        0.000
   250:        1.000        0.000        0.000        0.000        1.000
   255:        0.000        1.000        0.000        1.000        0.000
   260:        1.000        0.000        0.000        0.000        0.000
   265:        0.000        0.000        0.000        0.000        1.000
   270:        0.000        1.000        0.000        1.000        0.000
   275:        1.000        0.000        1.000        0.000        1.000
   280:        1.000        0.000        0.000        1.000        1.000
   285:        0.000        1.000        0.000        0.000        1.000
   290:        0.000        1.000
P:
     0:       88.000
Q:
     0:       12.000      277.000      269.000
S:
     0:        0.000        0.000        6.000        0.000        0.000
     5:        0.000        3.000        6.000        3.000        3.000
    10:        0.000        6.000        3.000        6.000        6.000
    15:        0.000        3.000        6.000        3.000        3.000
    20:        6.000        6.000        3.000        6.000        6.000
    25:        3.000        3.000        6.000        3.000        6.000
    30:        3.000        3.000        6.000        6.000        3.000
    35:        3.000        6.000        6.000        3.000        3.000
    40:        3.000        6.000        6.000        3.000        3.000
    45:        6.000        6.000        3.000        6.000        6.000
    50:        3.000        6.000        3.000        3.000        6.000
    55:        6.000        3.000        6.000        3.000        6.000
    60:        6.000        3.000        3.000        6.000        6.000
    65:        3.000        3.000        6.000        3.000        6.000
    70:        3.000        6.000        3.000        3.000        6.000
    75:        6.000        6.000        3.000        3.000        6.000
    80:        3.000        3.000        6.000        6.000        3.000
    85:        3.000        6.000        3.000        6.000        3.000
    90:        6.000        3.000        3.000        6.000        6.000
    95:        3.000        6.000        6.000        3.000        3.000
   100:        3.000        6.000        6.000        3.000        6.000
   105:        3.000        6.000        6.000        3.000        3.000
   110:        6.000        3.000        6.000        3.000        6.000
   115:        6.000        3.000        6.000        3.000        3.000
   120:        6.000        6.000        3.000        6.000        6.000
   125:        3.000        3.000        6.000        3.000        6.000
   130:        3.000        6.000        3.000        3.000        6.000
   135:        3.000        6.000        3.000        6.000        3.000
   140:        6.000        6.000        3.000        6.000        3.000
   145:        6.000        3.000        6.000        3.000        6.000
   150:        3.000        0.000        6.000        3.000        3.000
   155:        6.000        6.000        3.000        3.000        6.000
   160:        6.000        3.000        6.000        3.000        3.000
   165:        6.000        3.000        6.000        6.000        6.000
   170:        3.000        3.000        6.000        3.000        6.000
   175:        3.000        6.000        3.000        3.000        6.000
   180:        3.000        3.000        6.000        6.000        3.000
   185:        6.000        3.000        6.000        6.000        6.000
   190:        3.000        3.000        3.000        3.000        6.000
   195:        6.000        6.000        4.000        5.000        5.000
   200:        5.000        5.000        4.000        4.000        4.000
   205:        5.000        5.000        4.000        5.000        4.000
   210:        4.000        5.000        5.000        4.000        4.000
   215:        5.000        4.000        5.000        4.000        5.000
   220:        4.000        5.000        4.000        5.000        5.000
   225:        4.000        4.000        5.000        4.000        4.000
   230:        5.000        5.000        5.000        5.000        4.000
   235:        4.000        5.000        4.000        5.000        4.000
   240:        5.000        4.000        4.000        5.000        5.000
   245:        4.000        4.000        5.000        4.000        5.000
   250:        4.000        0.000        5.000        5.000        4.000
   255:        5.000        4.000        5.000        4.000        5.000
   260:        4.000        5.000        0.000        0.000        0.000
   265:        0.000        0.000        0.000        0.000        4.000
   270:        5.000        4.000        5.000        4.000        5.000
   275:        4.000        5.000        4.000        5.000        4.000
   280:        4.000        5.000        5.000        4.000        4.000
   285:        5.000        4.000        5.000        5.000        4.000
   290:        5.000        4.000
U:
     0:        9.000       11.000       13.000
W:
     0:      137.000      137.000        0.000
X:
     0:        4.000        6.000        8.000
Y:
     0:       10.000       12.000       14.000
Z:
     0:        1.000        2.000        3.000        4.000
