File: C:\MED-PC\Data\2023-08-31_09h18m_Subject 141.txt


Start Date: 08/31/23
End Date: 08/31/23
Subject: 141
Experiment: 0
Group: 0
Box: 6
Start Time: 09:18:32
End Time: 10:54:08
MSN: CF_SetShiftingV1-1
I:     190.000
M:       1.000
N:       6.000
R:       1.000
T:    4500.000
V:       1.000
A:
     0:        7.000       11.000        4.000       12.000       14.000
     5:        8.000     4500.000
B:
     0:        3.000        5.000        7.000
C:
     0:        0.000       13.590        0.000        0.000       83.120
     5:        0.000      120.270        0.000      174.470      186.160
    10:      204.470      214.280      230.270      238.950      249.720
    15:      266.860      283.880      291.030      320.770      339.530
    20:      359.000      366.460      382.430      398.280      405.840
    25:      413.180      429.280      449.550      466.020      473.070
    30:      479.660      495.800      513.860      530.670      537.270
    35:      553.890      560.980      573.430      583.550      611.070
    40:      628.550      645.240      652.330      672.150      691.460
    45:      698.550      716.540      723.500      742.890      749.910
    50:      765.730      782.680      789.480      806.070      812.870
    55:      831.210      847.930      867.490      874.390      885.690
    60:      901.370      910.570      917.790      943.290      961.310
    65:      977.290      985.920     1001.740     1010.610     1028.680
    70:     1044.760     1052.820     1065.170     1081.130     1100.510
    75:     1109.730     1120.930     1136.920     1153.150     1162.770
    80:     1169.740     1188.470     1206.990     1226.800     1238.930
    85:     1245.790     1267.310     1273.900     1294.840     1301.660
    90:     1317.590     1333.880     1342.610     1361.600     1370.520
    95:     1379.000     1388.620     1405.420     1414.710        0.000
   100:     1457.110     1464.470     1483.870     1491.050     1498.060
   105:     1517.160     1533.000     1541.730     1553.460     1570.010
   110:     1588.390     1595.300     1614.190     1621.500     1637.510
   115:     1656.890     1666.500     1679.650     1700.750     1711.350
   120:     1728.950     1735.740     1742.700     1753.090     1775.980
   125:     1802.100     1818.570     1838.180     1844.800     1859.060
   130:     1889.110     1896.970     1904.230     1920.240     1936.470
   135:     1943.480     1960.690     1967.840     1977.820     1993.780
   140:     2001.970     2019.840     2040.690     2049.900     2056.870
   145:     2073.120     2096.610     2105.110     2113.620     2129.340
   150:     2138.550     2146.310     2162.630     2188.690     2205.860
   155:     2224.500     2232.980     2240.390     2252.050     2259.390
   160:        0.000        0.000     2331.940     2353.890     2363.530
   165:     2380.580     2400.210     2408.940     2424.500     2431.530
   170:     2441.180     2456.920     2475.030     2494.990     2502.330
   175:     2509.290     2516.310     2535.290     2542.100     2562.910
   180:     2571.490     2587.670     2607.060     2616.630     2636.870
   185:     2644.240     2660.090     2667.630     2675.040     2682.090
D:
     0:        0.000        0.890        0.000        0.000        0.850
     5:        0.000        1.130        0.000        1.410        1.500
    10:        0.790        0.750        0.970        0.590        0.660
    15:        0.720        0.700        1.130        0.790        0.660
    20:        0.730        0.760        0.690        0.830        0.690
    25:        1.010        0.650        0.960        0.780        0.690
    30:        0.570        0.700        0.610        0.600        0.580
    35:        0.540        0.530        0.690        0.740        0.980
    40:        0.580        0.690        0.720        9.090        0.560
    45:        0.750        0.530        0.700        0.580        0.630
    50:        0.660        0.670        0.730        0.640        0.780
    55:        0.600        0.600        0.760        0.760        0.610
    60:        0.660        0.690        0.580        0.650        0.670
    65:        0.550        0.580        0.590        0.530        0.840
    70:        0.560        0.550        1.090        0.620        0.560
    75:        0.670        0.650        0.630        0.690        0.600
    80:        0.750        8.470        0.580        0.670        6.110
    85:        0.640        0.650        0.570        0.610        0.540
    90:        0.500        0.620        0.560        0.600        2.900
    95:        0.550        3.020        0.580        0.610        0.000
   100:        1.950        1.030        0.580        0.570        0.610
   105:        0.560        0.670        0.590        4.840        0.630
   110:        0.540        0.600        0.650        0.800        0.550
   115:        2.610        0.560        0.630        0.630        4.580
   120:        0.690        0.600        0.520        0.710        0.540
   125:        0.760        0.620        0.500        0.550        0.700
   130:        1.340        0.630        0.550        0.580        0.540
   135:        0.730        0.550        0.770        0.960        0.580
   140:        0.550        0.570        0.670        0.630        0.700
   145:        0.610        0.580        0.510        0.550        0.660
   150:        3.190        0.620        0.570        3.700        0.610
   155:        0.670        0.590        1.260        0.910        0.820
   160:        0.000        0.000        0.740        0.550        0.660
   165:        0.580        0.580        0.560        0.540        0.510
   170:        0.610        0.720        0.610        0.620        0.520
   175:        0.710        0.640        0.530        0.630        0.580
   180:        0.630        0.730        0.510        3.170        0.780
   185:        0.580        0.700        0.640        0.570        0.700
E:
     0:        0.000       12.700        0.000        0.000       82.270
     5:      100.860      119.140        0.000      173.060      184.660
    10:      203.680      213.530      229.300      238.360      249.060
    15:      266.140      283.180      289.900      319.980      338.870
    20:      358.270      365.700      381.740      397.450      405.150
    25:      412.170      428.630      448.590      465.240      472.380
    30:      479.090      495.100      513.250      530.070      536.690
    35:      553.350      560.450      572.740      582.810      610.090
    40:      627.970      644.550      651.610      663.060      690.900
    45:      697.800      716.010      722.800      742.310      749.280
    50:      765.070      782.010      788.750      805.430      812.090
    55:      830.610      847.330      866.730      873.630      885.080
    60:      900.710      909.880      917.210      942.640      960.640
    65:      976.740      985.340     1001.150     1010.080     1027.840
    70:     1044.200     1052.270     1064.080     1080.510     1099.950
    75:     1109.060     1120.280     1136.290     1152.460     1162.170
    80:     1168.990     1180.000     1206.410     1226.130     1232.820
    85:     1245.150     1266.660     1273.330     1294.230     1301.120
    90:     1317.090     1333.260     1342.050     1361.000     1367.620
    95:     1378.450     1385.600     1404.840     1414.100        0.000
   100:     1455.160     1463.440     1483.290     1490.480     1497.450
   105:     1516.600     1532.330     1541.140     1548.620     1569.380
   110:     1587.850     1594.700     1613.540     1620.700     1636.960
   115:     1654.280     1665.940     1679.020     1700.120     1706.770
   120:     1728.260     1735.140     1742.180     1752.380     1775.440
   125:     1801.340     1817.950     1837.680     1844.250     1858.360
   130:     1887.770     1896.340     1903.680     1919.660     1935.930
   135:     1942.750     1960.140     1967.070     1976.860     1993.200
   140:     2001.420     2019.270     2040.020     2049.270     2056.170
   145:     2072.510     2096.030     2104.600     2113.070     2128.680
   150:     2135.360     2145.690     2162.060     2184.990     2205.250
   155:     2223.830     2232.390     2239.130     2251.140     2258.570
   160:        0.000        0.000     2331.200     2353.340     2362.870
   165:     2380.000     2399.630     2408.380     2423.960     2431.020
   170:     2440.570     2456.200     2474.420     2494.370     2501.810
   175:     2508.580     2515.670     2534.760     2541.470     2562.330
   180:     2570.860     2586.940     2606.550     2613.460     2636.090
   185:     2643.660     2659.390     2666.990     2674.470     2681.390
F:
     0:        0.000        3.000        0.000        0.000        2.000
     5:        4.000        1.000        0.000        4.000        3.000
    10:        2.000        1.000        4.000        2.000        3.000
    15:        1.000        4.000        2.000        3.000        1.000
    20:        4.000        1.000        3.000        2.000        4.000
    25:        1.000        2.000        3.000        2.000        4.000
    30:        1.000        3.000        3.000        4.000        1.000
    35:        2.000        2.000        4.000        3.000        1.000
    40:        1.000        2.000        4.000        3.000        2.000
    45:        1.000        4.000        3.000        4.000        3.000
    50:        1.000        2.000        3.000        2.000        1.000
    55:        4.000        1.000        4.000        2.000        3.000
    60:        4.000        2.000        3.000        1.000        3.000
    65:        2.000        1.000        4.000        1.000        3.000
    70:        4.000        2.000        1.000        3.000        4.000
    75:        2.000        3.000        1.000        2.000        4.000
    80:        2.000        1.000        3.000        4.000        2.000
    85:        1.000        4.000        3.000        4.000        1.000
    90:        3.000        2.000        1.000        2.000        3.000
    95:        4.000        1.000        4.000        3.000        0.000
   100:        2.000        3.000        4.000        2.000        1.000
   105:        1.000        4.000        2.000        3.000        1.000
   110:        4.000        3.000        2.000        1.000        3.000
   115:        2.000        4.000        1.000        2.000        3.000
   120:        4.000        4.000        2.000        1.000        3.000
   125:        1.000        3.000        2.000        4.000        3.000
   130:        4.000        2.000        1.000        1.000        4.000
   135:        3.000        2.000        2.000        3.000        4.000
   140:        1.000        1.000        4.000        2.000        3.000
   145:        1.000        2.000        4.000        3.000        2.000
   150:        4.000        1.000        3.000        1.000        3.000
   155:        4.000        2.000        4.000        2.000        3.000
   160:        0.000        0.000        1.000        4.000        1.000
   165:        3.000        2.000        1.000        4.000        2.000
   170:        3.000        1.000        3.000        2.000        4.000
   175:        2.000        3.000        4.000        1.000        4.000
   180:        3.000        1.000        2.000        3.000        4.000
   185:        1.000        2.000        2.000        4.000        3.000
G:
     0:       91.000        1.000       90.000
H:
     0:        0.000        2.000        0.000        0.000        1.000
     5:        0.000        2.000        0.000        1.000        2.000
    10:        1.000        2.000        1.000        1.000        2.000
    15:        2.000        1.000        2.000        2.000        2.000
    20:        1.000        2.000        2.000        1.000        1.000
    25:        2.000        1.000        2.000        1.000        1.000
    30:        2.000        2.000        2.000        1.000        2.000
    35:        1.000        1.000        1.000        2.000        2.000
    40:        2.000        1.000        1.000        2.000        1.000
    45:        2.000        1.000        2.000        1.000        2.000
    50:        2.000        1.000        2.000        1.000        2.000
    55:        1.000        2.000        1.000        1.000        2.000
    60:        1.000        1.000        2.000        2.000        2.000
    65:        1.000        2.000        1.000        2.000        2.000
    70:        1.000        1.000        2.000        2.000        1.000
    75:        1.000        2.000        2.000        1.000        1.000
    80:        1.000        2.000        2.000        1.000        1.000
    85:        2.000        1.000        2.000        1.000        2.000
    90:        2.000        1.000        2.000        1.000        1.000
    95:        1.000        2.000        1.000        2.000        0.000
   100:        1.000        2.000        1.000        1.000        2.000
   105:        2.000        1.000        1.000        2.000        2.000
   110:        1.000        2.000        1.000        2.000        2.000
   115:        1.000        1.000        2.000        1.000        2.000
   120:        1.000        1.000        1.000        4.000        4.000
   125:        4.000        4.000        3.000        3.000        4.000
   130:        3.000        3.000        4.000        4.000        3.000
   135:        4.000        3.000        3.000        4.000        3.000
   140:        4.000        4.000        3.000        3.000        4.000
   145:        4.000        3.000        3.000        4.000        3.000
   150:        3.000        4.000        4.000        4.000        4.000
   155:        3.000        3.000        3.000        3.000        4.000
   160:        0.000        0.000        4.000        3.000        4.000
   165:        4.000        3.000        4.000        3.000        3.000
   170:        4.000        4.000        4.000        3.000        3.000
   175:        3.000        4.000        3.000        4.000        3.000
   180:        4.000        4.000        3.000        4.000        3.000
   185:        4.000        3.000        3.000        3.000        4.000
J:
     0:        0.000        1.000        0.000        0.000        0.000
     5:        0.000        1.000        0.000        0.000        1.000
    10:        0.000        1.000        0.000        0.000        1.000
    15:        1.000        0.000        0.000        1.000        1.000
    20:        0.000        1.000        1.000        0.000        0.000
    25:        1.000        0.000        1.000        0.000        0.000
    30:        1.000        1.000        1.000        0.000        1.000
    35:        0.000        0.000        0.000        1.000        1.000
    40:        1.000        0.000        0.000        1.000        0.000
    45:        1.000        0.000        1.000        0.000        1.000
    50:        1.000        0.000        1.000        0.000        1.000
    55:        0.000        1.000        0.000        0.000        1.000
    60:        0.000        0.000        1.000        1.000        1.000
    65:        0.000        1.000        0.000        1.000        1.000
    70:        0.000        0.000        1.000        1.000        0.000
    75:        0.000        1.000        1.000        0.000        0.000
    80:        0.000        1.000        1.000        0.000        0.000
    85:        1.000        0.000        1.000        0.000        1.000
    90:        1.000        0.000        1.000        0.000        1.000
    95:        0.000        1.000        0.000        1.000        0.000
   100:        0.000        1.000        0.000        0.000        1.000
   105:        1.000        0.000        0.000        1.000        1.000
   110:        0.000        1.000        0.000        1.000        1.000
   115:        0.000        0.000        1.000        0.000        1.000
   120:        0.000        0.000        0.000        1.000        1.000
   125:        1.000        1.000        0.000        0.000        1.000
   130:        0.000        0.000        1.000        1.000        0.000
   135:        1.000        0.000        0.000        1.000        0.000
   140:        1.000        1.000        0.000        0.000        1.000
   145:        1.000        0.000        0.000        1.000        0.000
   150:        0.000        1.000        1.000        1.000        1.000
   155:        0.000        0.000        0.000        0.000        1.000
   160:        0.000        0.000        1.000        0.000        1.000
   165:        1.000        0.000        1.000        0.000        0.000
   170:        1.000        1.000        1.000        0.000        0.000
   175:        0.000        1.000        0.000        1.000        0.000
   180:        1.000        1.000        0.000        1.000        0.000
   185:        1.000        0.000        0.000        0.000        1.000
K:
     0:        0.000        1.000        0.000        0.000        2.000
     5:        0.000        1.000        0.000        2.000        1.000
    10:        2.000        1.000        2.000        2.000        1.000
    15:        1.000        2.000        1.000        1.000        1.000
    20:        2.000        1.000        1.000        2.000        2.000
    25:        1.000        2.000        1.000        2.000        2.000
    30:        1.000        1.000        1.000        2.000        1.000
    35:        2.000        2.000        2.000        1.000        1.000
    40:        1.000        2.000        2.000        1.000        2.000
    45:        1.000        2.000        1.000        2.000        1.000
    50:        1.000        2.000        1.000        2.000        1.000
    55:        2.000        1.000        2.000        2.000        1.000
    60:        2.000        2.000        1.000        1.000        1.000
    65:        2.000        1.000        2.000        1.000        1.000
    70:        2.000        2.000        1.000        1.000        2.000
    75:        2.000        1.000        1.000        2.000        2.000
    80:        2.000        1.000        1.000        2.000        2.000
    85:        1.000        2.000        1.000        2.000        1.000
    90:        1.000        2.000        1.000        2.000        2.000
    95:        2.000        1.000        2.000        1.000        0.000
   100:        2.000        1.000        2.000        2.000        1.000
   105:        1.000        2.000        2.000        1.000        1.000
   110:        2.000        1.000        2.000        1.000        1.000
   115:        2.000        2.000        1.000        2.000        1.000
   120:        2.000        2.000        2.000        1.000        1.000
   125:        1.000        1.000        2.000        2.000        1.000
   130:        2.000        2.000        1.000        1.000        2.000
   135:        1.000        2.000        2.000        1.000        2.000
   140:        1.000        1.000        2.000        2.000        1.000
   145:        1.000        2.000        2.000        1.000        2.000
   150:        2.000        1.000        1.000        1.000        1.000
   155:        2.000        2.000        2.000        2.000        1.000
   160:        0.000        0.000        1.000        2.000        1.000
   165:        1.000        2.000        1.000        2.000        2.000
   170:        1.000        1.000        1.000        2.000        2.000
   175:        2.000        1.000        2.000        1.000        2.000
   180:        1.000        1.000        2.000        1.000        2.000
   185:        1.000        2.000        2.000        2.000        1.000
L:
     0:        0.000        4.000        0.000        0.000        3.000
     5:        4.000        3.000        0.000        4.000        4.000
    10:        3.000        3.000        4.000        3.000        4.000
    15:        3.000        4.000        3.000        4.000        3.000
    20:        4.000        3.000        4.000        3.000        4.000
    25:        3.000        3.000        4.000        3.000        4.000
    30:        3.000        4.000        4.000        4.000        3.000
    35:        3.000        3.000        4.000        4.000        3.000
    40:        3.000        3.000        4.000        4.000        3.000
    45:        3.000        4.000        4.000        4.000        4.000
    50:        3.000        3.000        4.000        3.000        3.000
    55:        4.000        3.000        4.000        3.000        4.000
    60:        4.000        3.000        4.000        3.000        4.000
    65:        3.000        3.000        4.000        3.000        4.000
    70:        4.000        3.000        3.000        4.000        4.000
    75:        3.000        4.000        3.000        3.000        4.000
    80:        3.000        3.000        4.000        4.000        3.000
    85:        3.000        4.000        4.000        4.000        3.000
    90:        4.000        3.000        3.000        3.000        4.000
    95:        4.000        3.000        4.000        4.000        0.000
   100:        3.000        4.000        4.000        3.000        3.000
   105:        3.000        4.000        3.000        4.000        3.000
   110:        4.000        4.000        3.000        3.000        4.000
   115:        3.000        4.000        3.000        3.000        4.000
   120:        4.000        4.000        3.000        5.000        2.000
   125:        5.000        2.000        5.000        2.000        2.000
   130:        2.000        5.000        5.000        5.000        2.000
   135:        2.000        5.000        5.000        2.000        2.000
   140:        5.000        5.000        2.000        5.000        2.000
   145:        5.000        5.000        2.000        2.000        5.000
   150:        2.000        5.000        2.000        5.000        2.000
   155:        2.000        5.000        2.000        5.000        2.000
   160:        0.000        0.000        5.000        2.000        5.000
   165:        2.000        5.000        5.000        2.000        5.000
   170:        2.000        5.000        2.000        5.000        2.000
   175:        5.000        2.000        2.000        5.000        2.000
   180:        2.000        5.000        5.000        2.000        2.000
   185:        5.000        5.000        5.000        2.000        2.000
O:
     0:        0.000        0.000        0.000        0.000        1.000
     5:        1.000        0.000        0.000        1.000        0.000
    10:        1.000        0.000        1.000        1.000        0.000
    15:        0.000        1.000        1.000        0.000        0.000
    20:        1.000        0.000        0.000        1.000        1.000
    25:        0.000        1.000        0.000        1.000        1.000
    30:        0.000        0.000        0.000        1.000        0.000
    35:        1.000        1.000        1.000        0.000        0.000
    40:        0.000        1.000        1.000        0.000        1.000
    45:        0.000        1.000        0.000        1.000        0.000
    50:        0.000        1.000        0.000        1.000        0.000
    55:        1.000        0.000        1.000        1.000        0.000
    60:        1.000        1.000        0.000        0.000        0.000
    65:        1.000        0.000        1.000        0.000        0.000
    70:        1.000        1.000        0.000        0.000        1.000
    75:        1.000        0.000        0.000        1.000        1.000
    80:        1.000        0.000        0.000        1.000        1.000
    85:        0.000        1.000        0.000        1.000        0.000
    90:        0.000        1.000        0.000        1.000        0.000
    95:        1.000        0.000        1.000        0.000        0.000
   100:        1.000        0.000        1.000        1.000        0.000
   105:        0.000        1.000        1.000        0.000        0.000
   110:        1.000        0.000        1.000        0.000        0.000
   115:        1.000        1.000        0.000        1.000        0.000
   120:        1.000        1.000        1.000        0.000        0.000
   125:        0.000        0.000        1.000        1.000        0.000
   130:        1.000        1.000        0.000        0.000        1.000
   135:        0.000        1.000        1.000        0.000        1.000
   140:        0.000        0.000        1.000        1.000        0.000
   145:        0.000        1.000        1.000        0.000        1.000
   150:        1.000        0.000        0.000        0.000        0.000
   155:        1.000        1.000        1.000        1.000        0.000
   160:        0.000        0.000        0.000        1.000        0.000
   165:        0.000        1.000        0.000        1.000        1.000
   170:        0.000        0.000        0.000        1.000        1.000
   175:        1.000        0.000        1.000        0.000        1.000
   180:        0.000        0.000        1.000        0.000        1.000
   185:        0.000        1.000        1.000        1.000        0.000
P:
     0:       66.000
Q:
     0:       13.000      190.000      182.000
S:
     0:        0.000        5.000        0.000        0.000        6.000
     5:        6.000        5.000        0.000        6.000        5.000
    10:        6.000        5.000        6.000        6.000        5.000
    15:        5.000        6.000        6.000        5.000        5.000
    20:        6.000        5.000        5.000        6.000        6.000
    25:        5.000        6.000        5.000        6.000        6.000
    30:        5.000        5.000        5.000        6.000        5.000
    35:        6.000        6.000        6.000        5.000        5.000
    40:        5.000        6.000        6.000        5.000        6.000
    45:        5.000        6.000        5.000        6.000        5.000
    50:        5.000        6.000        5.000        6.000        5.000
    55:        6.000        5.000        6.000        6.000        5.000
    60:        6.000        6.000        5.000        5.000        5.000
    65:        6.000        5.000        6.000        5.000        5.000
    70:        6.000        6.000        5.000        5.000        6.000
    75:        6.000        5.000        5.000        6.000        6.000
    80:        6.000        5.000        5.000        6.000        6.000
    85:        5.000        6.000        5.000        6.000        5.000
    90:        5.000        6.000        5.000        6.000        5.000
    95:        6.000        5.000        6.000        5.000        0.000
   100:        6.000        5.000        6.000        6.000        5.000
   105:        5.000        6.000        6.000        5.000        5.000
   110:        6.000        5.000        6.000        5.000        5.000
   115:        6.000        6.000        5.000        6.000        5.000
   120:        6.000        6.000        6.000        3.000        3.000
   125:        3.000        3.000        4.000        4.000        3.000
   130:        4.000        4.000        3.000        3.000        4.000
   135:        3.000        4.000        4.000        3.000        4.000
   140:        3.000        3.000        4.000        4.000        3.000
   145:        3.000        4.000        4.000        3.000        4.000
   150:        4.000        3.000        3.000        3.000        3.000
   155:        4.000        4.000        4.000        4.000        3.000
   160:        0.000        0.000        3.000        4.000        3.000
   165:        3.000        4.000        3.000        4.000        4.000
   170:        3.000        3.000        3.000        4.000        4.000
   175:        4.000        3.000        4.000        3.000        4.000
   180:        3.000        3.000        4.000        3.000        4.000
   185:        3.000        4.000        4.000        4.000        3.000
U:
     0:        9.000       11.000       13.000
W:
     0:       91.000       90.000        1.000
X:
     0:        4.000        6.000        8.000
Y:
     0:       10.000       12.000       14.000
Z:
     0:        1.000        2.000        3.000        4.000
