File: C:\MED-PC\Data\2023-08-18_08h42m_Subject 138.txt


Start Date: 08/18/23
End Date: 08/18/23
Subject: 138
Experiment: 0
Group: 0
Box: 3
Start Time: 08:42:10
End Time: 10:19:07
MSN: CF_SetShifting08172023
I:     304.000
M:       0.000
N:      80.000
R:       2.000
T:    5400.000
V:       3.000
A:
     0:        7.000       13.000        4.000       14.000       14.000
     5:        8.000     5400.000
B:
     0:        3.000        5.000        7.000
C:
     0:        0.000       13.340       41.570       67.580       75.240
     5:       85.920      103.070      109.780      132.050      140.800
    10:      149.390      168.200      185.180      192.280      209.440
    15:      217.030      224.960      246.010      253.420      271.360
    20:      292.390      299.740      307.670      316.990      334.040
    25:      351.240      358.620      366.270      384.510      400.880
    30:      413.640      431.360      438.440        0.000        0.000
    35:        0.000      533.900      543.700      552.210      570.800
    40:      587.150      615.840      625.200      642.720      652.110
    45:      668.230      684.220      696.020      703.510      725.950
    50:      744.310      752.480      763.310      788.380      811.180
    55:      820.290      828.620      836.570      846.050      877.300
    60:        0.000      923.230      939.430      956.210      964.250
    65:      971.750      980.880      989.810     1007.630     1025.830
    70:     1045.140     1053.600     1061.210     1078.320     1085.430
    75:     1092.710     1113.660     1129.950     1147.920     1165.450
    80:     1172.810     1181.240     1199.200     1206.140     1224.970
    85:     1233.570     1251.170     1257.990     1277.490     1288.230
    90:     1306.420     1313.750     1330.320     1338.940     1347.470
    95:     1366.050     1374.440     1394.580     1414.000     1431.220
   100:     1438.380     1446.410     1454.550     1462.810     1482.290
   105:     1506.580     1514.680     1522.520     1547.580     1567.360
   110:     1576.840     1598.250     1615.380     1624.800     1642.460
   115:     1662.250     1669.010     1678.170     1686.320     1702.360
   120:     1711.260     1730.950     1751.400     1769.560     1777.080
   125:     1783.930     1794.640     1802.560        0.000     1857.790
   130:     1878.740     1897.890     1917.870     1925.800     1932.880
   135:     1952.430     1970.540     1979.700     1987.540     1997.660
   140:     2012.070     2033.430     2051.520     2074.700     2091.640
   145:     2100.430     2108.810     2127.060     2134.130     2144.480
   150:     2164.100     2180.510     2190.600     2198.680     2215.770
   155:     2222.940        0.000     2264.670     2284.670     2303.190
   160:     2332.750     2340.230     2364.870     2393.380     2417.890
   165:     2446.850     2453.510     2461.250     2473.330     2492.270
   170:     2518.170     2529.370     2545.690     2563.040     2570.620
   175:     2590.450     2604.640     2611.990     2633.510     2659.730
   180:     2666.560     2673.360        0.000     2719.530     2738.190
   185:     2757.540     2769.000        0.000     2801.880     2823.110
   190:     2843.850     2853.550        0.000        0.000     2932.870
   195:     2945.600        0.000        0.000        0.000     3035.460
   200:     3057.620     3066.310     3090.350     3097.880     3124.120
   205:     3143.080     3153.140     3170.140     3188.740     3205.620
   210:     3217.320     3235.020     3245.600     3264.700     3271.960
   215:     3297.910     3306.020        0.000        0.000     3379.110
   220:     3390.070     3397.390     3425.290     3448.570     3468.710
   225:     3485.480     3512.730     3523.380        0.000     3583.420
   230:     3605.270        0.000        0.000     3673.060        0.000
   235:        0.000        0.000     3768.740        0.000        0.000
   240:        0.000        0.000        0.000        0.000     3940.720
   245:        0.000        0.000        0.000        0.000        0.000
   250:     4083.860        0.000        0.000     4144.730        0.000
   255:        0.000     4223.040        0.000        0.000        0.000
   260:        0.000        0.000        0.000        0.000        0.000
   265:        0.000        0.000        0.000        0.000        0.000
   270:        0.000        0.000     4608.410        0.000     4654.120
   275:        0.000        0.000        0.000        0.000        0.000
   280:        0.000        0.000        0.000        0.000        0.000
   285:        0.000        0.000        0.000        0.000        0.000
   290:        0.000        0.000        0.000        0.000        0.000
   295:        0.000        0.000        0.000        0.000     5265.900
   300:        0.000        0.000        0.000        0.000
D:
     0:        0.000        0.680        0.700        0.800        0.560
     5:        0.620        0.770        0.650        0.770        0.650
    10:        0.600        0.560        0.700        0.600        0.760
    15:        0.760        0.950        0.950        0.680        0.600
    20:        1.450        0.570        0.530        1.050        0.870
    25:        0.720        0.630        0.620        0.900        0.620
    30:        0.960        0.720        0.690        0.000        0.000
    35:        0.000        0.900        0.690        1.060        0.620
    40:        1.020        4.380        0.840        0.570        0.790
    45:        0.860        0.580        3.390        0.920        0.610
    50:        0.680        0.840        0.980        0.600        3.580
    55:        0.800        0.800        0.870        1.230        0.960
    60:        0.000        0.510        0.640        0.780        0.820
    65:        0.990        1.130        0.750        0.700        0.920
    70:        1.020        0.960        0.940        1.220        0.990
    75:        0.890        0.820        0.650        0.980        0.910
    80:        0.880        1.300        0.910        0.870        0.860
    85:        1.120        0.960        0.770        0.770        0.850
    90:        0.860        0.700        0.710        1.000        0.740
    95:        0.760        0.710        0.710        0.670        0.680
   100:        0.870        1.230        1.010        0.710        1.080
   105:        0.710        0.990        0.640        0.810        0.580
   110:        0.690        0.650        0.620        0.770        0.760
   115:        0.520        0.740        1.660        0.800        0.680
   120:        1.240        0.690        0.660        0.870        0.650
   125:        0.830        0.660        0.770        0.000        0.770
   130:        0.560        0.740        0.840        0.680        0.920
   135:        0.800        0.660        0.870        0.970        0.750
   140:        0.710        2.500        0.860        3.290        0.880
   145:        0.690        0.890        0.720        0.920        0.720
   150:        1.100        0.650        0.590        0.850        0.560
   155:        0.500        0.000        0.610        0.650        0.590
   160:        0.780        0.790        0.600        0.590        0.590
   165:        0.610        0.640        0.590        0.700        0.560
   170:        0.580        0.670        0.750        0.730        0.750
   175:        0.730        0.560        0.630        1.300        0.820
   180:        0.660        0.640        0.000        0.600        0.930
   185:        0.630        0.780        0.000        0.520        0.830
   190:        0.810        0.730        0.000        0.000        0.590
   195:        0.780        0.000        0.000        0.000        0.620
   200:        0.830        0.630        0.600        0.600        0.660
   205:        0.740        0.650        0.840        1.320        0.670
   210:        0.620        0.990        0.620        0.810        0.960
   215:        0.630        0.830        0.000        0.000        0.870
   220:        0.800        0.650        3.820        0.670        0.690
   225:        0.550        2.520        0.600        0.000        1.910
   230:        0.560        0.000        0.000        2.400        0.000
   235:        0.000        0.000        2.560        0.000        0.000
   240:        0.000        0.000        0.000        0.000        2.750
   245:        0.000        0.000        0.000        0.000        0.000
   250:        1.880        0.000        0.000        1.000        0.000
   255:        0.000        3.040        0.000        0.000        0.000
   260:        0.000        0.000        0.000        0.000        0.000
   265:        0.000        0.000        0.000        0.000        0.000
   270:        0.000        0.000        0.880        0.000        0.850
   275:        0.000        0.000        0.000        0.000        0.000
   280:        0.000        0.000        0.000        0.000        0.000
   285:        0.000        0.000        0.000        0.000        0.000
   290:        0.000        0.000        0.000        0.000        0.000
   295:        0.000        0.000        0.000        0.000        2.150
   300:        0.000        0.000        0.000        0.000
E:
     0:        0.000       12.660       40.870       66.780       74.680
     5:       85.300      102.300      109.130      131.280      140.150
    10:      148.790      167.640      184.480      191.680      208.680
    15:      216.270      224.010      245.060      252.740      270.760
    20:      290.940      299.170      307.140      315.940      333.170
    25:      350.520      357.990      365.650      383.610      400.260
    30:      412.680      430.640      437.750        0.000        0.000
    35:        0.000      533.000      543.010      551.150      570.180
    40:      586.130      611.460      624.360      642.150      651.320
    45:      667.370      683.640      692.630      702.590      725.340
    50:      743.630      751.640      762.330      787.780      807.600
    55:      819.490      827.820      835.700      844.820      876.340
    60:        0.000      922.720      938.790      955.430      963.430
    65:      970.760      979.750      989.060     1006.930     1024.910
    70:     1044.120     1052.640     1060.270     1077.100     1084.440
    75:     1091.820     1112.840     1129.300     1146.940     1164.540
    80:     1171.930     1179.940     1198.290     1205.270     1224.110
    85:     1232.450     1250.210     1257.220     1276.720     1287.380
    90:     1305.560     1313.050     1329.610     1337.940     1346.730
    95:     1365.290     1373.730     1393.870     1413.330     1430.540
   100:     1437.510     1445.180     1453.540     1462.100     1481.210
   105:     1505.870     1513.690     1521.880     1546.770     1566.780
   110:     1576.150     1597.600     1614.760     1624.030     1641.700
   115:     1661.730     1668.270     1676.510     1685.520     1701.680
   120:     1710.020     1730.260     1750.740     1768.690     1776.430
   125:     1783.100     1793.980     1801.790        0.000     1857.020
   130:     1878.180     1897.150     1917.030     1925.120     1931.960
   135:     1951.630     1969.880     1978.830     1986.570     1996.910
   140:     2011.360     2030.930     2050.660     2071.410     2090.760
   145:     2099.740     2107.920     2126.340     2133.210     2143.760
   150:     2163.000     2179.860     2190.010     2197.830     2215.210
   155:     2222.440        0.000     2264.060     2284.020     2302.600
   160:     2331.970     2339.440     2364.270     2392.790     2417.300
   165:     2446.240     2452.870     2460.660     2472.630     2491.710
   170:     2517.590     2528.700     2544.940     2562.310     2569.870
   175:     2589.720     2604.080     2611.360     2632.210     2658.910
   180:     2665.900     2672.720        0.000     2718.930     2737.260
   185:     2756.910     2768.220        0.000     2801.360     2822.280
   190:     2843.040     2852.820        0.000        0.000     2932.280
   195:     2944.820        0.000        0.000        0.000     3034.840
   200:     3056.790     3065.680     3089.750     3097.280     3123.460
   205:     3142.340     3152.490     3169.300     3187.420     3204.950
   210:     3216.700     3234.030     3244.980     3263.890     3271.000
   215:     3297.280     3305.190        0.000        0.000     3378.240
   220:     3389.270     3396.740     3421.470     3447.900     3468.020
   225:     3484.930     3510.210     3522.780        0.000     3581.510
   230:     3604.710        0.000        0.000     3670.660        0.000
   235:        0.000        0.000     3766.180        0.000        0.000
   240:        0.000        0.000        0.000        0.000     3937.970
   245:        0.000        0.000        0.000        0.000        0.000
   250:     4081.980        0.000        0.000     4143.730        0.000
   255:        0.000     4220.000        0.000        0.000        0.000
   260:        0.000        0.000        0.000        0.000        0.000
   265:        0.000        0.000        0.000        0.000        0.000
   270:        0.000        0.000     4607.530        0.000     4653.270
   275:        0.000        0.000        0.000        0.000        0.000
   280:        0.000        0.000        0.000        0.000        0.000
   285:        0.000        0.000        0.000        0.000        0.000
   290:        0.000        0.000        0.000        0.000        0.000
   295:        0.000        0.000        0.000        0.000     5263.750
   300:        0.000        0.000        0.000        0.000
F:
     0:        0.000        3.000        1.000        2.000        4.000
     5:        3.000        4.000        1.000        2.000        4.000
    10:        1.000        3.000        2.000        3.000        4.000
    15:        2.000        1.000        4.000        3.000        1.000
    20:        2.000        4.000        2.000        3.000        1.000
    25:        2.000        4.000        1.000        3.000        2.000
    30:        3.000        4.000        1.000        0.000        0.000
    35:        0.000        2.000        4.000        3.000        1.000
    40:        3.000        2.000        1.000        4.000        3.000
    45:        1.000        2.000        4.000        3.000        1.000
    50:        2.000        4.000        3.000        1.000        2.000
    55:        4.000        4.000        2.000        3.000        1.000
    60:        0.000        3.000        1.000        2.000        4.000
    65:        4.000        2.000        3.000        1.000        1.000
    70:        4.000        2.000        3.000        4.000        2.000
    75:        1.000        3.000        3.000        1.000        2.000
    80:        4.000        3.000        2.000        1.000        4.000
    85:        1.000        4.000        3.000        2.000        1.000
    90:        2.000        3.000        4.000        4.000        1.000
    95:        2.000        3.000        1.000        3.000        4.000
   100:        2.000        2.000        4.000        3.000        1.000
   105:        2.000        4.000        1.000        3.000        4.000
   110:        1.000        2.000        3.000        1.000        2.000
   115:        3.000        4.000        3.000        2.000        4.000
   120:        1.000        2.000        1.000        3.000        4.000
   125:        3.000        4.000        1.000        0.000        2.000
   130:        1.000        2.000        4.000        3.000        1.000
   135:        2.000        4.000        3.000        3.000        4.000
   140:        2.000        1.000        2.000        1.000        4.000
   145:        3.000        2.000        3.000        4.000        1.000
   150:        1.000        3.000        4.000        2.000        3.000
   155:        4.000        0.000        2.000        1.000        1.000
   160:        4.000        3.000        2.000        2.000        1.000
   165:        3.000        4.000        3.000        1.000        2.000
   170:        4.000        3.000        2.000        4.000        1.000
   175:        4.000        3.000        1.000        2.000        4.000
   180:        3.000        2.000        0.000        1.000        2.000
   185:        3.000        4.000        0.000        1.000        1.000
   190:        4.000        2.000        0.000        0.000        3.000
   195:        3.000        0.000        0.000        0.000        1.000
   200:        4.000        2.000        4.000        2.000        1.000
   205:        3.000        2.000        1.000        3.000        4.000
   210:        2.000        4.000        1.000        3.000        2.000
   215:        4.000        1.000        0.000        0.000        3.000
   220:        4.000        1.000        3.000        2.000        2.000
   225:        3.000        4.000        1.000        0.000        1.000
   230:        4.000        0.000        0.000        2.000        0.000
   235:        0.000        0.000        3.000        0.000        0.000
   240:        0.000        0.000        0.000        0.000        2.000
   245:        0.000        0.000        0.000        0.000        0.000
   250:        3.000        0.000        0.000        1.000        0.000
   255:        0.000        4.000        0.000        0.000        0.000
   260:        0.000        0.000        0.000        0.000        0.000
   265:        0.000        0.000        0.000        0.000        0.000
   270:        0.000        0.000        2.000        0.000        4.000
   275:        0.000        0.000        0.000        0.000        0.000
   280:        0.000        0.000        0.000        0.000        0.000
   285:        0.000        0.000        0.000        0.000        0.000
   290:        0.000        0.000        0.000        0.000        0.000
   295:        0.000        0.000        0.000        0.000        1.000
   300:        0.000        0.000        0.000        0.000
G:
     0:      110.000        0.000      110.000
H:
     0:        0.000        2.000        2.000        1.000        1.000
     5:        2.000        1.000        2.000        1.000        1.000
    10:        2.000        2.000        1.000        2.000        1.000
    15:        1.000        2.000        1.000        2.000        2.000
    20:        1.000        1.000        1.000        2.000        2.000
    25:        1.000        1.000        2.000        2.000        1.000
    30:        2.000        1.000        2.000        0.000        0.000
    35:        0.000        1.000        1.000        2.000        2.000
    40:        2.000        1.000        2.000        1.000        2.000
    45:        2.000        1.000        1.000        2.000        2.000
    50:        1.000        1.000        2.000        2.000        1.000
    55:        1.000        1.000        1.000        2.000        2.000
    60:        0.000        2.000        4.000        3.000        3.000
    65:        3.000        3.000        4.000        4.000        4.000
    70:        3.000        3.000        4.000        3.000        3.000
    75:        4.000        4.000        4.000        4.000        3.000
    80:        3.000        4.000        3.000        4.000        3.000
    85:        4.000        3.000        4.000        3.000        4.000
    90:        3.000        4.000        3.000        3.000        4.000
    95:        3.000        4.000        4.000        4.000        3.000
   100:        3.000        3.000        3.000        4.000        4.000
   105:        3.000        3.000        4.000        4.000        3.000
   110:        4.000        6.000        5.000        6.000        6.000
   115:        5.000        5.000        5.000        6.000        5.000
   120:        6.000        6.000        6.000        5.000        5.000
   125:        5.000        5.000        6.000        0.000        6.000
   130:        6.000        6.000        5.000        5.000        6.000
   135:        6.000        5.000        5.000        5.000        5.000
   140:        6.000        6.000        6.000        6.000        5.000
   145:        7.000        8.000        7.000        7.000        8.000
   150:        8.000        7.000        7.000        8.000        7.000
   155:        7.000        0.000        8.000        8.000        8.000
   160:        7.000        7.000        8.000        8.000        8.000
   165:        7.000        7.000        7.000        8.000        8.000
   170:        7.000        7.000        8.000        7.000        8.000
   175:        7.000        7.000        8.000        8.000        7.000
   180:        7.000        8.000        0.000        8.000        8.000
   185:        7.000        7.000        0.000        8.000        8.000
   190:        7.000        8.000        0.000        0.000        7.000
   195:        7.000        0.000        0.000        0.000        8.000
   200:        7.000        8.000        7.000        8.000        8.000
   205:        7.000        8.000        8.000        7.000        7.000
   210:        8.000        7.000        8.000        7.000        8.000
   215:        7.000        8.000        0.000        0.000        7.000
   220:        7.000        8.000        7.000        8.000        8.000
   225:        7.000        7.000        8.000        0.000        8.000
   230:        7.000        0.000        0.000        8.000        0.000
   235:        0.000        0.000        8.000        0.000        0.000
   240:        0.000        0.000        0.000        0.000        8.000
   245:        0.000        0.000        0.000        0.000        0.000
   250:        7.000        0.000        0.000        8.000        0.000
   255:        0.000        7.000        0.000        0.000        0.000
   260:        0.000        0.000        0.000        0.000        0.000
   265:        0.000        0.000        0.000        0.000        0.000
   270:        0.000        0.000        8.000        0.000        7.000
   275:        0.000        0.000        0.000        0.000        0.000
   280:        0.000        0.000        0.000        0.000        0.000
   285:        0.000        0.000        0.000        0.000        0.000
   290:        0.000        0.000        0.000        0.000        0.000
   295:        0.000        0.000        0.000        0.000        8.000
   300:        0.000        0.000        0.000        0.000
J:
     0:        0.000        1.000        1.000        0.000        0.000
     5:        1.000        0.000        1.000        0.000        0.000
    10:        1.000        1.000        0.000        1.000        0.000
    15:        0.000        1.000        0.000        1.000        1.000
    20:        0.000        0.000        0.000        1.000        1.000
    25:        0.000        0.000        1.000        1.000        0.000
    30:        1.000        0.000        1.000        0.000        0.000
    35:        0.000        0.000        0.000        1.000        1.000
    40:        1.000        0.000        1.000        0.000        1.000
    45:        1.000        0.000        0.000        1.000        1.000
    50:        0.000        0.000        1.000        1.000        0.000
    55:        0.000        0.000        0.000        1.000        1.000
    60:        0.000        1.000        1.000        0.000        0.000
    65:        0.000        0.000        1.000        1.000        1.000
    70:        0.000        0.000        1.000        0.000        0.000
    75:        1.000        1.000        1.000        1.000        0.000
    80:        0.000        1.000        0.000        1.000        0.000
    85:        1.000        0.000        1.000        0.000        1.000
    90:        0.000        1.000        0.000        0.000        1.000
    95:        0.000        1.000        1.000        1.000        0.000
   100:        0.000        0.000        0.000        1.000        1.000
   105:        0.000        0.000        1.000        1.000        0.000
   110:        1.000        2.000        0.000        2.000        2.000
   115:        0.000        0.000        0.000        2.000        0.000
   120:        2.000        2.000        2.000        0.000        0.000
   125:        0.000        0.000        2.000        0.000        2.000
   130:        2.000        2.000        0.000        0.000        2.000
   135:        2.000        0.000        0.000        0.000        0.000
   140:        2.000        2.000        2.000        2.000        0.000
   145:        0.000        2.000        0.000        0.000        2.000
   150:        2.000        0.000        0.000        2.000        0.000
   155:        0.000        0.000        2.000        2.000        2.000
   160:        0.000        0.000        2.000        2.000        2.000
   165:        0.000        0.000        0.000        2.000        2.000
   170:        0.000        0.000        2.000        0.000        2.000
   175:        0.000        0.000        2.000        2.000        0.000
   180:        0.000        2.000        0.000        2.000        2.000
   185:        0.000        0.000        0.000        2.000        2.000
   190:        0.000        2.000        0.000        0.000        0.000
   195:        0.000        0.000        0.000        0.000        2.000
   200:        0.000        2.000        0.000        2.000        2.000
   205:        0.000        2.000        2.000        0.000        0.000
   210:        2.000        0.000        2.000        0.000        2.000
   215:        0.000        2.000        0.000        0.000        0.000
   220:        0.000        2.000        0.000        2.000        2.000
   225:        0.000        0.000        2.000        0.000        2.000
   230:        0.000        0.000        0.000        2.000        0.000
   235:        0.000        0.000        0.000        0.000        0.000
   240:        0.000        0.000        0.000        0.000        2.000
   245:        0.000        0.000        0.000        0.000        0.000
   250:        0.000        0.000        0.000        2.000        0.000
   255:        0.000        0.000        0.000        0.000        0.000
   260:        0.000        0.000        0.000        0.000        0.000
   265:        0.000        0.000        0.000        0.000        0.000
   270:        0.000        0.000        2.000        0.000        0.000
   275:        0.000        0.000        0.000        0.000        0.000
   280:        0.000        0.000        0.000        0.000        0.000
   285:        0.000        0.000        0.000        0.000        0.000
   290:        0.000        0.000        0.000        0.000        0.000
   295:        0.000        0.000        0.000        0.000        2.000
   300:        0.000        0.000        0.000        0.000
K:
     0:        0.000        1.000        1.000        2.000        2.000
     5:        1.000        2.000        1.000        2.000        2.000
    10:        1.000        1.000        2.000        1.000        2.000
    15:        2.000        1.000        2.000        1.000        1.000
    20:        2.000        2.000        2.000        1.000        1.000
    25:        2.000        2.000        1.000        1.000        2.000
    30:        1.000        2.000        1.000        0.000        0.000
    35:        0.000        2.000        2.000        1.000        1.000
    40:        1.000        2.000        1.000        2.000        1.000
    45:        1.000        2.000        2.000        1.000        1.000
    50:        2.000        2.000        1.000        1.000        2.000
    55:        2.000        2.000        2.000        1.000        1.000
    60:        0.000        1.000        1.000        2.000        2.000
    65:        2.000        2.000        1.000        1.000        1.000
    70:        2.000        2.000        1.000        2.000        2.000
    75:        1.000        1.000        1.000        1.000        2.000
    80:        2.000        1.000        2.000        1.000        2.000
    85:        1.000        2.000        1.000        2.000        1.000
    90:        2.000        1.000        2.000        2.000        1.000
    95:        2.000        1.000        1.000        1.000        2.000
   100:        2.000        2.000        2.000        1.000        1.000
   105:        2.000        2.000        1.000        1.000        2.000
   110:        1.000        1.000        2.000        1.000        1.000
   115:        2.000        2.000        2.000        1.000        2.000
   120:        1.000        1.000        1.000        2.000        2.000
   125:        2.000        2.000        1.000        0.000        1.000
   130:        1.000        1.000        2.000        2.000        1.000
   135:        1.000        2.000        2.000        2.000        2.000
   140:        1.000        1.000        1.000        1.000        2.000
   145:        2.000        1.000        2.000        2.000        1.000
   150:        1.000        2.000        2.000        1.000        2.000
   155:        2.000        0.000        1.000        1.000        1.000
   160:        2.000        2.000        1.000        1.000        1.000
   165:        2.000        2.000        2.000        1.000        1.000
   170:        2.000        2.000        1.000        2.000        1.000
   175:        2.000        2.000        1.000        1.000        2.000
   180:        2.000        1.000        0.000        1.000        1.000
   185:        2.000        2.000        0.000        1.000        1.000
   190:        2.000        1.000        0.000        0.000        2.000
   195:        2.000        0.000        0.000        0.000        1.000
   200:        2.000        1.000        2.000        1.000        1.000
   205:        2.000        1.000        1.000        2.000        2.000
   210:        1.000        2.000        1.000        2.000        1.000
   215:        2.000        1.000        0.000        0.000        2.000
   220:        2.000        1.000        2.000        1.000        1.000
   225:        2.000        2.000        1.000        0.000        1.000
   230:        2.000        0.000        0.000        1.000        0.000
   235:        0.000        0.000        1.000        0.000        0.000
   240:        0.000        0.000        0.000        0.000        1.000
   245:        0.000        0.000        0.000        0.000        0.000
   250:        2.000        0.000        0.000        1.000        0.000
   255:        0.000        2.000        0.000        0.000        0.000
   260:        0.000        0.000        0.000        0.000        0.000
   265:        0.000        0.000        0.000        0.000        0.000
   270:        0.000        0.000        1.000        0.000        2.000
   275:        0.000        0.000        0.000        0.000        0.000
   280:        0.000        0.000        0.000        0.000        0.000
   285:        0.000        0.000        0.000        0.000        0.000
   290:        0.000        0.000        0.000        0.000        0.000
   295:        0.000        0.000        0.000        0.000        1.000
   300:        0.000        0.000        0.000        0.000
L:
     0:        0.000        2.000        1.000        1.000        2.000
     5:        2.000        2.000        1.000        1.000        2.000
    10:        1.000        2.000        1.000        2.000        2.000
    15:        1.000        1.000        2.000        2.000        1.000
    20:        1.000        2.000        1.000        2.000        1.000
    25:        1.000        2.000        1.000        2.000        1.000
    30:        2.000        2.000        1.000        0.000        0.000
    35:        0.000        1.000        2.000        2.000        1.000
    40:        2.000        1.000        1.000        2.000        2.000
    45:        1.000        1.000        2.000        2.000        1.000
    50:        1.000        2.000        2.000        1.000        1.000
    55:        2.000        2.000        1.000        2.000        1.000
    60:        0.000        2.000        3.000        3.000        6.000
    65:        6.000        3.000        6.000        3.000        3.000
    70:        6.000        3.000        6.000        6.000        3.000
    75:        3.000        6.000        6.000        3.000        3.000
    80:        6.000        6.000        3.000        3.000        6.000
    85:        3.000        6.000        6.000        3.000        3.000
    90:        3.000        6.000        6.000        6.000        3.000
    95:        3.000        6.000        3.000        6.000        6.000
   100:        3.000        3.000        6.000        6.000        3.000
   105:        3.000        6.000        3.000        6.000        6.000
   110:        3.000        5.000        4.000        5.000        5.000
   115:        4.000        4.000        4.000        5.000        4.000
   120:        5.000        5.000        5.000        4.000        4.000
   125:        4.000        4.000        5.000        0.000        5.000
   130:        5.000        5.000        4.000        4.000        5.000
   135:        5.000        4.000        4.000        4.000        4.000
   140:        5.000        5.000        5.000        5.000        4.000
   145:        2.000        5.000        2.000        2.000        5.000
   150:        5.000        2.000        2.000        5.000        2.000
   155:        2.000        0.000        5.000        5.000        5.000
   160:        2.000        2.000        5.000        5.000        5.000
   165:        2.000        2.000        2.000        5.000        5.000
   170:        2.000        2.000        5.000        2.000        5.000
   175:        2.000        2.000        5.000        5.000        2.000
   180:        2.000        5.000        0.000        5.000        5.000
   185:        2.000        2.000        0.000        5.000        5.000
   190:        2.000        5.000        0.000        0.000        2.000
   195:        2.000        0.000        0.000        0.000        5.000
   200:        2.000        5.000        2.000        5.000        5.000
   205:        2.000        5.000        5.000        2.000        2.000
   210:        5.000        2.000        5.000        2.000        5.000
   215:        2.000        5.000        0.000        0.000        2.000
   220:        2.000        5.000        2.000        5.000        5.000
   225:        2.000        2.000        5.000        0.000        5.000
   230:        2.000        0.000        0.000        5.000        0.000
   235:        0.000        0.000        2.000        0.000        0.000
   240:        0.000        0.000        0.000        0.000        5.000
   245:        0.000        0.000        0.000        0.000        0.000
   250:        2.000        0.000        0.000        5.000        0.000
   255:        0.000        2.000        0.000        0.000        0.000
   260:        0.000        0.000        0.000        0.000        0.000
   265:        0.000        0.000        0.000        0.000        0.000
   270:        0.000        0.000        5.000        0.000        2.000
   275:        0.000        0.000        0.000        0.000        0.000
   280:        0.000        0.000        0.000        0.000        0.000
   285:        0.000        0.000        0.000        0.000        0.000
   290:        0.000        0.000        0.000        0.000        0.000
   295:        0.000        0.000        0.000        0.000        5.000
   300:        0.000        0.000        0.000        0.000
O:
     0:        0.000        0.000        0.000        1.000        1.000
     5:        0.000        1.000        0.000        1.000        1.000
    10:        0.000        0.000        1.000        0.000        1.000
    15:        1.000        0.000        1.000        0.000        0.000
    20:        1.000        1.000        1.000        0.000        0.000
    25:        1.000        1.000        0.000        0.000        1.000
    30:        0.000        1.000        0.000        0.000        0.000
    35:        0.000        1.000        1.000        0.000        0.000
    40:        0.000        1.000        0.000        1.000        0.000
    45:        0.000        1.000        1.000        0.000        0.000
    50:        1.000        1.000        0.000        0.000        1.000
    55:        1.000        1.000        1.000        0.000        0.000
    60:        0.000        0.000        0.000        1.000        1.000
    65:        1.000        1.000        0.000        0.000        0.000
    70:        1.000        1.000        0.000        1.000        1.000
    75:        0.000        0.000        0.000        0.000        1.000
    80:        1.000        0.000        1.000        0.000        1.000
    85:        0.000        1.000        0.000        1.000        0.000
    90:        1.000        0.000        1.000        1.000        0.000
    95:        1.000        0.000        0.000        0.000        1.000
   100:        1.000        1.000        1.000        0.000        0.000
   105:        1.000        1.000        0.000        0.000        1.000
   110:        0.000        0.000        2.000        0.000        0.000
   115:        2.000        2.000        2.000        0.000        2.000
   120:        0.000        0.000        0.000        2.000        2.000
   125:        2.000        2.000        0.000        0.000        0.000
   130:        0.000        0.000        2.000        2.000        0.000
   135:        0.000        2.000        2.000        2.000        2.000
   140:        0.000        0.000        0.000        0.000        2.000
   145:        2.000        0.000        2.000        2.000        0.000
   150:        0.000        2.000        2.000        0.000        2.000
   155:        2.000        0.000        0.000        0.000        0.000
   160:        2.000        2.000        0.000        0.000        0.000
   165:        2.000        2.000        2.000        0.000        0.000
   170:        2.000        2.000        0.000        2.000        0.000
   175:        2.000        2.000        0.000        0.000        2.000
   180:        2.000        0.000        0.000        0.000        0.000
   185:        2.000        2.000        0.000        0.000        0.000
   190:        2.000        0.000        0.000        0.000        2.000
   195:        2.000        0.000        0.000        0.000        0.000
   200:        2.000        0.000        2.000        0.000        0.000
   205:        2.000        0.000        0.000        2.000        2.000
   210:        0.000        2.000        0.000        2.000        0.000
   215:        2.000        0.000        0.000        0.000        2.000
   220:        2.000        0.000        2.000        0.000        0.000
   225:        2.000        2.000        0.000        0.000        0.000
   230:        2.000        0.000        0.000        0.000        0.000
   235:        0.000        0.000        2.000        0.000        0.000
   240:        0.000        0.000        0.000        0.000        0.000
   245:        0.000        0.000        0.000        0.000        0.000
   250:        2.000        0.000        0.000        0.000        0.000
   255:        0.000        2.000        0.000        0.000        0.000
   260:        0.000        0.000        0.000        0.000        0.000
   265:        0.000        0.000        0.000        0.000        0.000
   270:        0.000        0.000        0.000        0.000        2.000
   275:        0.000        0.000        0.000        0.000        0.000
   280:        0.000        0.000        0.000        0.000        0.000
   285:        0.000        0.000        0.000        0.000        0.000
   290:        0.000        0.000        0.000        0.000        0.000
   295:        0.000        0.000        0.000        0.000        0.000
   300:        0.000        0.000        0.000        0.000
P:
     0:       84.000
Q:
     0:        9.000      223.000      216.000
S:
     0:        0.000        5.000        5.000        4.000        4.000
     5:        5.000        4.000        5.000        4.000        4.000
    10:        5.000        5.000        4.000        5.000        4.000
    15:        4.000        5.000        4.000        5.000        5.000
    20:        4.000        4.000        4.000        5.000        5.000
    25:        4.000        4.000        5.000        5.000        4.000
    30:        5.000        4.000        5.000        0.000        0.000
    35:        0.000        4.000        4.000        5.000        5.000
    40:        5.000        4.000        5.000        4.000        5.000
    45:        5.000        4.000        4.000        5.000        5.000
    50:        4.000        4.000        5.000        5.000        4.000
    55:        4.000        4.000        4.000        5.000        5.000
    60:        0.000        5.000        3.000        6.000        6.000
    65:        6.000        6.000        3.000        3.000        3.000
    70:        6.000        6.000        3.000        6.000        6.000
    75:        3.000        3.000        3.000        3.000        6.000
    80:        6.000        3.000        6.000        3.000        6.000
    85:        3.000        6.000        3.000        6.000        3.000
    90:        6.000        3.000        6.000        6.000        3.000
    95:        6.000        3.000        3.000        3.000        6.000
   100:        6.000        6.000        6.000        3.000        3.000
   105:        6.000        6.000        3.000        3.000        6.000
   110:        3.000        2.000        1.000        1.000        2.000
   115:        1.000        2.000        1.000        2.000        2.000
   120:        1.000        2.000        1.000        1.000        2.000
   125:        1.000        2.000        1.000        0.000        2.000
   130:        1.000        2.000        2.000        1.000        1.000
   135:        2.000        2.000        1.000        1.000        2.000
   140:        2.000        1.000        2.000        1.000        2.000
   145:        5.000        6.000        5.000        6.000        5.000
   150:        5.000        5.000        6.000        6.000        5.000
   155:        6.000        0.000        6.000        5.000        5.000
   160:        6.000        5.000        6.000        6.000        5.000
   165:        5.000        6.000        5.000        5.000        6.000
   170:        6.000        5.000        6.000        6.000        5.000
   175:        6.000        5.000        5.000        6.000        6.000
   180:        5.000        6.000        0.000        5.000        6.000
   185:        5.000        6.000        0.000        5.000        5.000
   190:        6.000        6.000        0.000        0.000        5.000
   195:        5.000        0.000        0.000        0.000        5.000
   200:        6.000        6.000        6.000        6.000        5.000
   205:        5.000        6.000        5.000        5.000        6.000
   210:        6.000        6.000        5.000        5.000        6.000
   215:        6.000        5.000        0.000        0.000        5.000
   220:        6.000        5.000        5.000        6.000        6.000
   225:        5.000        6.000        5.000        0.000        5.000
   230:        6.000        0.000        0.000        6.000        0.000
   235:        0.000        0.000        5.000        0.000        0.000
   240:        0.000        0.000        0.000        0.000        6.000
   245:        0.000        0.000        0.000        0.000        0.000
   250:        5.000        0.000        0.000        5.000        0.000
   255:        0.000        6.000        0.000        0.000        0.000
   260:        0.000        0.000        0.000        0.000        0.000
   265:        0.000        0.000        0.000        0.000        0.000
   270:        0.000        0.000        6.000        0.000        6.000
   275:        0.000        0.000        0.000        0.000        0.000
   280:        0.000        0.000        0.000        0.000        0.000
   285:        0.000        0.000        0.000        0.000        0.000
   290:        0.000        0.000        0.000        0.000        0.000
   295:        0.000        0.000        0.000        0.000        5.000
   300:        0.000        0.000        0.000        0.000
U:
     0:        9.000       11.000       13.000
W:
     0:      113.000      112.000        1.000
X:
     0:        4.000        6.000        8.000
Y:
     0:       10.000       12.000       14.000
Z:
     0:        1.000        2.000        3.000        4.000
