File: C:\MED-PC\Data\2023-07-27_09h12m_Subject 140.txt


Start Date: 07/27/23
End Date: 07/27/23
Subject: 140
Experiment: 0
Group: 0
Box: 5
Start Time: 09:12:56
End Time: 10:38:10
MSN: CF_SetShifting
I:      62.000
N:       5.000
R:       2.000
T:    4500.000
U:       0.000
V:       2.000
A:
     0:        6.000       14.000        4.000        9.000
B:
     0:        0.000        0.000        0.000        0.000        0.000
     5:        0.000        0.000        0.000        0.000        0.000
    10:        0.000        0.000        0.000        0.000        0.000
    15:        0.000        0.000        0.000        0.000        0.000
    20:        0.000        0.000        0.000        0.000        0.000
    25:        0.000        0.000        0.000        0.000        0.000
    30:        0.000        0.000        0.000        0.000        0.000
    35:        0.000        0.000        0.000        0.000        0.000
    40:        0.000        0.000        0.000        0.000        0.000
    45:        0.000        0.000        0.000        0.000        0.000
    50:        0.000        0.000        0.000        0.000        0.000
    55:        0.000        0.000        0.000        0.000        0.000
    60:        0.000        0.000
C:
     0:        0.000        0.000        0.000        0.000       95.780
     5:      119.210        0.000      166.090      190.980      199.890
    10:      225.500      244.910      260.940      269.290      277.760
    15:      291.650      317.820      340.770      364.930        0.000
    20:      406.750      428.550      436.590      445.730      471.000
    25:      478.580      489.890      513.340      533.300      549.810
    30:      568.490      577.650      586.110      596.540      608.010
    35:      614.960      631.190      640.370      659.960      671.570
    40:      680.820      699.030      706.320      715.790      723.670
    45:      741.590      759.860      777.930      786.390      803.790
    50:      811.600      828.120      846.780      866.470      885.640
    55:      892.920      901.410      911.460      923.890      933.370
    60:      949.520      957.360
D:
     0:        0.000        0.000        0.000        0.000        0.890
     5:        0.690        0.000        0.810        0.820        0.830
    10:        0.810        0.930        0.680        0.800        1.130
    15:        3.370        0.700        0.720        0.630        0.000
    20:        0.650        0.730        0.920        0.950        0.840
    25:        1.050        0.870        1.280        0.660        0.830
    30:        1.050        0.700        0.950        1.110        1.000
    35:        0.940        0.920        1.240        1.210        0.940
    40:        0.850        2.080        0.740        1.010        0.860
    45:        1.000        1.360        0.890        1.020        1.310
    50:        0.870        0.810        1.240        0.680        0.730
    55:        0.810        1.140        0.970        5.530        1.010
    60:        0.880        0.740
E:
     0:        0.000        0.000        0.000        0.000       94.890
     5:      118.520        0.000      165.280      190.160      199.060
    10:      224.690      243.980      260.260      268.490      276.630
    15:      288.280      317.120      340.050      364.300        0.000
    20:      406.100      427.820      435.670      444.780      470.160
    25:      477.530      489.020      512.060      532.640      548.980
    30:      567.440      576.950      585.160      595.430      607.010
    35:      614.020      630.270      639.130      658.750      670.630
    40:      679.970      696.950      705.580      714.780      722.810
    45:      740.590      758.500      777.040      785.370      802.480
    50:      810.730      827.310      845.540      865.790      884.910
    55:      892.110      900.270      910.490      918.360      932.360
    60:      948.640      956.620
F:
     0:        0.000        0.000        0.000        0.000        2.000
     5:        1.000        0.000        3.000        4.000        2.000
    10:        4.000        3.000        1.000        4.000        3.000
    15:        1.000        2.000        2.000        1.000        0.000
    20:        3.000        4.000        1.000        3.000        2.000
    25:        4.000        1.000        2.000        4.000        2.000
    30:        4.000        3.000        1.000        3.000        1.000
    35:        2.000        4.000        4.000        3.000        2.000
    40:        1.000        4.000        2.000        3.000        1.000
    45:        2.000        4.000        3.000        1.000        1.000
    50:        3.000        4.000        2.000        4.000        1.000
    55:        3.000        2.000        1.000        4.000        2.000
    60:        3.000        3.000
G:
     0:       34.000       14.000       20.000
H:
     0:        0.000        0.000        0.000        0.000        1.000
     5:        2.000        0.000        2.000        1.000        2.000
    10:        2.000        1.000        1.000        1.000        1.000
    15:        2.000        2.000        2.000        2.000        0.000
    20:        2.000        1.000        1.000        2.000        1.000
    25:        1.000        1.000        4.000        4.000        4.000
    30:        3.000        3.000        3.000        3.000        3.000
    35:        3.000        3.000        4.000        3.000        3.000
    40:        4.000        3.000        3.000        3.000        4.000
    45:        4.000        4.000        3.000        4.000        3.000
    50:        4.000        4.000        4.000        4.000        3.000
    55:        3.000        3.000        3.000        3.000        4.000
    60:        3.000        3.000
J:
     0:        0.000        0.000        0.000        0.000        0.000
     5:        1.000        0.000        1.000        0.000        0.000
    10:        0.000        1.000        1.000        0.000        1.000
    15:        1.000        0.000        0.000        1.000        0.000
    20:        1.000        0.000        1.000        1.000        0.000
    25:        0.000        1.000        1.000        1.000        1.000
    30:        1.000        0.000        0.000        0.000        0.000
    35:        1.000        1.000        1.000        0.000        1.000
    40:        0.000        1.000        1.000        0.000        0.000
    45:        1.000        1.000        0.000        0.000        0.000
    50:        0.000        1.000        1.000        1.000        0.000
    55:        0.000        1.000        0.000        1.000        1.000
    60:        0.000        0.000
K:
     0:        0.000        0.000        0.000        0.000        2.000
     5:        1.000        0.000        1.000        2.000        1.000
    10:        1.000        2.000        2.000        2.000        2.000
    15:        1.000        1.000        1.000        1.000        0.000
    20:        1.000        2.000        2.000        1.000        2.000
    25:        2.000        2.000        1.000        1.000        1.000
    30:        2.000        2.000        2.000        2.000        2.000
    35:        2.000        2.000        1.000        2.000        2.000
    40:        1.000        2.000        2.000        2.000        1.000
    45:        1.000        1.000        2.000        1.000        2.000
    50:        1.000        1.000        1.000        1.000        2.000
    55:        2.000        2.000        2.000        2.000        1.000
    60:        2.000        2.000
L:
     0:        0.000        0.000        0.000        0.000        1.000
     5:        1.000        0.000        5.000        5.000        1.000
    10:        5.000        5.000        1.000        5.000        5.000
    15:        1.000        1.000        1.000        1.000        0.000
    20:        5.000        5.000        1.000        5.000        1.000
    25:        5.000        1.000        3.000        6.000        3.000
    30:        6.000        6.000        3.000        6.000        3.000
    35:        3.000        6.000        6.000        6.000        3.000
    40:        3.000        6.000        3.000        6.000        3.000
    45:        3.000        6.000        6.000        3.000        3.000
    50:        6.000        6.000        3.000        6.000        3.000
    55:        6.000        3.000        3.000        6.000        3.000
    60:        6.000        6.000
M:
     0:        0.000        0.000        0.000
O:
     0:        0.000        0.000        0.000        0.000        1.000
     5:        0.000        0.000        0.000        1.000        1.000
    10:        1.000        0.000        0.000        1.000        0.000
    15:        0.000        1.000        1.000        0.000        0.000
    20:        0.000        1.000        0.000        0.000        1.000
    25:        1.000        0.000        0.000        0.000        0.000
    30:        0.000        1.000        1.000        1.000        1.000
    35:        0.000        0.000        0.000        1.000        0.000
    40:        1.000        0.000        0.000        1.000        1.000
    45:        0.000        0.000        1.000        1.000        1.000
    50:        1.000        0.000        0.000        0.000        1.000
    55:        1.000        0.000        1.000        0.000        0.000
    60:        1.000        1.000
P:
     0:       14.000       35.000       28.000        0.000        0.000
     5:        0.000        0.000        2.000        3.000        0.000
    10:        3.000        2.000        2.000        2.000        0.000
    15:        0.000        0.000        0.000        0.000        0.000
    20:        0.000        0.000        0.000        0.000        0.000
    25:        0.000        0.000        0.000        0.000        0.000
    30:        0.000        0.000        0.000        0.000        0.000
    35:        0.000        0.000        0.000        0.000        0.000
    40:        0.000        0.000        0.000        0.000        0.000
    45:        0.000        0.000        0.000        0.000        0.000
    50:        0.000        0.000        0.000        0.000        0.000
    55:        0.000        0.000        0.000        0.000        0.000
    60:        0.000        0.000
Q:
     0:        0.000        0.000        0.000
S:
     0:        0.000        0.000        0.000        0.000        2.000
     5:        3.000        0.000        3.000        2.000        2.000
    10:        2.000        3.000        3.000        2.000        3.000
    15:        3.000        2.000        2.000        3.000        0.000
    20:        3.000        2.000        3.000        3.000        2.000
    25:        2.000        3.000        5.000        5.000        5.000
    30:        5.000        4.000        4.000        4.000        4.000
    35:        5.000        5.000        5.000        4.000        5.000
    40:        4.000        5.000        5.000        4.000        4.000
    45:        5.000        5.000        4.000        4.000        4.000
    50:        4.000        5.000        5.000        5.000        4.000
    55:        4.000        5.000        4.000        5.000        5.000
    60:        4.000        4.000
W:
     0:       25.000       16.000        9.000
X:
     0:        3.000        4.000        5.000        6.000        7.000
     5:        8.000
Y:
     0:        9.000       10.000       11.000       12.000       13.000
     5:       14.000
Z:
     0:        1.000        2.000        3.000        4.000
