File: C:\MED-PC\Data\2023-07-20_10h02m_Subject 140.txt


Start Date: 07/20/23
End Date: 07/20/23
Subject: 140
Experiment: 0
Group: 0
Box: 5
Start Time: 10:02:15
End Time: 11:35:54
MSN: CF-SetShifting07132023
I:     314.000
N:      59.000
R:       1.000
T:    5400.000
U:       0.000
V:       1.000
A:
     0:        8.000       14.000        3.000       13.000
B:
     0:        0.000        0.000        0.000        0.000        1.000
     5:        0.000        0.000        2.000        2.000        2.000
    10:        1.000        1.000        2.000        0.000        0.000
    15:        0.000        0.000        0.000        2.000        2.000
    20:        2.000        2.000        1.000        2.000        1.000
    25:        2.000        1.000        1.000        2.000        1.000
    30:        2.000        2.000        1.000        1.000        2.000
    35:        1.000        1.000        2.000        2.000        1.000
    40:        2.000        1.000        2.000        2.000        1.000
    45:        1.000        1.000        2.000        1.000        2.000
    50:        1.000        2.000        1.000        1.000        1.000
    55:        1.000        2.000        1.000        1.000        1.000
    60:        2.000        2.000        2.000        2.000        2.000
    65:        2.000        2.000        1.000        2.000        1.000
    70:        1.000        0.000        1.000        1.000        2.000
    75:        2.000        1.000        1.000        1.000        2.000
    80:        2.000        2.000        2.000        1.000        1.000
    85:        2.000        1.000        1.000        1.000        2.000
    90:        1.000        2.000        1.000        2.000        2.000
    95:        2.000        2.000        1.000        1.000        1.000
   100:        1.000        2.000        1.000        0.000        2.000
   105:        2.000        1.000        2.000        1.000        2.000
   110:        1.000        1.000        2.000        2.000        2.000
   115:        1.000        1.000        2.000        1.000        2.000
   120:        1.000        1.000        2.000        2.000        1.000
   125:        2.000        1.000        2.000        1.000        2.000
   130:        2.000        1.000        1.000        2.000        0.000
   135:        1.000        1.000        2.000        2.000        0.000
   140:        1.000        2.000        2.000        1.000        2.000
   145:        2.000        2.000        1.000        0.000        0.000
   150:        0.000        0.000        0.000        0.000        0.000
   155:        0.000        0.000        0.000        0.000        0.000
   160:        0.000        0.000        0.000        0.000        0.000
   165:        0.000        0.000        0.000        0.000        0.000
   170:        0.000        0.000        0.000        0.000        0.000
   175:        0.000        0.000        0.000        0.000        0.000
   180:        0.000        0.000        0.000        0.000        0.000
   185:        0.000        0.000        0.000        0.000        0.000
   190:        0.000        0.000        0.000        0.000        0.000
   195:        0.000        0.000        0.000        0.000        0.000
   200:        0.000        0.000        0.000        0.000        0.000
   205:        0.000        0.000        0.000        0.000        0.000
   210:        0.000        0.000        0.000        0.000        0.000
   215:        0.000        0.000        0.000        0.000        0.000
   220:        0.000        0.000        0.000        0.000        0.000
   225:        0.000        0.000        0.000        0.000        0.000
   230:        0.000        0.000        0.000        0.000        0.000
   235:        0.000        0.000        0.000        0.000        0.000
   240:        0.000        0.000        0.000        0.000        0.000
   245:        0.000        0.000        0.000        0.000        0.000
   250:        0.000        0.000        0.000        0.000        0.000
   255:        0.000        0.000        0.000        0.000        0.000
   260:        0.000        0.000        0.000        0.000        0.000
   265:        0.000        0.000        0.000        0.000        0.000
   270:        0.000        0.000        0.000        0.000        0.000
   275:        0.000        0.000        0.000        0.000        0.000
   280:        0.000        0.000        0.000        0.000        0.000
   285:        0.000        0.000        0.000        0.000        0.000
   290:        0.000        0.000        0.000        0.000        0.000
   295:        0.000        0.000        0.000        0.000        0.000
   300:        0.000        0.000        0.000        0.000        0.000
   305:        0.000        0.000        0.000        0.000        0.000
   310:        0.000        0.000        0.000        0.000        0.000
   315:        0.000        0.000        0.000        0.000        0.000
   320:        0.000        0.000        0.000        0.000        0.000
   325:        0.000        0.000        0.000        0.000        0.000
   330:        0.000        0.000        0.000        0.000        0.000
   335:        0.000        0.000        0.000        0.000        0.000
   340:        0.000        0.000        0.000        0.000        0.000
   345:        0.000        0.000        0.000        0.000        0.000
   350:        0.000        0.000        0.000        0.000        0.000
   355:        0.000        0.000        0.000        0.000        0.000
   360:        0.000        0.000        0.000        0.000        0.000
   365:        0.000        0.000        0.000        0.000        0.000
   370:        0.000        0.000        0.000        0.000        0.000
   375:        0.000        0.000        0.000        0.000        0.000
   380:        0.000        0.000        0.000        0.000        0.000
   385:        0.000        0.000        0.000        0.000        0.000
   390:        0.000        0.000        0.000        0.000        0.000
   395:        0.000        0.000        0.000        0.000        0.000
   400:        0.000        0.000        0.000        0.000        0.000
   405:        0.000        0.000        0.000        0.000        0.000
   410:        0.000        0.000        0.000        0.000        0.000
   415:        0.000        0.000        0.000        0.000        0.000
   420:        0.000        0.000        0.000        0.000        0.000
   425:        0.000        0.000        0.000        0.000        0.000
   430:        0.000        0.000        0.000        0.000        0.000
   435:        0.000        0.000        0.000        0.000        0.000
   440:        0.000        0.000        0.000        0.000        0.000
   445:        0.000        0.000        0.000        0.000        0.000
   450:        0.000        0.000        0.000        0.000        0.000
   455:        0.000        0.000        0.000        0.000        0.000
   460:        0.000        0.000        0.000        0.000        0.000
   465:        0.000        0.000        0.000        0.000        0.000
   470:        0.000        0.000        0.000        0.000        0.000
   475:        0.000        0.000        0.000        0.000        0.000
   480:        0.000        0.000        0.000        0.000        0.000
   485:        0.000        0.000        0.000        0.000        0.000
   490:        0.000        0.000        0.000        0.000        0.000
   495:        0.000        0.000        0.000        0.000        0.000
   500:        0.000        0.000        0.000        0.000        0.000
   505:        0.000        0.000        0.000        0.000        0.000
   510:        0.000        0.000        0.000        0.000        0.000
   515:        0.000        0.000        0.000        0.000        0.000
   520:        0.000        0.000        0.000        0.000        0.000
   525:        0.000        0.000        0.000        0.000        0.000
   530:        0.000        0.000        0.000        0.000        0.000
   535:        0.000        0.000        0.000        0.000        0.000
   540:        0.000        0.000        0.000        0.000        0.000
   545:        0.000        0.000        0.000        0.000        0.000
   550:        0.000        0.000        0.000        0.000        0.000
   555:        0.000        0.000        0.000        0.000        0.000
   560:        0.000        0.000        0.000        0.000        0.000
   565:        0.000        0.000        0.000        0.000        0.000
   570:        0.000        0.000        0.000        0.000        0.000
   575:        0.000        0.000        0.000        0.000        0.000
   580:        0.000        0.000        0.000        0.000        0.000
   585:        0.000        0.000        0.000        0.000        0.000
   590:        0.000        0.000        0.000        0.000        0.000
   595:        0.000        0.000        0.000        0.000        0.000
   600:        0.000        0.000        0.000        0.000        0.000
   605:        0.000        0.000        0.000        0.000        0.000
   610:        0.000        0.000        0.000        0.000        0.000
   615:        0.000        0.000        0.000        0.000        0.000
   620:        0.000        0.000        0.000        0.000        0.000
   625:        0.000        0.000        0.000        0.000        0.000
   630:        0.000        0.000        0.000        0.000        0.000
   635:        0.000        0.000        0.000        0.000        0.000
   640:        0.000        0.000        0.000        0.000        0.000
   645:        0.000        0.000        0.000        0.000        0.000
   650:        0.000        0.000        0.000        0.000        0.000
   655:        0.000        0.000        0.000        0.000        0.000
   660:        0.000        0.000        0.000        0.000        0.000
   665:        0.000        0.000        0.000        0.000        0.000
   670:        0.000        0.000        0.000        0.000        0.000
   675:        0.000        0.000        0.000        0.000        0.000
   680:        0.000        0.000        0.000        0.000        0.000
   685:        0.000        0.000        0.000        0.000        0.000
   690:        0.000        0.000        0.000        0.000        0.000
   695:        0.000        0.000        0.000        0.000        0.000
   700:        0.000        0.000        0.000        0.000        0.000
   705:        0.000        0.000        0.000        0.000        0.000
   710:        0.000        0.000        0.000        0.000        0.000
   715:        0.000        0.000        0.000        0.000        0.000
   720:        0.000        0.000        0.000        0.000        0.000
   725:        0.000        0.000        0.000        0.000        0.000
   730:        0.000        0.000        0.000        0.000        0.000
   735:        0.000        0.000        0.000        0.000        0.000
   740:        0.000        0.000        0.000        0.000        0.000
   745:        0.000        0.000        0.000        0.000        0.000
   750:        0.000        0.000        0.000        0.000        0.000
   755:        0.000        0.000        0.000        0.000        0.000
   760:        0.000        0.000        0.000        0.000        0.000
   765:        0.000        0.000        0.000        0.000        0.000
   770:        0.000        0.000        0.000        0.000        0.000
   775:        0.000        0.000        0.000        0.000        0.000
   780:        0.000        0.000        0.000        0.000        0.000
   785:        0.000        0.000        0.000        0.000        0.000
   790:        0.000        0.000        0.000        0.000        0.000
   795:        0.000        0.000        0.000        0.000        0.000
   800:        0.000        0.000        0.000        0.000        0.000
   805:        0.000        0.000        0.000        0.000        0.000
   810:        0.000        0.000        0.000        0.000        0.000
   815:        0.000        0.000        0.000        0.000        0.000
   820:        0.000        0.000        0.000        0.000        0.000
   825:        0.000        0.000        0.000        0.000        0.000
   830:        0.000        0.000        0.000        0.000        0.000
   835:        0.000        0.000        0.000        0.000        0.000
   840:        0.000        0.000        0.000        0.000        0.000
   845:        0.000        0.000        0.000        0.000        0.000
   850:        0.000        0.000        0.000        0.000        0.000
   855:        0.000        0.000        0.000        0.000        0.000
   860:        0.000        0.000        0.000        0.000        0.000
   865:        0.000        0.000        0.000        0.000        0.000
   870:        0.000        0.000        0.000        0.000        0.000
   875:        0.000        0.000        0.000        0.000        0.000
   880:        0.000        0.000        0.000        0.000        0.000
   885:        0.000        0.000        0.000        0.000        0.000
   890:        0.000        0.000        0.000        0.000        0.000
   895:        0.000        0.000        0.000        0.000        0.000
   900:        0.000        0.000        0.000        0.000        0.000
   905:        0.000        0.000        0.000        0.000        0.000
   910:        0.000        0.000        0.000        0.000        0.000
   915:        0.000        0.000        0.000        0.000        0.000
   920:        0.000        0.000        0.000        0.000        0.000
   925:        0.000        0.000        0.000        0.000        0.000
   930:        0.000        0.000        0.000        0.000        0.000
   935:        0.000        0.000        0.000        0.000        0.000
   940:        0.000        0.000        0.000        0.000        0.000
   945:        0.000        0.000        0.000        0.000        0.000
   950:        0.000        0.000        0.000        0.000        0.000
   955:        0.000        0.000        0.000        0.000        0.000
   960:        0.000        0.000        0.000        0.000        0.000
   965:        0.000        0.000        0.000        0.000        0.000
   970:        0.000        0.000        0.000        0.000        0.000
   975:        0.000        0.000        0.000        0.000        0.000
   980:        0.000        0.000        0.000        0.000        0.000
   985:        0.000        0.000        0.000        0.000        0.000
   990:        0.000        0.000        0.000        0.000        0.000
   995:        0.000        0.000        0.000        0.000        0.000
C:
     0:        0.000        0.000        0.000        0.000       99.400
     5:        0.000        0.000      175.710      190.450      200.150
    10:      208.870      226.750      252.760        0.000        0.000
    15:        0.000        0.000        0.000      402.600      418.620
    20:      439.270      452.760      465.610      493.780      502.220
    25:      521.780      536.970      552.930      572.520      580.520
    30:      596.770      608.160      620.000      644.990      665.720
    35:      673.990      695.570      718.000      729.390      736.740
    40:      762.510      770.920      800.540      807.770      815.080
    45:      839.360      858.020      880.980      889.670      906.910
    50:      918.920      938.480      945.950      967.060      985.580
    55:     1003.800     1022.290     1029.890     1047.680     1065.920
    60:     1084.300     1094.570     1104.280     1116.100     1130.740
    65:     1140.890     1151.180     1161.940     1180.550     1189.360
    70:     1205.390        0.000     1247.400     1265.770     1284.030
    75:     1294.540     1304.960     1322.330     1340.370     1358.370
    80:     1368.060     1380.920     1388.430     1397.180     1418.800
    85:     1436.610     1449.700     1468.480     1488.620     1507.210
    90:     1515.240     1533.150     1546.270     1570.880     1579.620
    95:     1590.420     1598.230     1607.140     1628.010     1645.740
   100:     1664.780     1687.650     1695.800        0.000     1749.840
   105:     1762.690     1774.410     1800.810     1810.080     1828.090
   110:     1835.210     1854.910     1871.900     1884.730     1893.080
   115:     1903.700     1921.390     1940.280     1948.850     1964.990
   120:     1975.440     1992.700     2010.570     2019.080     2030.460
   125:     2048.980     2060.060     2077.390     2090.020     2108.340
   130:     2121.550     2130.740     2151.410     2168.670        0.000
   135:     2211.070     2229.790     2247.670     2255.210        0.000
   140:     2289.420     2309.460     2316.590     2332.150     2350.510
   145:     2358.670     2371.490     2382.130     2400.190     2413.030
   150:     2425.360     2435.570     2443.000     2465.040     2475.700
   155:     2495.370     2516.130     2537.440     2555.460     2564.030
   160:     2576.480     2586.500     2603.800     2630.020     2640.140
   165:     2657.340     2666.160     2674.480     2683.550     2704.070
   170:     2722.690     2732.530     2751.090     2768.490     2778.000
   175:     2787.380     2796.170        0.000     2838.770     2847.120
   180:     2864.470     2881.940     2912.840     2930.470     2948.670
   185:     2957.120     2974.330        0.000     3021.750     3033.240
   190:     3051.150     3059.700     3076.680     3086.030     3119.510
   195:     3137.060     3146.220     3159.210        0.000     3201.540
   200:     3211.260     3236.960     3246.300     3263.190     3280.660
   205:     3289.520     3300.930     3312.590     3321.910        0.000
   210:        0.000        0.000        0.000     3449.830     3467.010
   215:     3476.120     3493.480     3501.880        0.000     3544.090
   220:     3556.290     3573.870     3591.060     3611.570     3640.010
   225:     3658.670     3667.380     3685.060     3703.130     3720.580
   230:     3730.160     3747.880     3771.130     3787.970     3796.660
   235:     3813.810     3822.300     3839.300     3847.490     3864.630
   240:     3881.690        0.000        0.000        0.000        0.000
   245:        0.000     4036.610        0.000        0.000     4096.020
   250:     4107.400     4124.120        0.000     4158.450     4176.120
   255:     4186.360     4204.590     4219.540        0.000     4257.360
   260:     4278.160     4295.440     4305.060     4313.950        0.000
   265:     4347.350        0.000     4396.040     4409.760     4430.580
   270:     4443.190     4453.020     4479.790     4504.190     4513.680
   275:     4541.040     4554.910        0.000     4598.220     4617.890
   280:     4626.990        0.000     4677.440        0.000        0.000
   285:        0.000        0.000        0.000        0.000        0.000
   290:        0.000        0.000        0.000     4936.990        0.000
   295:     4971.610        0.000        0.000        0.000        0.000
   300:        0.000        0.000        0.000        0.000        0.000
   305:     5216.360     5233.790        0.000        0.000        0.000
   310:        0.000     5352.300        0.000     5394.920
D:
     0:        0.000        0.000        0.000        0.000        0.000
     5:        0.000        0.000        0.000        0.000        0.000
    10:        0.000        0.000        0.000        0.000        0.000
    15:        0.000        0.000        0.000        0.000        0.000
    20:        0.000        0.000        0.000        0.000        0.000
    25:        0.000        0.000        0.000        0.000        0.000
    30:        0.000        0.000        0.000        0.000        0.000
    35:        0.000        0.000        0.000        0.000        0.000
    40:        0.000        0.000        0.000        0.000        0.000
    45:        0.000        0.000        0.000        0.000        0.000
    50:        0.000        0.000        0.000        0.000        0.000
    55:        0.000        0.000        0.000        0.000        0.000
    60:        0.000        0.000        0.000        0.000        0.000
    65:        0.000        0.000        0.000        0.000        0.000
    70:        0.000        0.000        0.000        0.000        0.000
    75:        0.000        0.000        0.000        0.000        0.000
    80:        0.000        0.000        0.000        0.000        0.000
    85:        0.000        0.000        0.000        0.000        0.000
    90:        0.000        0.000        0.000        0.000        0.000
    95:        0.000        0.000        0.000        0.000        0.000
   100:        0.000        0.000        0.000        0.000        0.000
   105:        0.000        0.000        0.000        0.000        0.000
   110:        0.000        0.000        0.000        0.000        0.000
   115:        0.000        0.000        0.000        0.000        0.000
   120:        0.000        0.000        0.000        0.000        0.000
   125:        0.000        0.000        0.000        0.000        0.000
   130:        0.000        0.000        0.000        0.000        0.000
   135:        0.000        0.000        0.000        0.000        0.000
   140:        0.000        0.000        0.000        0.000        0.000
   145:        0.000        0.000        0.000        0.000        0.000
   150:        0.000        0.000        0.000        0.000        0.000
   155:        0.000        0.000        0.000        0.000        0.000
   160:        0.000        0.000        0.000        0.000        0.000
   165:        0.000        0.000        0.000        0.000        0.000
   170:        0.000        0.000        0.000        0.000        0.000
   175:        0.000        0.000        0.000        0.000        0.000
   180:        0.000        0.000        0.000        0.000        0.000
   185:        0.000        0.000        0.000        0.000        0.000
   190:        0.000        0.000        0.000        0.000        0.000
   195:        0.000        0.000        0.000        0.000        0.000
   200:        0.000        0.000        0.000        0.000        0.000
   205:        0.000        0.000        0.000        0.000        0.000
   210:        0.000        0.000        0.000        0.000        0.000
   215:        0.000        0.000        0.000        0.000        0.000
   220:        0.000        0.000        0.000        0.000        0.000
   225:        0.000        0.000        0.000        0.000        0.000
   230:        0.000        0.000        0.000        0.000        0.000
   235:        0.000        0.000        0.000        0.000        0.000
   240:        0.000        0.000        0.000        0.000        0.000
   245:        0.000        0.000        0.000        0.000        0.000
   250:        0.000        0.000        0.000        0.000        0.000
   255:        0.000        0.000        0.000        0.000        0.000
   260:        0.000        0.000        0.000        0.000        0.000
   265:        0.000        0.000        0.000        0.000        0.000
   270:        0.000        0.000        0.000        0.000        0.000
   275:        0.000        0.000        0.000        0.000        0.000
   280:        0.000        0.000        0.000        0.000        0.000
   285:        0.000        0.000        0.000        0.000        0.000
   290:        0.000        0.000        0.000        0.000        0.000
   295:        0.000        0.000        0.000        0.000        0.000
   300:        0.000        0.000        0.000        0.000        0.000
   305:        0.000        0.000        0.000        0.000        0.000
   310:        0.000        0.000        0.000        0.000
E:
     0:        0.000        0.000        0.000        0.000       98.620
     5:        0.000        0.000      175.100      189.600      199.170
    10:      208.240      226.140      252.090        0.000        0.000
    15:        0.000        0.000        0.000      402.000      417.810
    20:      438.460      452.050      464.900      492.970      501.330
    25:      521.020      535.990      552.000      571.860      579.730
    30:      595.610      607.320      619.190      644.130      664.660
    35:      673.130      694.710      716.010      728.170      735.770
    40:      761.470      769.990      799.060      806.800      814.170
    45:      837.950      857.300      880.190      888.600      905.630
    50:      918.190      937.150      945.020      965.540      984.760
    55:     1002.090     1021.180     1028.900     1046.890     1065.140
    60:     1083.640     1093.720     1103.420     1115.160     1129.790
    65:     1139.510     1150.320     1161.070     1179.490     1188.660
    70:     1204.490        0.000     1246.670     1265.050     1283.300
    75:     1293.820     1304.070     1321.610     1339.700     1357.590
    80:     1367.300     1379.700     1387.560     1396.290     1417.940
    85:     1435.400     1448.770     1467.460     1487.680     1506.290
    90:     1513.470     1532.090     1545.340     1570.120     1578.740
    95:     1589.720     1597.380     1606.190     1626.970     1644.980
   100:     1663.410     1686.850     1694.890        0.000     1749.020
   105:     1761.880     1773.680     1799.730     1808.730     1826.900
   110:     1834.400     1853.780     1870.970     1883.530     1892.290
   115:     1902.940     1920.160     1939.430     1948.040     1963.900
   120:     1974.690     1991.750     2009.840     2018.300     2029.750
   125:     2047.960     2059.110     2076.640     2089.340     2107.610
   130:     2120.830     2129.980     2150.680     2167.840        0.000
   135:     2210.040     2228.820     2246.890     2254.370        0.000
   140:     2288.330     2308.810     2315.720     2331.420     2349.870
   145:     2357.990     2370.640     2381.370     2399.350     2412.250
   150:     2424.540     2434.700     2442.070     2464.320     2474.940
   155:     2494.350     2515.340     2536.620     2554.820     2563.110
   160:     2575.710     2585.800     2603.020     2629.120     2639.130
   165:     2656.500     2665.390     2673.670     2682.560     2703.250
   170:     2722.020     2731.850     2750.450     2767.860     2777.180
   175:     2786.250     2795.360        0.000     2837.770     2846.390
   180:     2863.680     2881.070     2911.870     2929.700     2947.400
   185:     2956.460     2973.650     3001.550     3020.950     3032.580
   190:     3050.300     3058.950     3075.940     3085.280     3113.050
   195:     3136.220     3145.520     3158.460        0.000     3200.780
   200:     3210.570     3236.200     3245.630     3262.460     3279.900
   205:     3288.760     3300.150     3311.800     3320.850        0.000
   210:        0.000        0.000        0.000     3448.750     3466.300
   215:     3475.430     3492.770     3501.160        0.000     3543.350
   220:     3555.640     3573.210     3590.340     3610.890     3639.370
   225:     3657.660     3666.660     3684.440     3702.440     3719.900
   230:     3729.390     3746.770     3770.430     3787.290     3796.030
   235:     3813.010     3821.600     3838.590     3846.850     3863.950
   240:     3881.020        0.000        0.000        0.000        0.000
   245:        0.000     4035.810        0.000        0.000     4095.150
   250:     4106.580     4123.410        0.000     4157.750     4175.490
   255:     4185.720     4203.970     4218.890        0.000     4256.720
   260:     4277.490     4294.760     4304.290     4313.210        0.000
   265:     4346.680        0.000     4395.400     4409.150     4429.840
   270:     4442.430     4451.810     4479.020     4503.570     4513.040
   275:     4540.450     4554.210        0.000     4597.600     4617.050
   280:     4625.980        0.000     4676.710        0.000        0.000
   285:        0.000        0.000        0.000        0.000        0.000
   290:        0.000        0.000        0.000     4935.870        0.000
   295:     4969.700        0.000        0.000        0.000        0.000
   300:        0.000        0.000        0.000        0.000        0.000
   305:     5215.730     5232.850        0.000        0.000        0.000
   310:        0.000     5351.480        0.000     5394.060
F:
     0:        0.000        0.000        0.000        0.000        4.000
     5:        0.000        0.000        1.000        3.000        2.000
    10:        4.000        2.000        3.000        0.000        0.000
    15:        0.000        0.000        0.000        1.000        2.000
    20:        3.000        4.000        1.000        3.000        4.000
    25:        2.000        1.000        3.000        2.000        1.000
    30:        4.000        2.000        1.000        3.000        4.000
    35:        4.000        1.000        2.000        3.000        3.000
    40:        4.000        2.000        1.000        2.000        4.000
    45:        1.000        3.000        2.000        4.000        1.000
    50:        3.000        4.000        2.000        3.000        1.000
    55:        3.000        4.000        2.000        1.000        1.000
    60:        2.000        4.000        3.000        4.000        1.000
    65:        2.000        3.000        4.000        2.000        1.000
    70:        3.000        0.000        1.000        3.000        4.000
    75:        2.000        1.000        2.000        4.000        3.000
    80:        4.000        2.000        1.000        3.000        1.000
    85:        2.000        3.000        4.000        4.000        1.000
    90:        3.000        2.000        3.000        2.000        1.000
    95:        4.000        4.000        2.000        1.000        3.000
   100:        2.000        4.000        1.000        0.000        3.000
   105:        2.000        3.000        4.000        1.000        2.000
   110:        4.000        1.000        3.000        2.000        1.000
   115:        3.000        4.000        4.000        3.000        2.000
   120:        1.000        4.000        2.000        3.000        1.000
   125:        2.000        1.000        4.000        3.000        3.000
   130:        2.000        1.000        4.000        3.000        0.000
   135:        2.000        1.000        4.000        3.000        0.000
   140:        4.000        1.000        2.000        1.000        4.000
   145:        2.000        3.000        3.000        1.000        4.000
   150:        2.000        2.000        3.000        4.000        1.000
   155:        1.000        2.000        3.000        1.000        2.000
   160:        4.000        3.000        2.000        3.000        1.000
   165:        4.000        2.000        3.000        1.000        4.000
   170:        4.000        3.000        1.000        2.000        1.000
   175:        4.000        3.000        0.000        2.000        1.000
   180:        2.000        4.000        3.000        2.000        4.000
   185:        3.000        1.000        3.000        2.000        1.000
   190:        4.000        4.000        1.000        2.000        3.000
   195:        3.000        4.000        1.000        0.000        2.000
   200:        1.000        2.000        3.000        4.000        1.000
   205:        3.000        4.000        2.000        2.000        0.000
   210:        0.000        0.000        0.000        3.000        1.000
   215:        4.000        4.000        1.000        0.000        2.000
   220:        3.000        4.000        1.000        2.000        3.000
   225:        4.000        2.000        3.000        1.000        2.000
   230:        1.000        4.000        3.000        2.000        4.000
   235:        3.000        1.000        2.000        4.000        3.000
   240:        1.000        0.000        0.000        0.000        0.000
   245:        0.000        2.000        0.000        0.000        3.000
   250:        1.000        4.000        0.000        2.000        4.000
   255:        1.000        3.000        4.000        0.000        1.000
   260:        3.000        2.000        2.000        3.000        0.000
   265:        1.000        0.000        4.000        4.000        2.000
   270:        3.000        1.000        3.000        4.000        1.000
   275:        2.000        2.000        0.000        1.000        4.000
   280:        3.000        0.000        2.000        0.000        0.000
   285:        0.000        0.000        0.000        0.000        0.000
   290:        0.000        0.000        0.000        3.000        0.000
   295:        4.000        0.000        0.000        0.000        0.000
   300:        0.000        0.000        0.000        0.000        0.000
   305:        1.000        4.000        0.000        0.000        0.000
   310:        0.000        3.000        0.000        2.000
G:
     0:      133.000       87.000       46.000
H:
     0:        0.000        0.000        0.000        0.000        2.000
     5:        0.000        0.000        1.000        1.000        1.000
    10:        2.000        2.000        1.000        0.000        0.000
    15:        0.000        0.000        0.000        1.000        1.000
    20:        1.000        1.000        2.000        1.000        2.000
    25:        1.000        2.000        2.000        1.000        2.000
    30:        1.000        1.000        2.000        2.000        1.000
    35:        2.000        2.000        1.000        1.000        2.000
    40:        1.000        2.000        1.000        1.000        2.000
    45:        2.000        2.000        1.000        2.000        1.000
    50:        2.000        1.000        2.000        2.000        2.000
    55:        2.000        1.000        2.000        2.000        2.000
    60:        1.000        1.000        1.000        1.000        1.000
    65:        1.000        1.000        2.000        1.000        2.000
    70:        2.000        0.000        2.000        2.000        1.000
    75:        1.000        2.000        2.000        2.000        1.000
    80:        1.000        1.000        1.000        2.000        2.000
    85:        1.000        2.000        2.000        2.000        1.000
    90:        2.000        1.000        2.000        1.000        1.000
    95:        1.000        1.000        2.000        2.000        2.000
   100:        2.000        1.000        2.000        0.000        1.000
   105:        1.000        2.000        1.000        2.000        1.000
   110:        2.000        2.000        1.000        1.000        1.000
   115:        2.000        2.000        1.000        2.000        1.000
   120:        2.000        2.000        1.000        1.000        2.000
   125:        1.000        2.000        1.000        2.000        1.000
   130:        1.000        2.000        2.000        1.000        0.000
   135:        2.000        2.000        1.000        1.000        0.000
   140:        2.000        1.000        1.000        2.000        1.000
   145:        1.000        1.000        2.000        1.000        1.000
   150:        1.000        1.000        1.000        1.000        1.000
   155:        4.000        4.000        4.000        3.000        3.000
   160:        3.000        4.000        4.000        3.000        4.000
   165:        3.000        3.000        3.000        4.000        4.000
   170:        3.000        4.000        4.000        3.000        3.000
   175:        3.000        4.000        0.000        3.000        4.000
   180:        4.000        4.000        4.000        4.000        3.000
   185:        4.000        4.000        0.000        3.000        4.000
   190:        3.000        4.000        3.000        4.000        4.000
   195:        3.000        3.000        3.000        0.000        3.000
   200:        4.000        3.000        4.000        4.000        3.000
   205:        3.000        3.000        3.000        4.000        0.000
   210:        0.000        0.000        0.000        4.000        3.000
   215:        4.000        3.000        3.000        0.000        3.000
   220:        4.000        4.000        4.000        4.000        4.000
   225:        3.000        4.000        3.000        4.000        3.000
   230:        4.000        4.000        4.000        3.000        4.000
   235:        3.000        4.000        3.000        4.000        4.000
   240:        4.000        0.000        0.000        0.000        0.000
   245:        0.000        3.000        0.000        0.000        3.000
   250:        4.000        3.000        0.000        3.000        3.000
   255:        4.000        3.000        3.000        0.000        4.000
   260:        4.000        3.000        3.000        3.000        0.000
   265:        4.000        0.000        3.000        4.000        3.000
   270:        3.000        4.000        4.000        3.000        4.000
   275:        3.000        3.000        0.000        4.000        3.000
   280:        4.000        0.000        3.000        0.000        0.000
   285:        0.000        0.000        0.000        0.000        0.000
   290:        0.000        0.000        0.000        3.000        0.000
   295:        3.000        0.000        0.000        0.000        0.000
   300:        0.000        0.000        0.000        0.000        0.000
   305:        4.000        3.000        0.000        0.000        0.000
   310:        0.000        4.000        0.000        3.000
J:
     0:        0.000        0.000        0.000        0.000        1.000
     5:        0.000        0.000        0.000        0.000        1.000
    10:        1.000        1.000        0.000        0.000        0.000
    15:        0.000        0.000        0.000        0.000        1.000
    20:        0.000        1.000        0.000        0.000        1.000
    25:        1.000        0.000        0.000        1.000        0.000
    30:        1.000        1.000        0.000        0.000        1.000
    35:        1.000        0.000        1.000        0.000        0.000
    40:        1.000        1.000        0.000        1.000        1.000
    45:        0.000        0.000        1.000        1.000        0.000
    50:        0.000        1.000        1.000        0.000        0.000
    55:        0.000        1.000        1.000        0.000        0.000
    60:        1.000        1.000        0.000        1.000        0.000
    65:        1.000        0.000        1.000        1.000        0.000
    70:        0.000        0.000        0.000        0.000        1.000
    75:        1.000        0.000        1.000        1.000        0.000
    80:        1.000        1.000        0.000        0.000        0.000
    85:        1.000        0.000        1.000        1.000        0.000
    90:        0.000        1.000        0.000        1.000        0.000
    95:        1.000        1.000        1.000        0.000        0.000
   100:        1.000        1.000        0.000        0.000        0.000
   105:        1.000        0.000        1.000        0.000        1.000
   110:        1.000        0.000        0.000        1.000        0.000
   115:        0.000        1.000        1.000        0.000        1.000
   120:        0.000        1.000        1.000        0.000        0.000
   125:        1.000        0.000        1.000        0.000        0.000
   130:        1.000        0.000        1.000        0.000        0.000
   135:        1.000        0.000        1.000        0.000        0.000
   140:        1.000        0.000        1.000        0.000        1.000
   145:        1.000        0.000        0.000        0.000        1.000
   150:        1.000        1.000        0.000        1.000        0.000
   155:        1.000        1.000        0.000        0.000        1.000
   160:        1.000        0.000        1.000        0.000        0.000
   165:        1.000        1.000        0.000        0.000        1.000
   170:        1.000        0.000        0.000        1.000        0.000
   175:        1.000        0.000        0.000        1.000        0.000
   180:        1.000        1.000        0.000        1.000        1.000
   185:        0.000        0.000        0.000        1.000        0.000
   190:        1.000        1.000        0.000        1.000        0.000
   195:        0.000        1.000        0.000        0.000        1.000
   200:        0.000        1.000        0.000        1.000        0.000
   205:        0.000        1.000        1.000        1.000        0.000
   210:        0.000        0.000        0.000        0.000        0.000
   215:        1.000        1.000        0.000        0.000        1.000
   220:        0.000        1.000        0.000        1.000        0.000
   225:        1.000        1.000        0.000        0.000        1.000
   230:        0.000        1.000        0.000        1.000        1.000
   235:        0.000        0.000        1.000        1.000        0.000
   240:        0.000        0.000        0.000        0.000        0.000
   245:        0.000        1.000        0.000        0.000        0.000
   250:        0.000        1.000        0.000        1.000        1.000
   255:        0.000        0.000        1.000        0.000        0.000
   260:        0.000        1.000        1.000        0.000        0.000
   265:        0.000        0.000        1.000        1.000        1.000
   270:        0.000        0.000        0.000        1.000        0.000
   275:        1.000        1.000        0.000        0.000        1.000
   280:        0.000        0.000        1.000        0.000        0.000
   285:        0.000        0.000        0.000        0.000        0.000
   290:        0.000        0.000        0.000        0.000        0.000
   295:        1.000        0.000        0.000        0.000        0.000
   300:        0.000        0.000        0.000        0.000        0.000
   305:        0.000        1.000        0.000        0.000        0.000
   310:        0.000        0.000        0.000        1.000
K:
     0:        0.000        0.000        0.000        0.000        0.000
     5:        0.000        0.000        0.000        0.000        0.000
    10:        0.000        0.000        0.000        0.000        0.000
    15:        0.000        0.000        0.000        0.000        0.000
    20:        0.000        0.000        0.000        0.000        0.000
    25:        0.000        0.000        0.000        0.000        0.000
    30:        0.000        0.000        0.000        0.000        0.000
    35:        0.000        0.000        0.000        0.000        0.000
    40:        0.000        0.000        0.000        0.000        0.000
    45:        0.000        0.000        0.000        0.000        0.000
    50:        0.000        0.000        0.000        0.000        0.000
    55:        0.000        0.000        0.000        0.000        0.000
    60:        0.000        0.000        0.000        0.000        0.000
    65:        0.000        0.000        0.000        0.000        0.000
    70:        0.000        0.000        0.000        0.000        0.000
    75:        0.000        0.000        0.000        0.000        0.000
    80:        0.000        0.000        0.000        0.000        0.000
    85:        0.000        0.000        0.000        0.000        0.000
    90:        0.000        0.000        0.000        0.000        0.000
    95:        0.000        0.000        0.000        0.000        0.000
   100:        0.000        0.000        0.000        0.000        0.000
   105:        0.000        0.000        0.000        0.000        0.000
   110:        0.000        0.000        0.000        0.000        0.000
   115:        0.000        0.000        0.000        0.000        0.000
   120:        0.000        0.000        0.000        0.000        0.000
   125:        0.000        0.000        0.000        0.000        0.000
   130:        0.000        0.000        0.000        0.000        0.000
   135:        0.000        0.000        0.000        0.000        0.000
   140:        0.000        0.000        0.000        0.000        0.000
   145:        0.000        0.000        0.000        0.000        0.000
   150:        0.000        0.000        0.000        0.000        0.000
   155:        1.000        1.000        1.000        2.000        2.000
   160:        2.000        1.000        1.000        2.000        1.000
   165:        2.000        2.000        2.000        1.000        1.000
   170:        2.000        1.000        1.000        2.000        2.000
   175:        2.000        1.000        0.000        2.000        1.000
   180:        1.000        1.000        1.000        1.000        2.000
   185:        1.000        1.000        0.000        2.000        1.000
   190:        2.000        1.000        2.000        1.000        1.000
   195:        2.000        2.000        2.000        0.000        2.000
   200:        1.000        2.000        1.000        1.000        2.000
   205:        2.000        2.000        2.000        1.000        0.000
   210:        0.000        0.000        0.000        1.000        2.000
   215:        1.000        2.000        2.000        0.000        2.000
   220:        1.000        1.000        1.000        1.000        1.000
   225:        2.000        1.000        2.000        1.000        2.000
   230:        1.000        1.000        1.000        2.000        1.000
   235:        2.000        1.000        2.000        1.000        1.000
   240:        1.000        0.000        0.000        0.000        0.000
   245:        0.000        2.000        0.000        0.000        2.000
   250:        1.000        2.000        0.000        2.000        2.000
   255:        1.000        2.000        2.000        0.000        1.000
   260:        1.000        2.000        2.000        2.000        0.000
   265:        1.000        0.000        2.000        1.000        2.000
   270:        2.000        1.000        1.000        2.000        1.000
   275:        2.000        2.000        0.000        1.000        2.000
   280:        1.000        0.000        2.000        0.000        0.000
   285:        0.000        0.000        0.000        0.000        0.000
   290:        0.000        0.000        0.000        2.000        0.000
   295:        2.000        0.000        0.000        0.000        0.000
   300:        0.000        0.000        0.000        0.000        0.000
   305:        1.000        2.000        0.000        0.000        0.000
   310:        0.000        1.000        0.000        2.000
L:
     0:        0.000        0.000        0.000        0.000        2.000
     5:        0.000        0.000        5.000        2.000        5.000
    10:        2.000        5.000        2.000        0.000        0.000
    15:        0.000        0.000        0.000        5.000        5.000
    20:        2.000        2.000        5.000        2.000        2.000
    25:        5.000        5.000        2.000        5.000        5.000
    30:        2.000        5.000        5.000        2.000        2.000
    35:        2.000        5.000        5.000        2.000        2.000
    40:        2.000        5.000        5.000        5.000        2.000
    45:        5.000        2.000        5.000        2.000        5.000
    50:        2.000        2.000        5.000        2.000        5.000
    55:        2.000        2.000        5.000        5.000        5.000
    60:        5.000        2.000        2.000        2.000        5.000
    65:        5.000        2.000        2.000        5.000        5.000
    70:        2.000        0.000        5.000        2.000        2.000
    75:        5.000        5.000        5.000        2.000        2.000
    80:        2.000        5.000        5.000        2.000        5.000
    85:        5.000        2.000        2.000        2.000        5.000
    90:        2.000        5.000        2.000        5.000        5.000
    95:        2.000        2.000        5.000        5.000        2.000
   100:        5.000        2.000        5.000        0.000        2.000
   105:        5.000        2.000        2.000        5.000        5.000
   110:        2.000        5.000        2.000        5.000        5.000
   115:        2.000        2.000        2.000        2.000        5.000
   120:        5.000        2.000        5.000        2.000        5.000
   125:        5.000        5.000        2.000        2.000        2.000
   130:        5.000        5.000        2.000        2.000        0.000
   135:        5.000        5.000        2.000        2.000        0.000
   140:        2.000        5.000        5.000        5.000        2.000
   145:        5.000        2.000        2.000        5.000        2.000
   150:        5.000        5.000        2.000        2.000        5.000
   155:        6.000        6.000        1.000        6.000        6.000
   160:        1.000        1.000        6.000        1.000        6.000
   165:        1.000        6.000        1.000        6.000        1.000
   170:        1.000        1.000        6.000        6.000        6.000
   175:        1.000        1.000        0.000        6.000        6.000
   180:        6.000        1.000        1.000        6.000        1.000
   185:        1.000        6.000        1.000        6.000        6.000
   190:        1.000        1.000        6.000        6.000        1.000
   195:        1.000        1.000        6.000        0.000        6.000
   200:        6.000        6.000        1.000        1.000        6.000
   205:        1.000        1.000        6.000        6.000        0.000
   210:        0.000        0.000        0.000        1.000        6.000
   215:        1.000        1.000        6.000        0.000        6.000
   220:        1.000        1.000        6.000        6.000        1.000
   225:        1.000        6.000        1.000        6.000        6.000
   230:        6.000        1.000        1.000        6.000        1.000
   235:        1.000        6.000        6.000        1.000        1.000
   240:        6.000        0.000        0.000        0.000        0.000
   245:        0.000        6.000        0.000        0.000        1.000
   250:        6.000        1.000        0.000        6.000        1.000
   255:        6.000        1.000        1.000        0.000        6.000
   260:        1.000        6.000        6.000        1.000        0.000
   265:        6.000        0.000        1.000        1.000        6.000
   270:        1.000        6.000        1.000        1.000        6.000
   275:        6.000        6.000        0.000        6.000        1.000
   280:        1.000        0.000        6.000        0.000        0.000
   285:        0.000        0.000        0.000        0.000        0.000
   290:        0.000        0.000        0.000        1.000        0.000
   295:        1.000        0.000        0.000        0.000        0.000
   300:        0.000        0.000        0.000        0.000        0.000
   305:        6.000        1.000        0.000        0.000        0.000
   310:        0.000        1.000        0.000        6.000
M:
     0:        1.000        0.000        0.000
O:
     0:        0.000        0.000        0.000        0.000        0.000
     5:        0.000        0.000        1.000        1.000        0.000
    10:        0.000        0.000        1.000        0.000        0.000
    15:        0.000        0.000        0.000        1.000        0.000
    20:        1.000        0.000        1.000        1.000        0.000
    25:        0.000        1.000        1.000        0.000        1.000
    30:        0.000        0.000        1.000        1.000        0.000
    35:        0.000        1.000        0.000        1.000        1.000
    40:        0.000        0.000        1.000        0.000        0.000
    45:        1.000        1.000        0.000        0.000        1.000
    50:        1.000        0.000        0.000        1.000        1.000
    55:        1.000        0.000        0.000        1.000        1.000
    60:        0.000        0.000        1.000        0.000        1.000
    65:        0.000        1.000        0.000        0.000        1.000
    70:        1.000        0.000        1.000        1.000        0.000
    75:        0.000        1.000        0.000        0.000        1.000
    80:        0.000        0.000        1.000        1.000        1.000
    85:        0.000        1.000        0.000        0.000        1.000
    90:        1.000        0.000        1.000        0.000        1.000
    95:        0.000        0.000        0.000        1.000        1.000
   100:        0.000        0.000        1.000        0.000        1.000
   105:        0.000        1.000        0.000        1.000        0.000
   110:        0.000        1.000        1.000        0.000        1.000
   115:        1.000        0.000        0.000        1.000        0.000
   120:        1.000        0.000        0.000        1.000        1.000
   125:        0.000        1.000        0.000        1.000        1.000
   130:        0.000        1.000        0.000        1.000        0.000
   135:        0.000        1.000        0.000        1.000        0.000
   140:        0.000        1.000        0.000        1.000        0.000
   145:        0.000        1.000        1.000        1.000        0.000
   150:        0.000        0.000        1.000        0.000        1.000
   155:        1.000        0.000        1.000        1.000        0.000
   160:        0.000        1.000        0.000        1.000        1.000
   165:        0.000        0.000        1.000        1.000        0.000
   170:        0.000        1.000        1.000        0.000        1.000
   175:        0.000        1.000        0.000        0.000        1.000
   180:        0.000        0.000        1.000        0.000        0.000
   185:        1.000        1.000        1.000        0.000        1.000
   190:        0.000        0.000        1.000        0.000        1.000
   195:        1.000        0.000        1.000        0.000        0.000
   200:        1.000        0.000        1.000        0.000        1.000
   205:        1.000        0.000        0.000        0.000        0.000
   210:        0.000        0.000        0.000        1.000        1.000
   215:        0.000        0.000        1.000        0.000        0.000
   220:        1.000        0.000        1.000        0.000        1.000
   225:        0.000        0.000        1.000        1.000        0.000
   230:        1.000        0.000        1.000        0.000        0.000
   235:        1.000        1.000        0.000        0.000        1.000
   240:        1.000        0.000        0.000        0.000        0.000
   245:        0.000        0.000        0.000        0.000        1.000
   250:        1.000        0.000        0.000        0.000        0.000
   255:        1.000        1.000        0.000        0.000        1.000
   260:        1.000        0.000        0.000        1.000        0.000
   265:        1.000        0.000        0.000        0.000        0.000
   270:        1.000        1.000        1.000        0.000        1.000
   275:        0.000        0.000        0.000        1.000        0.000
   280:        1.000        0.000        0.000        0.000        0.000
   285:        0.000        0.000        0.000        0.000        0.000
   290:        0.000        0.000        0.000        1.000        0.000
   295:        0.000        0.000        0.000        0.000        0.000
   300:        0.000        0.000        0.000        0.000        0.000
   305:        1.000        0.000        0.000        0.000        0.000
   310:        0.000        1.000        0.000        0.000
P:
     0:        0.000        0.000        0.000
Q:
     0:        5.000      314.000      306.000
S:
     0:        0.000        0.000        0.000        0.000        3.000
     5:        0.000        0.000        2.000        2.000        3.000
    10:        3.000        3.000        2.000        0.000        0.000
    15:        0.000        0.000        0.000        2.000        3.000
    20:        2.000        3.000        2.000        2.000        3.000
    25:        3.000        2.000        2.000        3.000        2.000
    30:        3.000        3.000        2.000        2.000        3.000
    35:        3.000        2.000        3.000        2.000        2.000
    40:        3.000        3.000        2.000        3.000        3.000
    45:        2.000        2.000        3.000        3.000        2.000
    50:        2.000        3.000        3.000        2.000        2.000
    55:        2.000        3.000        3.000        2.000        2.000
    60:        3.000        3.000        2.000        3.000        2.000
    65:        3.000        2.000        3.000        3.000        2.000
    70:        2.000        0.000        2.000        2.000        3.000
    75:        3.000        2.000        3.000        3.000        2.000
    80:        3.000        3.000        2.000        2.000        2.000
    85:        3.000        2.000        3.000        3.000        2.000
    90:        2.000        3.000        2.000        3.000        2.000
    95:        3.000        3.000        3.000        2.000        2.000
   100:        3.000        3.000        2.000        0.000        2.000
   105:        3.000        2.000        3.000        2.000        3.000
   110:        3.000        2.000        2.000        3.000        2.000
   115:        2.000        3.000        3.000        2.000        3.000
   120:        2.000        3.000        3.000        2.000        2.000
   125:        3.000        2.000        3.000        2.000        2.000
   130:        3.000        2.000        3.000        2.000        0.000
   135:        3.000        2.000        3.000        2.000        0.000
   140:        3.000        2.000        3.000        2.000        3.000
   145:        3.000        2.000        2.000        2.000        3.000
   150:        3.000        3.000        2.000        3.000        2.000
   155:        6.000        5.000        6.000        6.000        5.000
   160:        5.000        6.000        5.000        6.000        6.000
   165:        5.000        5.000        6.000        6.000        5.000
   170:        5.000        6.000        6.000        5.000        6.000
   175:        5.000        6.000        0.000        5.000        6.000
   180:        5.000        5.000        6.000        5.000        5.000
   185:        6.000        6.000        6.000        5.000        6.000
   190:        5.000        5.000        6.000        5.000        6.000
   195:        6.000        5.000        6.000        0.000        5.000
   200:        6.000        5.000        6.000        5.000        6.000
   205:        6.000        5.000        5.000        5.000        0.000
   210:        0.000        0.000        0.000        6.000        6.000
   215:        5.000        5.000        6.000        0.000        5.000
   220:        6.000        5.000        6.000        5.000        6.000
   225:        5.000        5.000        6.000        6.000        5.000
   230:        6.000        5.000        6.000        5.000        5.000
   235:        6.000        6.000        5.000        5.000        6.000
   240:        6.000        0.000        0.000        0.000        0.000
   245:        0.000        5.000        0.000        0.000        6.000
   250:        6.000        5.000        0.000        5.000        5.000
   255:        6.000        6.000        5.000        0.000        6.000
   260:        6.000        5.000        5.000        6.000        0.000
   265:        6.000        0.000        5.000        5.000        5.000
   270:        6.000        6.000        6.000        5.000        6.000
   275:        5.000        5.000        0.000        6.000        5.000
   280:        6.000        0.000        5.000        0.000        0.000
   285:        0.000        0.000        0.000        0.000        0.000
   290:        0.000        0.000        0.000        6.000        0.000
   295:        5.000        0.000        0.000        0.000        0.000
   300:        0.000        0.000        0.000        0.000        0.000
   305:        6.000        5.000        0.000        0.000        0.000
   310:        0.000        6.000        0.000        5.000
W:
     0:      121.000       41.000       80.000
X:
     0:        3.000        4.000        5.000        6.000        7.000
     5:        8.000
Y:
     0:        9.000       10.000       11.000       12.000       13.000
     5:       14.000
Z:
     0:        1.000        2.000        3.000        4.000
